"year","doy","hour","zen","direct_n","diffuse","par","temp","rh","windspeed","pressure","zen_clean","direct_n_clean","diffuse_clean","par_clean","temp_clean","rh_clean","windspeed_clean","pressure_clean"
2016,1,0,162.599333333333,0.721666666666666,-0.396666666666666,0.2,-3.28333333333334,90.0416666666666,4.565,1000.14333333333,162.599333333333,0.721666666666666,-0.396666666666666,0.2,-3.28333333333334,90.0416666666666,4.565,1000.14333333333
2016,1,1,158.299333333333,1.16666666666667,-0.23,0.2,-3.44666666666667,90.3066666666667,4.23166666666667,999.826666666666,158.299333333333,1.16666666666667,-0.23,0.2,-3.44666666666667,90.3066666666667,4.23166666666667,999.826666666666
2016,1,2,149.0675,1.295,0.0583333333333333,0.2,-3.21666666666667,86.515,5.00333333333333,999.541666666667,149.0675,1.295,0.0583333333333333,0.2,-3.21666666666667,86.515,5.00333333333333,999.541666666667
2016,1,3,138.137333333333,1.01666666666667,0.015,0.2,-3.495,86.2133333333333,5.225,999.390000000001,138.137333333333,1.01666666666667,0.015,0.2,-3.495,86.2133333333333,5.225,999.390000000001
2016,1,4,126.7255,1.06666666666667,0.0483333333333333,0.2,-3.69166666666667,85.91,5.66,999.116666666666,126.7255,1.06666666666667,0.0483333333333333,0.2,-3.69166666666667,85.91,5.66,999.116666666666
2016,1,5,115.317,0.676666666666666,0.02,0.2,-4.05833333333333,83.22,6.19166666666667,998.998333333333,115.317,0.676666666666666,0.02,0.2,-4.05833333333333,83.22,6.19166666666667,998.998333333333
2016,1,6,104.198166666667,0.845,0.0233333333333333,0.2,-4.44166666666667,81.4733333333333,6.44,999.181666666667,104.198166666667,0.845,0.0233333333333333,0.2,-4.44166666666667,81.4733333333333,6.44,999.181666666667
2016,1,7,93.524,8.925,2.675,1.52,-4.81833333333333,83.0066666666667,5.03333333333333,999.336666666667,93.524,8.925,2.675,1.52,-4.81833333333333,83.0066666666667,5.03333333333333,999.336666666667
2016,1,8,83.7833333333333,9.24166666666667,22.8566666666667,11.2237288135593,-4.42666666666666,83.1283333333333,6.70833333333333,999.785000000001,83.7833333333333,9.24166666666667,22.8566666666667,11.2237288135593,-4.42666666666666,83.1283333333333,6.70833333333333,999.785000000001
2016,1,9,75.4576666666667,0.88,65.9383333333333,31.625,-4.26333333333334,79.2483333333333,7.63166666666667,1000.01833333333,75.4576666666667,0.88,65.9383333333333,31.625,-4.26333333333334,79.2483333333333,7.63166666666667,1000.01833333333
2016,1,10,68.8386666666667,24.5866666666667,179.138333333333,87.0333333333334,-3.81666666666667,76.595,7.575,1000.02333333333,68.8386666666667,24.5866666666667,179.138333333333,87.0333333333334,-3.81666666666667,76.595,7.575,1000.02333333333
2016,1,11,64.57,1.05166666666667,153.806666666667,73,-3.23833333333333,78.78,7.82333333333334,999.856666666667,64.57,1.05166666666667,153.806666666667,73,-3.23833333333333,78.78,7.82333333333334,999.856666666667
2016,1,12,63.151,0.453333333333333,113.42,55.2766666666667,-3.06333333333333,80.5516666666667,8.92166666666666,999.193333333333,63.151,0.453333333333333,113.42,55.2766666666667,-3.06333333333333,80.5516666666667,8.92166666666666,999.193333333333
2016,1,13,64.7726666666667,11.4366666666667,162.986666666667,79.0766666666667,-3.13,80.7333333333334,8.30666666666667,998.788333333333,64.7726666666667,11.4366666666667,162.986666666667,79.0766666666667,-3.13,80.7333333333334,8.30666666666667,998.788333333333
2016,1,14,69.2168333333333,255.945,170.55,114.511666666667,-2.41166666666667,78.11,8.75833333333333,998.576666666667,69.2168333333333,255.945,170.55,114.511666666667,-2.41166666666667,78.11,8.75833333333333,998.576666666667
2016,1,15,75.9718333333333,596.646666666667,77.9683333333333,96.3183333333333,-1.81833333333333,77.69,8.18,998.375000000001,75.9718333333333,596.646666666667,77.9683333333333,96.3183333333333,-1.81833333333333,77.69,8.18,998.375000000001
2016,1,16,84.379,392.386666666667,29.3666666666667,29.7533333333333,-1.49333333333333,79.2283333333333,6.85,998.136666666667,84.379,392.386666666667,29.3666666666667,29.7533333333333,-1.49333333333333,79.2283333333333,6.85,998.136666666667
2016,1,17,94.2363333333333,12.2633333333333,2.635,1.225,-1.54,82.2616666666667,5.065,997.62,94.2363333333333,12.2633333333333,2.635,1.225,-1.54,82.2616666666667,5.065,997.62
2016,1,18,104.929333333333,0.870000000000001,-0.393333333333333,0.178333333333333,-1.69166666666667,85.0283333333333,4.85,997.635,104.929333333333,0.870000000000001,-0.393333333333333,0.178333333333333,-1.69166666666667,85.0283333333333,4.85,997.635
2016,1,19,116.073833333333,1.165,-0.19,0.181666666666667,-1.64333333333333,86.53,5.30333333333333,997.41,116.073833333333,1.165,-0.19,0.181666666666667,-1.64333333333333,86.53,5.30333333333333,997.41
2016,1,20,127.491833333333,1.13833333333333,-0.0433333333333333,0.18,-1.18666666666667,86.6216666666667,6.785,996.813333333333,127.491833333333,1.13833333333333,-0.0433333333333333,0.18,-1.18666666666667,86.6216666666667,6.785,996.813333333333
2016,1,21,138.884166666667,0.801666666666666,-0.25,0.176666666666667,-0.678333333333333,84.7166666666667,6.965,997.038333333333,138.884166666667,0.801666666666666,-0.25,0.176666666666667,-0.678333333333333,84.7166666666667,6.965,997.038333333333
2016,1,22,149.740666666667,0.275,-0.393333333333333,0.1,-0.503333333333333,80.13,6.36,997.016666666668,149.740666666667,0.275,-0.393333333333333,0.1,-0.503333333333333,80.13,6.36,997.016666666668
2016,1,23,158.747166666667,0.508333333333333,-0.4,0.138333333333333,-1.07,81.475,6.36166666666667,996.684999999999,158.747166666667,0.508333333333333,-0.4,0.138333333333333,-1.07,81.475,6.36166666666667,996.684999999999
2016,2,0,162.520666666667,0.293333333333333,-0.395,0.16,-1.49333333333333,82.3233333333334,6.39333333333333,996.205,162.520666666667,0.293333333333333,-0.395,0.16,-1.49333333333333,82.3233333333334,6.39333333333333,996.205
2016,2,1,158.29,0.485,-0.398333333333333,0.171666666666667,-1.89166666666667,83.16,5.19666666666666,995.871666666668,158.29,0.485,-0.398333333333333,0.171666666666667,-1.89166666666667,83.16,5.19666666666666,995.871666666668
2016,2,2,149.094,1.61,0.0933333333333333,0.198333333333333,-1.36666666666667,78.77,5.46833333333333,995.813333333334,149.094,1.61,0.0933333333333333,0.198333333333333,-1.36666666666667,78.77,5.46833333333333,995.813333333334
2016,2,3,138.177,0.493333333333333,-0.0783333333333334,0.188333333333333,-1.715,80.7366666666667,5.82166666666667,995.800000000001,138.177,0.493333333333333,-0.0783333333333334,0.188333333333333,-1.715,80.7366666666667,5.82166666666667,995.800000000001
2016,2,4,126.769333333333,0.771666666666666,-0.035,0.198333333333333,-2.285,82.3283333333333,5.66833333333334,995.556666666667,126.769333333333,0.771666666666666,-0.035,0.198333333333333,-2.285,82.3283333333333,5.66833333333334,995.556666666667
2016,2,5,115.356666666667,0.906666666666667,-0.125,0.193333333333333,-3.11,85.5083333333333,4.30166666666667,995.390000000001,115.356666666667,0.906666666666667,-0.125,0.193333333333333,-3.11,85.5083333333333,4.30166666666667,995.390000000001
2016,2,6,104.2315,1.87,0.055,0.2,-3.535,84.7316666666667,4.07333333333334,995.501666666666,104.2315,1.87,0.055,0.2,-3.535,84.7316666666667,4.07333333333334,995.501666666666
2016,2,7,93.5466666666667,32.6416666666667,2.65333333333333,1.71333333333333,-3.83666666666667,83.755,3.37333333333333,995.973333333333,93.5466666666667,32.6416666666667,2.65333333333333,1.71333333333333,-3.83666666666667,83.755,3.37333333333333,995.973333333333
2016,2,8,83.7908333333333,523.44,26.5916666666667,37.4866666666667,-3.72833333333333,83.08,2.86,996.231666666667,83.7908333333333,523.44,26.5916666666667,37.4866666666667,-3.72833333333333,83.08,2.86,996.231666666667
2016,2,9,75.4465,786.175,44.9333333333333,104.543333333333,-2.575,80.5983333333333,4.34333333333333,996.291666666667,75.4465,786.175,44.9333333333333,104.543333333333,-2.575,80.5983333333333,4.34333333333333,996.291666666667
2016,2,10,68.805,886.61,53.6283333333333,162.015,-1.52833333333333,76.27,5.94333333333333,996.271666666668,68.805,886.61,53.6283333333333,162.015,-1.52833333333333,76.27,5.94333333333333,996.271666666668
2016,2,11,64.5103333333333,925.091666666666,59.0016666666667,198.173333333333,-0.618333333333334,73.56,6.17166666666667,996.006666666667,64.5103333333333,925.091666666666,59.0016666666667,198.173333333333,-0.618333333333334,73.56,6.17166666666667,996.006666666667
2016,2,12,63.0651666666667,928.183333333333,61.6416666666666,209.211666666667,0.146666666666667,72.3733333333333,6.33333333333333,995.081666666667,63.0651666666667,928.183333333333,61.6416666666666,209.211666666667,0.146666666666667,72.3733333333333,6.33333333333333,995.081666666667
2016,2,13,64.6645,912.155,60.075,194.786666666667,0.87,72.0466666666667,6.33,994.083333333333,64.6645,912.155,60.075,194.786666666667,0.87,72.0466666666667,6.33,994.083333333333
2016,2,14,69.0941666666667,866.7,53.4083333333333,156.071666666667,1.535,69.6966666666667,6.10166666666667,993.438333333334,69.0941666666667,866.7,53.4083333333333,156.071666666667,1.535,69.6966666666667,6.10166666666667,993.438333333334
2016,2,15,75.84,759.806666666667,43.6866666666667,98.1033333333333,1.95666666666667,69.9233333333333,5.685,993.205,75.84,759.806666666667,43.6866666666667,98.1033333333333,1.95666666666667,69.9233333333333,5.685,993.205
2016,2,16,84.2476666666667,472.863333333333,25.275,32.3716666666667,1.72833333333333,74.885,4.82333333333333,992.921666666668,84.2476666666667,472.863333333333,25.275,32.3716666666667,1.72833333333333,74.885,4.82333333333333,992.921666666668
2016,2,17,94.0896666666667,19.295,2.07333333333333,1.26833333333333,0.838333333333333,82.4016666666667,5.94833333333334,992.493333333334,94.0896666666667,19.295,2.07333333333333,1.26833333333333,0.838333333333333,82.4016666666667,5.94833333333334,992.493333333334
2016,2,18,104.7905,0.423333333333333,-0.391666666666666,0.0916666666666666,0.373333333333334,84.9666666666666,5.53166666666667,992.398333333334,104.7905,0.423333333333333,-0.391666666666666,0.0916666666666666,0.373333333333334,84.9666666666666,5.53166666666667,992.398333333334
2016,2,19,115.935,0.675,-0.4,0.0833333333333333,0.158333333333333,85.6883333333333,5.03166666666667,992.326666666667,115.935,0.675,-0.4,0.0833333333333333,0.158333333333333,85.6883333333333,5.03166666666667,992.326666666667
2016,2,20,127.353,0.641666666666667,-0.4,0.0966666666666666,-0.201666666666667,86.4816666666667,5.055,991.495,127.353,0.641666666666667,-0.4,0.0966666666666666,-0.201666666666667,86.4816666666667,5.055,991.495
2016,2,21,138.7445,0.803333333333334,-0.393333333333333,0.0916666666666666,-0.375,85.2766666666667,4.66833333333333,991.165,138.7445,0.803333333333334,-0.393333333333333,0.0916666666666666,-0.375,85.2766666666667,4.66833333333333,991.165
2016,2,22,149.601333333333,1.57666666666667,-0.0716666666666667,0.118333333333333,0.0766666666666667,79.4883333333333,4.82666666666667,991.209999999999,149.601333333333,1.57666666666667,-0.0716666666666667,0.118333333333333,0.0766666666666667,79.4883333333333,4.82666666666667,991.209999999999
2016,2,23,158.6155,0.526666666666667,-0.221666666666667,0.108333333333333,-0.00500000000000005,78.1166666666667,5.455,991.141666666666,158.6155,0.526666666666667,-0.221666666666667,0.108333333333333,-0.00500000000000005,78.1166666666667,5.455,991.141666666666
2016,3,0,162.434833333333,0.66,-0.321666666666667,0.105,-0.793333333333333,81.84,4.72,990.623333333333,162.434833333333,0.66,-0.321666666666667,0.105,-0.793333333333333,81.84,4.72,990.623333333333
2016,3,1,158.272833333333,1.22333333333333,0.13,0.116666666666667,-1.075,82.0466666666667,5.095,990.418333333334,158.272833333333,1.22333333333333,0.13,0.116666666666667,-1.075,82.0466666666667,5.095,990.418333333334
2016,3,2,149.115833333333,1.50333333333333,0.0449999999999999,0.108333333333333,-1.46333333333333,81.6766666666667,4.35,990.481666666666,149.115833333333,1.50333333333333,0.0449999999999999,0.108333333333333,-1.46333333333333,81.6766666666667,4.35,990.481666666666
2016,3,3,138.212833333333,1.705,0.351666666666667,0.151666666666667,-1.915,82.455,5.41333333333333,990.758333333333,138.212833333333,1.705,0.351666666666667,0.151666666666667,-1.915,82.455,5.41333333333333,990.758333333333
2016,3,4,126.807166666667,1.23666666666667,0.268333333333333,0.116666666666667,-2.56833333333333,83.8983333333333,5.59333333333333,990.978333333333,126.807166666667,1.23666666666667,0.268333333333333,0.116666666666667,-2.56833333333333,83.8983333333333,5.59333333333333,990.978333333333
2016,3,5,115.392833333333,1.2,0.248333333333333,0.11,-3.31166666666667,86.05,4.90333333333333,991.495,115.392833333333,1.2,0.248333333333333,0.11,-3.31166666666667,86.05,4.90333333333333,991.495
2016,3,6,104.260166666667,1.20833333333333,0.0766666666666667,0.138333333333333,-3.83833333333333,86.405,4.63833333333333,992.126666666667,104.260166666667,1.20833333333333,0.0766666666666667,0.138333333333333,-3.83833333333333,86.405,4.63833333333333,992.126666666667
2016,3,7,93.5636666666667,28.2183333333333,2.785,1.685,-4.38666666666667,86.1266666666667,3.84,992.703333333334,93.5636666666667,28.2183333333333,2.785,1.685,-4.38666666666667,86.1266666666667,3.84,992.703333333334
2016,3,8,83.7925,509.973333333333,27.5516666666667,37.1633333333333,-4.27666666666667,84.1566666666666,4.29333333333333,993.313333333333,83.7925,509.973333333333,27.5516666666667,37.1633333333333,-4.27666666666667,84.1566666666666,4.29333333333333,993.313333333333
2016,3,9,75.4293333333333,773.205,47.0183333333333,104.368333333333,-3.54666666666667,80.3833333333334,5.59166666666667,994.111666666667,75.4293333333333,773.205,47.0183333333333,104.368333333333,-3.54666666666667,80.3833333333334,5.59166666666667,994.111666666667
2016,3,10,68.7633333333333,871.821666666667,58.3716666666667,161.531666666667,-2.45333333333333,78.255,5.54666666666667,995.036666666667,68.7633333333333,871.821666666667,58.3716666666667,161.531666666667,-2.45333333333333,78.255,5.54666666666667,995.036666666667
2016,3,11,64.442,874.816666666667,78.91,197.263333333333,-1.5,76.705,5.78166666666667,995.413333333334,64.442,874.816666666667,78.91,197.263333333333,-1.5,76.705,5.78166666666667,995.413333333334
2016,3,12,62.9706666666667,586.911666666667,165.266666666667,188.348333333333,-0.63,75.6083333333333,5.2,995.113333333333,62.9706666666667,586.911666666667,165.266666666667,188.348333333333,-0.63,75.6083333333333,5.2,995.113333333333
2016,3,13,64.5491666666667,24.8916666666667,221.141666666667,106.203333333333,-0.393333333333333,76.2716666666667,6.04333333333333,994.935,64.5491666666667,24.8916666666667,221.141666666667,106.203333333333,-0.393333333333333,76.2716666666667,6.04333333333333,994.935
2016,3,14,68.9645,0.17,131.67,61.58,-0.503333333333333,78.5433333333333,6.65333333333333,995.14,68.9645,0.17,131.67,61.58,-0.503333333333333,78.5433333333333,6.65333333333333,995.14
2016,3,15,75.7035,0.121666666666667,53.1616666666666,25.4616666666667,-0.648333333333333,77.105,7.23333333333333,995.795,75.7035,0.121666666666667,53.1616666666666,25.4616666666667,-0.648333333333333,77.105,7.23333333333333,995.795
2016,3,16,84.1101666666667,0.106666666666667,15.93,7.75833333333333,-0.966666666666667,76.4916666666667,7.66833333333333,996.523333333333,84.1101666666667,0.106666666666667,15.93,7.75833333333333,-0.966666666666667,76.4916666666667,7.66833333333333,996.523333333333
2016,3,17,93.9395,0.933333333333334,0.563333333333334,0.506666666666667,-1.585,76.2666666666667,8.38166666666667,997.426666666667,93.9395,0.933333333333334,0.563333333333334,0.506666666666667,-1.585,76.2666666666667,8.38166666666667,997.426666666667
2016,3,18,104.6485,1.26166666666667,-0.4,0.103333333333333,-1.75,75.69,8.16833333333333,998.095,104.6485,1.26166666666667,-0.4,0.103333333333333,-1.75,75.69,8.16833333333333,998.095
2016,3,19,115.7935,1.68833333333333,-0.4,0.08,-1.7,76.5766666666667,6.45666666666667,998.693333333333,115.7935,1.68833333333333,-0.4,0.08,-1.7,76.5766666666667,6.45666666666667,998.693333333333
2016,3,20,127.211333333333,1.70166666666666,-0.373333333333333,0.085,-1.74,78.32,6.12333333333333,998.939999999999,127.211333333333,1.70166666666666,-0.373333333333333,0.085,-1.74,78.32,6.12333333333333,998.939999999999
2016,3,21,138.6025,1.51,-0.381666666666667,0.085,-1.90833333333333,81.1716666666667,6.29333333333333,999.053333333333,138.6025,1.51,-0.381666666666667,0.085,-1.90833333333333,81.1716666666667,6.29333333333333,999.053333333333
2016,3,22,149.457666666667,1.44833333333333,-0.39,0.0983333333333333,-1.98833333333333,77.4966666666667,7.11,999.403333333334,149.457666666667,1.44833333333333,-0.39,0.0983333333333333,-1.98833333333333,77.4966666666667,7.11,999.403333333334
2016,3,23,158.478166666667,1.29333333333333,-0.4,0.105,-2.18166666666667,76.02,6.66166666666667,999.653333333332,158.478166666667,1.29333333333333,-0.4,0.105,-2.18166666666667,76.02,6.66166666666667,999.653333333332
2016,4,0,162.340333333333,1.53,-0.395,0.0716666666666667,-2.45833333333333,78.7,6.44666666666667,999.703333333333,162.340333333333,1.53,-0.395,0.0716666666666667,-2.45833333333333,78.7,6.44666666666667,999.703333333333
2016,4,1,158.247666666667,1.60333333333333,-0.4,0.0783333333333333,-2.49666666666667,73.6066666666667,6.16166666666667,999.7,158.247666666667,1.60333333333333,-0.4,0.0783333333333333,-2.49666666666667,73.6066666666667,6.16166666666667,999.7
2016,4,2,149.129833333333,2.04666666666667,-0.396666666666666,0.0916666666666666,-2.395,70.6983333333333,5.58666666666667,999.996666666666,149.129833333333,2.04666666666667,-0.396666666666666,0.0916666666666666,-2.395,70.6983333333333,5.58666666666667,999.996666666666
2016,4,3,138.241833333333,1.265,-0.4,0.0899999999999999,-2.41833333333334,65.2783333333333,7.53333333333333,1000.58666666667,138.241833333333,1.265,-0.4,0.0899999999999999,-2.41833333333334,65.2783333333333,7.53333333333333,1000.58666666667
2016,4,4,126.8405,1.24833333333333,-0.368333333333333,0.07,-2.88333333333333,74.0466666666667,5.61166666666667,1001.00666666667,126.8405,1.24833333333333,-0.368333333333333,0.07,-2.88333333333333,74.0466666666667,5.61166666666667,1001.00666666667
2016,4,5,115.422666666667,0.806666666666667,-0.188333333333333,0.075,-4.02,82.575,4.61166666666667,1001.56666666667,115.422666666667,0.806666666666667,-0.188333333333333,0.075,-4.02,82.575,4.61166666666667,1001.56666666667
2016,4,6,104.282666666667,1.38,0.00666666666666667,0.138333333333333,-4.68333333333333,84.8,4.39333333333333,1002.18666666667,104.282666666667,1.38,0.00666666666666667,0.138333333333333,-4.68333333333333,84.8,4.39333333333333,1002.18666666667
2016,4,7,93.5743333333333,34.1583333333333,2.72166666666667,1.72333333333333,-5.055,85.0716666666667,4.37166666666667,1002.83833333333,93.5743333333333,34.1583333333333,2.72166666666667,1.72333333333333,-5.055,85.0716666666667,4.37166666666667,1002.83833333333
2016,4,8,83.788,551.828333333333,25.4683333333333,38.7216666666667,-4.52166666666666,82.9266666666667,4.99333333333333,1003.45166666667,83.788,551.828333333333,25.4683333333333,38.7216666666667,-4.52166666666666,82.9266666666667,4.99333333333333,1003.45166666667
2016,4,9,75.4048333333333,812.771666666667,42.3783333333333,106.601666666667,-3.25,77.735,6.445,1004.19166666667,75.4048333333333,812.771666666667,42.3783333333333,106.601666666667,-3.25,77.735,6.445,1004.19166666667
2016,4,10,68.7143333333333,907.505,50.8883333333333,163.813333333333,-1.87,71.7416666666667,7.08666666666667,1004.92333333333,68.7143333333333,907.505,50.8883333333333,163.813333333333,-1.87,71.7416666666667,7.08666666666667,1004.92333333333
2016,4,11,64.366,952.526666666667,54.8266666666667,200.946666666667,-1.16666666666667,64.8316666666667,7.00166666666667,1004.99,64.366,952.526666666667,54.8266666666667,200.946666666667,-1.16666666666667,64.8316666666667,7.00166666666667,1004.99
2016,4,12,62.8695,967.785,58.0083333333333,214.218333333333,-0.446666666666667,56.7516666666667,5.96833333333333,1004.38333333333,62.8695,967.785,58.0083333333333,214.218333333333,-0.446666666666667,56.7516666666667,5.96833333333333,1004.38333333333
2016,4,13,64.4273333333333,858.228333333333,96.52,201.483333333333,-0.163333333333333,51.8816666666667,5.33333333333333,1004.06666666667,64.4273333333333,858.228333333333,96.52,201.483333333333,-0.163333333333333,51.8816666666667,5.33333333333333,1004.06666666667
2016,4,14,68.8286666666667,564.093333333333,96.135,132.78,-0.161666666666667,55.4083333333333,3.96166666666667,1003.97833333333,68.8286666666667,564.093333333333,96.135,132.78,-0.161666666666667,55.4083333333333,3.96166666666667,1003.97833333333
2016,4,15,75.5603333333333,423.77,95.58,87.765,0.118333333333333,55.6366666666667,4.13166666666667,1004.49166666667,75.5603333333333,423.77,95.58,87.765,0.118333333333333,55.6366666666667,4.13166666666667,1004.49166666667
2016,4,16,83.9693333333333,7.725,33.87,15.6,-0.296666666666667,69.9433333333333,5.31833333333333,1005.415,83.9693333333333,7.725,33.87,15.6,-0.296666666666667,69.9433333333333,5.31833333333333,1005.415
2016,4,17,93.7856666666667,11.2866666666667,1.26333333333333,0.681355932203391,-0.661666666666667,74.2633333333333,5.42166666666667,1005.95666666667,93.7856666666667,11.2866666666667,1.26333333333333,0.681355932203391,-0.661666666666667,74.2633333333333,5.42166666666667,1005.95666666667
2016,4,18,104.502166666667,2.165,0.105,0.065,-0.87,72.1783333333333,4.71333333333333,1006.13833333333,104.502166666667,2.165,0.105,0.065,-0.87,72.1783333333333,4.71333333333333,1006.13833333333
2016,4,19,115.648666666667,1.92333333333333,0.181666666666667,0.101666666666667,-1.22833333333333,67.19,4.57166666666667,1006.51333333333,115.648666666667,1.92333333333333,0.181666666666667,0.101666666666667,-1.22833333333333,67.19,4.57166666666667,1006.51333333333
2016,4,20,127.066,1.98666666666667,0.378333333333333,0.103333333333333,-1.46666666666667,67.795,4.26666666666667,1006.92333333333,127.066,1.98666666666667,0.378333333333333,0.103333333333333,-1.46666666666667,67.795,4.26666666666667,1006.92333333333
2016,4,21,138.4555,1.43833333333333,0.2,0.103333333333333,-1.89833333333333,70.825,4.15666666666667,1007.22333333333,138.4555,1.43833333333333,0.2,0.103333333333333,-1.89833333333333,70.825,4.15666666666667,1007.22333333333
2016,4,22,149.310166666667,0.511666666666666,-0.393333333333333,0.12,-2.62333333333333,70.5916666666667,4.005,1007.16333333333,149.310166666667,0.511666666666666,-0.393333333333333,0.12,-2.62333333333333,70.5916666666667,4.005,1007.16333333333
2016,4,23,158.335166666667,0.804999999999999,-0.34,0.166666666666667,-3.54,74.54,3.82166666666667,1007.26,158.335166666667,0.804999999999999,-0.34,0.166666666666667,-3.54,74.54,3.82166666666667,1007.26
2016,5,0,162.2385,0.645,-0.4,0.141666666666667,-4.32833333333333,78.3683333333333,3.92,1007.06333333333,162.2385,0.645,-0.4,0.141666666666667,-4.32833333333333,78.3683333333333,3.92,1007.06333333333
2016,5,1,158.215166666667,1.04833333333333,-0.4,0.155,-4.985,82.5216666666666,3.46166666666667,1006.925,158.215166666667,1.04833333333333,-0.4,0.155,-4.985,82.5216666666666,3.46166666666667,1006.925
2016,5,2,149.138,1.2,-0.4,0.196666666666666,-5.36166666666667,84.19,3.44166666666667,1006.89,149.138,1.2,-0.4,0.196666666666666,-5.36166666666667,84.19,3.44166666666667,1006.89
2016,5,3,138.266166666667,0.825,-0.4,0.196666666666666,-5.71833333333333,86.6416666666667,3.68166666666667,1007.01166666667,138.266166666667,0.825,-0.4,0.196666666666666,-5.71833333333333,86.6416666666667,3.68166666666667,1007.01166666667
2016,5,4,126.867,1.04166666666667,-0.388333333333333,0.198333333333333,-6.04666666666667,88.895,3.43,1007.11333333333,126.867,1.04166666666667,-0.388333333333333,0.198333333333333,-6.04666666666667,88.895,3.43,1007.11333333333
2016,5,5,115.445666666667,1.23333333333333,-0.231666666666667,0.2,-5.93833333333333,89.6433333333333,3.44333333333334,1007.25,115.445666666667,1.23333333333333,-0.231666666666667,0.2,-5.93833333333333,89.6433333333333,3.44333333333334,1007.25
2016,5,6,104.298666666667,1.23833333333333,-0.0833333333333333,0.2,-6.02166666666667,90.7666666666667,3.41166666666667,1007.84666666667,104.298666666667,1.23833333333333,-0.0833333333333333,0.2,-6.02166666666667,90.7666666666667,3.41166666666667,1007.84666666667
2016,5,7,93.5786666666667,23.575,3.36833333333333,1.89833333333333,-5.99666666666667,91.9083333333333,4.22666666666667,1008.04,93.5786666666667,23.575,3.36833333333333,1.89833333333333,-5.99666666666667,91.9083333333333,4.22666666666667,1008.04
2016,5,8,83.7775,445.16,40.2266666666667,42.8883333333333,-4.975,90.4266666666666,4.98166666666667,1008.09166666667,83.7775,445.16,40.2266666666667,42.8883333333333,-4.975,90.4266666666666,4.98166666666667,1008.09166666667
2016,5,9,75.3731666666667,682.613333333333,79.4716666666667,109.67,-2.83,83.1433333333333,6.965,1008.165,75.3731666666667,682.613333333333,79.4716666666667,109.67,-2.83,83.1433333333333,6.965,1008.165
2016,5,10,68.6591666666667,711.398333333333,98.595,154.286666666667,-1.64666666666667,77.34,8.05666666666666,1008.13166666667,68.6591666666667,711.398333333333,98.595,154.286666666667,-1.64666666666667,77.34,8.05666666666666,1008.13166666667
2016,5,11,64.284,749.52,114.27,190.5,-0.648333333333333,73.525,7.305,1007.5,64.284,749.52,114.27,190.5,-0.648333333333333,73.525,7.305,1007.5
2016,5,12,62.761,780.351666666667,120.635,206.506666666667,0.143333333333333,69.3233333333334,6.92333333333333,1006.35333333333,62.761,780.351666666667,120.635,206.506666666667,0.143333333333333,69.3233333333334,6.92333333333333,1006.35333333333
2016,5,13,64.2993333333333,775.198333333333,108.543333333333,191.121666666667,0.716666666666666,65.535,6.11166666666667,1005.40166666667,64.2993333333333,775.198333333333,108.543333333333,191.121666666667,0.716666666666666,65.535,6.11166666666667,1005.40166666667
2016,5,14,68.6871666666667,647.85,109.236666666667,147.68,1.11666666666667,63.4583333333334,5.225,1004.59333333333,68.6871666666667,647.85,109.236666666667,147.68,1.11666666666667,63.4583333333334,5.225,1004.59333333333
2016,5,15,75.4128333333333,571.453333333333,73.64,91.7633333333333,1.195,61.3133333333333,5.12166666666667,1003.94666666667,75.4128333333333,571.453333333333,73.64,91.7633333333333,1.195,61.3133333333333,5.12166666666667,1003.94666666667
2016,5,16,83.8226666666667,368.426666666667,44.5583333333333,36.052,0.845,64.9966666666667,4.36666666666667,1003.545,83.8226666666667,368.426666666667,44.5583333333333,36.052,0.845,64.9966666666667,4.36666666666667,1003.545
2016,5,17,93.628,6.52666666666667,3.48,1.68,-0.176666666666667,73.3683333333333,3.88166666666667,1003.4,93.628,6.52666666666667,3.48,1.68,-0.176666666666667,73.3683333333333,3.88166666666667,1003.4
2016,5,18,104.352666666667,0.59,-0.393333333333333,0.0866666666666667,-1.15666666666667,78.575,3.835,1003.27666666667,104.352666666667,0.59,-0.393333333333333,0.0866666666666667,-1.15666666666667,78.575,3.835,1003.27666666667
2016,5,19,115.501166666667,1.17,-0.335,0.105,-1.53166666666667,79.8566666666667,3.92,1003.23833333333,115.501166666667,1.17,-0.335,0.105,-1.53166666666667,79.8566666666667,3.92,1003.23833333333
2016,5,20,126.918,0.526666666666667,-0.393333333333333,0.095,-2.14,81.8483333333333,4.18,1002.81666666667,126.918,0.526666666666667,-0.393333333333333,0.095,-2.14,81.8483333333333,4.18,1002.81666666667
2016,5,21,138.306666666667,1.07333333333333,-0.305,0.126666666666667,-2.46833333333333,81.0583333333333,3.73333333333333,1002.455,138.306666666667,1.07333333333333,-0.305,0.126666666666667,-2.46833333333333,81.0583333333333,3.73333333333333,1002.455
2016,5,22,149.158833333333,1.02,-0.26,0.141666666666667,-2.90833333333333,81.2583333333333,3.73333333333333,1002.31,149.158833333333,1.02,-0.26,0.141666666666667,-2.90833333333333,81.2583333333333,3.73333333333333,1002.31
2016,5,23,158.186333333333,1.625,-0.255,0.125,-3.23166666666667,80.6583333333333,2.99333333333333,1002.33333333333,158.186333333333,1.625,-0.255,0.125,-3.23166666666667,80.6583333333333,2.99333333333333,1002.33333333333
2016,6,0,162.128333333333,1.475,-0.143333333333333,0.175,-3.56833333333333,81.0533333333333,3.36333333333333,1002.21166666667,162.128333333333,1.475,-0.143333333333333,0.175,-3.56833333333333,81.0533333333333,3.36333333333333,1002.21166666667
2016,6,1,158.173833333333,1.355,-0.00166666666666667,0.195,-4.03166666666667,83.5583333333334,3.58166666666667,1001.93,158.173833333333,1.355,-0.00166666666666667,0.195,-4.03166666666667,83.5583333333334,3.58166666666667,1001.93
2016,6,2,149.139666666667,1.71166666666667,-0.005,0.178333333333333,-3.92,83.0583333333333,3.54333333333333,1001.925,149.139666666667,1.71166666666667,-0.005,0.178333333333333,-3.92,83.0583333333333,3.54333333333333,1001.925
2016,6,3,138.2835,1.3,-0.0966666666666667,0.175,-4.09,83.2783333333333,3.235,1001.9,138.2835,1.3,-0.0966666666666667,0.175,-4.09,83.2783333333333,3.235,1001.9
2016,6,4,126.888666666667,1.32833333333334,-0.133333333333333,0.16,-4.14666666666666,83.1716666666667,3.745,1001.28833333333,126.888666666667,1.32833333333334,-0.133333333333333,0.16,-4.14666666666666,83.1716666666667,3.745,1001.28833333333
2016,6,5,115.464,1.24666666666667,-0.158333333333333,0.171666666666667,-4.00166666666667,82.5983333333333,4.20666666666667,1001.015,115.464,1.24666666666667,-0.158333333333333,0.171666666666667,-4.00166666666667,82.5983333333333,4.20666666666667,1001.015
2016,6,6,104.309833333333,1.09833333333333,-0.0366666666666667,0.166666666666667,-3.88833333333333,82.2066666666667,4.02166666666667,1001.15833333333,104.309833333333,1.09833333333333,-0.0366666666666667,0.166666666666667,-3.88833333333333,82.2066666666667,4.02166666666667,1001.15833333333
2016,6,7,93.578,1.54333333333333,2.565,1.29666666666667,-4.26833333333334,84.915,3.84333333333333,1001.165,93.578,1.54333333333333,2.565,1.29666666666667,-4.26833333333334,84.915,3.84333333333333,1001.165
2016,6,8,83.761,212.3,50.1533333333333,35.245,-3.86166666666667,84.5516666666666,4.305,1000.90666666667,83.761,212.3,50.1533333333333,35.245,-3.86166666666667,84.5516666666666,4.305,1000.90666666667
2016,6,9,75.3365,281.32,119.613333333333,82.0683333333333,-1.95333333333333,78.325,5.27333333333333,1000.845,75.3365,281.32,119.613333333333,82.0683333333333,-1.95333333333333,78.325,5.27333333333333,1000.845
2016,6,10,68.5955,47.995,176.7,89.39,-0.63,76.4633333333333,5.24166666666667,1001,68.5955,47.995,176.7,89.39,-0.63,76.4633333333333,5.24166666666667,1001
2016,6,11,64.1935,457.14,173.241666666667,164.223333333333,1.14333333333333,72.28,5.83833333333333,1000.26333333333,64.1935,457.14,173.241666666667,164.223333333333,1.14333333333333,72.28,5.83833333333333,1000.26333333333
2016,6,12,62.646,136.268333333333,258.51,144.643333333333,2.26833333333333,66.7366666666667,5.975,998.878333333333,62.646,136.268333333333,258.51,144.643333333333,2.26833333333333,66.7366666666667,5.975,998.878333333333
2016,6,13,64.1635,253.166666666667,219.125,145.14,3.13333333333333,64.0766666666667,5.94833333333333,997.924999999999,64.1635,253.166666666667,219.125,145.14,3.13333333333333,64.0766666666667,5.94833333333333,997.924999999999
2016,6,14,68.5393333333333,373.656666666667,143.21,123.408333333333,4.09666666666667,61.285,5.84833333333333,997.158333333333,68.5393333333333,373.656666666667,143.21,123.408333333333,4.09666666666667,61.285,5.84833333333333,997.158333333333
2016,6,15,75.2581666666667,2.9,102.808333333333,47.265,3.625,64.78,5.16666666666667,996.910000000001,75.2581666666667,2.9,102.808333333333,47.265,3.625,64.78,5.16666666666667,996.910000000001
2016,6,16,83.6723333333333,0.721666666666667,40.9933333333333,18.485,3.25833333333333,66.73,4.30166666666667,996.831666666668,83.6723333333333,0.721666666666667,40.9933333333333,18.485,3.25833333333333,66.73,4.30166666666667,996.831666666668
2016,6,17,93.4806666666667,-0.378333333333333,1.56166666666667,0.951666666666668,1.93666666666667,74.9,4.21666666666667,996.708333333332,93.4806666666667,-0.378333333333333,1.56166666666667,0.951666666666668,1.93666666666667,74.9,4.21666666666667,996.708333333332
2016,6,18,104.199333333333,0.656666666666666,-0.1,0.06,1.50333333333333,75.56,3.85166666666667,996.791666666667,104.199333333333,0.656666666666666,-0.1,0.06,1.50333333333333,75.56,3.85166666666667,996.791666666667
2016,6,19,115.349333333333,0.77,-0.276666666666667,0.0233333333333333,1.03666666666667,77.455,3.78833333333333,996.938333333334,115.349333333333,0.77,-0.276666666666667,0.0233333333333333,1.03666666666667,77.455,3.78833333333333,996.938333333334
2016,6,20,126.767166666667,1.10666666666667,-0.238333333333333,0.0583333333333334,0.943333333333333,76.8933333333333,4.16833333333333,996.870000000001,126.767166666667,1.10666666666667,-0.238333333333333,0.0583333333333334,0.943333333333333,76.8933333333333,4.16833333333333,996.870000000001
2016,6,21,138.154833333333,0.996666666666666,-0.223333333333333,0.035,1.075,75.21,4.28333333333333,996.621666666666,138.154833333333,0.996666666666666,-0.223333333333333,0.035,1.075,75.21,4.28333333333333,996.621666666666
2016,6,22,149.002833333333,0.668333333333333,-0.291666666666667,0.065,0.908333333333332,75.96,4.14666666666667,996.438333333334,149.002833333333,0.668333333333333,-0.291666666666667,0.065,0.908333333333332,75.96,4.14666666666667,996.438333333334
2016,6,23,158.0325,1.29833333333333,-4.62592926927149e-19,0.055,1.205,71.81,4.38,996.111666666667,158.0325,1.29833333333333,-4.62592926927149e-19,0.055,1.205,71.81,4.38,996.111666666667
2016,7,0,162.011,0.886666666666666,-0.04,0.0416666666666667,1.315,70.43,4.36833333333333,995.511666666667,162.011,0.886666666666666,-0.04,0.0416666666666667,1.315,70.43,4.36833333333333,995.511666666667
2016,7,1,158.125,0.896666666666668,-0.22,0.11,1.30166666666667,70.6833333333333,4.42,994.835,158.125,0.896666666666668,-0.22,0.11,1.30166666666667,70.6833333333333,4.42,994.835
2016,7,2,149.133833333333,0.841666666666666,-0.22,0.348333333333333,1.32666666666667,71.2583333333333,4.255,994.33,149.133833333333,0.841666666666666,-0.22,0.348333333333333,1.32666666666667,71.2583333333333,4.255,994.33
2016,7,3,138.294166666667,0.898333333333334,-0.108333333333333,0.0916666666666667,1.22666666666667,73.285,4.075,993.9,138.294166666667,0.898333333333334,-0.108333333333333,0.0916666666666667,1.22666666666667,73.285,4.075,993.9
2016,7,4,126.905166666667,0.84,-0.13,0.31,1.27666666666667,72.26,3.86333333333333,993.470000000001,126.905166666667,0.84,-0.13,0.31,1.27666666666667,72.26,3.86333333333333,993.470000000001
2016,7,5,115.478,0.981666666666667,-0.0283333333333333,0.133333333333333,1.20333333333333,73.6066666666667,3.695,993.416666666667,115.478,0.981666666666667,-0.0283333333333333,0.133333333333333,1.20333333333333,73.6066666666667,3.695,993.416666666667
2016,7,6,104.314333333333,0.666666666666667,-0.213333333333333,0.095,1.05666666666667,75.99,3.59833333333333,993.603333333333,104.314333333333,0.666666666666667,-0.213333333333333,0.095,1.05666666666667,75.99,3.59833333333333,993.603333333333
2016,7,7,93.5711666666667,1.05,1.695,1.09333333333333,1.02166666666667,74.6716666666667,4.21333333333333,993.576666666667,93.5711666666667,1.05,1.695,1.09333333333333,1.02166666666667,74.6716666666667,4.21333333333333,993.576666666667
2016,7,8,83.7375,9.17666666666667,46.0466666666667,21.855,1.35,72.5783333333333,4.40666666666667,993.405,83.7375,9.17666666666667,46.0466666666667,21.855,1.35,72.5783333333333,4.40666666666667,993.405
2016,7,9,75.2901666666667,105.78,98.96,56.065,2.045,70.3,4.745,993.353333333334,75.2901666666667,105.78,98.96,56.065,2.045,70.3,4.745,993.353333333334
2016,7,10,68.5245,1.07166666666667,91.9783333333333,45.0416666666667,2.56166666666667,69.4333333333333,4.35,993.408333333333,68.5245,1.07166666666667,91.9783333333333,45.0416666666667,2.56166666666667,69.4333333333333,4.35,993.408333333333
2016,7,11,64.0955,1.84,162.506666666667,78.1683333333333,3.41666666666667,68.1333333333334,4.88166666666667,992.981666666666,64.0955,1.84,162.506666666667,78.1683333333333,3.41666666666667,68.1333333333334,4.88166666666667,992.981666666666
2016,7,12,62.5226666666667,20.8383333333333,271.051666666667,129.573333333333,6.20833333333333,60.615,5.95,991.725,62.5226666666667,20.8383333333333,271.051666666667,129.573333333333,6.20833333333333,60.615,5.95,991.725
2016,7,13,64.0221666666667,267.626666666667,257.651666666667,168.423333333333,7.61,58.0533333333333,6.245,990.686666666666,64.0221666666667,267.626666666667,257.651666666667,168.423333333333,7.61,58.0533333333333,6.245,990.686666666666
2016,7,14,68.3855,409.216666666667,161.901666666667,137.905,8.085,60.22,6.21666666666667,989.786666666667,68.3855,409.216666666667,161.901666666667,137.905,8.085,60.22,6.21666666666667,989.786666666667
2016,7,15,75.1003333333333,163.365,104.935,68.3083333333333,7.56333333333334,63.7916666666667,5.295,989.45,75.1003333333333,163.365,104.935,68.3083333333333,7.56333333333334,63.7916666666667,5.295,989.45
2016,7,16,83.5161666666667,-1.08333333333333,32.98,15.3516666666667,6.36833333333333,70.6483333333333,4.32666666666667,989.511666666667,83.5161666666667,-1.08333333333333,32.98,15.3516666666667,6.36833333333333,70.6483333333333,4.32666666666667,989.511666666667
2016,7,17,93.3153333333333,-0.606666666666666,1.385,0.998333333333334,5.32333333333333,73.9333333333333,4.75666666666667,989.355000000001,93.3153333333333,-0.606666666666666,1.385,0.998333333333334,5.32333333333333,73.9333333333333,4.75666666666667,989.355000000001
2016,7,18,104.043333333333,0.54,-0.28,0.191666666666667,5.07833333333333,74.6,5.48,989.151666666666,104.043333333333,0.54,-0.28,0.191666666666667,5.07833333333333,74.6,5.48,989.151666666666
2016,7,19,115.193833333333,0.453333333333333,-0.251666666666667,0.2,5.12,73.8950000000001,6.60166666666667,988.945,115.193833333333,0.453333333333333,-0.251666666666667,0.2,5.12,73.8950000000001,6.60166666666667,988.945
2016,7,20,126.613833333333,0.121666666666667,-0.0616666666666667,0.2,4.76833333333333,77.0133333333334,7.27833333333333,988.936666666667,126.613833333333,0.121666666666667,-0.0616666666666667,0.2,4.76833333333333,77.0133333333334,7.27833333333333,988.936666666667
2016,7,21,138.000833333333,0.53,-0.0966666666666667,0.2,4.86333333333334,76.3716666666667,4.69,988.600000000001,138.000833333333,0.53,-0.0966666666666667,0.2,4.86333333333334,76.3716666666667,4.69,988.600000000001
2016,7,22,148.844666666667,0.231666666666667,-0.0166666666666667,0.2,5.12166666666667,78.665,5.165,988.199999999999,148.844666666667,0.231666666666667,-0.0166666666666667,0.2,5.12166666666667,78.665,5.165,988.199999999999
2016,7,23,157.873166666667,0.691666666666666,-0.0133333333333333,0.2,4.965,79.8216666666667,5.62166666666667,987.61,157.873166666667,0.691666666666666,-0.0133333333333333,0.2,4.965,79.8216666666667,5.62166666666667,987.61
2016,8,0,161.883833333333,-0.0666666666666667,0.01,0.231666666666667,4.80166666666667,82.5233333333334,5.16,986.996666666666,161.883833333333,-0.0666666666666667,0.01,0.231666666666667,4.80166666666667,82.5233333333334,5.16,986.996666666666
2016,8,1,158.068666666667,0.62,0,0.2,4.35833333333333,86.3016666666666,4.77,986.030000000001,158.068666666667,0.62,0,0.2,4.35833333333333,86.3016666666666,4.77,986.030000000001
2016,8,2,149.121333333333,0.831666666666666,0,0.2,4.32333333333334,86.8516666666667,4.98,985.5,149.121333333333,0.831666666666666,0,0.2,4.32333333333334,86.8516666666667,4.98,985.5
2016,8,3,138.299833333333,0.908333333333333,-0.035,0.2,4.35166666666667,87.4616666666666,5.405,984.671666666667,138.299833333333,0.908333333333333,-0.035,0.2,4.35166666666667,87.4616666666666,5.405,984.671666666667
2016,8,4,126.915,0.834999999999999,-0.173333333333333,0.198333333333333,4.96833333333333,86.3483333333333,5.26333333333333,984.046666666667,126.915,0.834999999999999,-0.173333333333333,0.198333333333333,4.96833333333333,86.3483333333333,5.26333333333333,984.046666666667
2016,8,5,115.485,0.253333333333333,-0.035,0.0166666666666667,4.75,89.7633333333333,4.01666666666667,983.699999999999,115.485,0.253333333333333,-0.035,0.0166666666666667,4.75,89.7633333333333,4.01666666666667,983.699999999999
2016,8,6,104.314166666667,0.97,0,0.095,4.81166666666667,90.1916666666666,4.56666666666667,983.51,104.314166666667,0.97,0,0.095,4.81166666666667,90.1916666666666,4.56666666666667,983.51
2016,8,7,93.5593333333333,0.745,0.553333333333333,0.395,5.05833333333333,91.1883333333333,5.08666666666667,983.186666666666,93.5593333333333,0.745,0.553333333333333,0.395,5.05833333333333,91.1883333333333,5.08666666666667,983.186666666666
2016,8,8,83.7075,0.926666666666666,14.7283333333333,6.85666666666667,5.23833333333333,93.4966666666667,4.68333333333333,982.898333333334,83.7075,0.926666666666666,14.7283333333333,6.85666666666667,5.23833333333333,93.4966666666667,4.68333333333333,982.898333333334
2016,8,9,75.2385,0.823333333333334,26.8183333333333,12.995,5.85166666666667,94.9183333333334,4.395,983.124999999999,75.2385,0.823333333333334,26.8183333333333,12.995,5.85166666666667,94.9183333333334,4.395,983.124999999999
2016,8,10,68.448,0.879999999999999,74.46,34.7466666666667,6.845,94.9866666666666,5.05833333333333,983.011666666667,68.448,0.879999999999999,74.46,34.7466666666667,6.845,94.9866666666666,5.05833333333333,983.011666666667
2016,8,11,63.9905,0.581666666666667,81.1433333333333,38.575,7.67999999999999,94.91,5.65166666666667,982.563333333333,63.9905,0.581666666666667,81.1433333333333,38.575,7.67999999999999,94.91,5.65166666666667,982.563333333333
2016,8,12,62.3926666666667,-0.123333333333333,44.165,22.225,7.89999999999999,94.49,5.17833333333333,981.698333333333,62.3926666666667,-0.123333333333333,44.165,22.225,7.89999999999999,94.49,5.17833333333333,981.698333333333
2016,8,13,63.8725,0.01,32.3016666666667,16.9966666666667,7.96666666666667,94.59,5.58666666666667,981.16,63.8725,0.01,32.3016666666667,16.9966666666667,7.96666666666667,94.59,5.58666666666667,981.16
2016,8,14,68.2258333333333,0.0866666666666667,31.8716666666667,16.3216666666667,8.17333333333332,94.34,6.28333333333333,980.795,68.2258333333333,0.0866666666666667,31.8716666666667,16.3216666666667,8.17333333333332,94.34,6.28333333333333,980.795
2016,8,15,74.937,0.276666666666667,27.1766666666667,13.05,8.31666666666666,93.2866666666667,5.65,980.711666666667,74.937,0.276666666666667,27.1766666666667,13.05,8.31666666666666,93.2866666666667,5.65,980.711666666667
2016,8,16,83.3563333333333,0.14,18.0683333333333,8.08833333333333,8.33833333333334,92.1216666666667,5.40166666666667,980.918333333334,83.3563333333333,0.14,18.0683333333333,8.08833333333333,8.33833333333334,92.1216666666667,5.40166666666667,980.918333333334
2016,8,17,93.1488333333333,-0.273333333333333,0.835,0.438333333333333,8.085,92.4200000000001,5.55666666666667,981.161666666666,93.1488333333333,-0.273333333333333,0.835,0.438333333333333,8.085,92.4200000000001,5.55666666666667,981.161666666666
2016,8,18,103.884333333333,0.0216666666666667,0,0,7.81166666666667,93.2083333333334,4.72166666666666,981.558333333332,103.884333333333,0.0216666666666667,0,0,7.81166666666667,93.2083333333334,4.72166666666666,981.558333333332
2016,8,19,115.037166666667,0.37,0,0,8.19833333333333,92.4783333333333,6.74,982.053333333333,115.037166666667,0.37,0,0,8.19833333333333,92.4783333333333,6.74,982.053333333333
2016,8,20,126.457166666667,0.0516666666666667,0,0.0166666666666667,8.12166666666667,91.74,6.08666666666667,982.616666666666,126.457166666667,0.0516666666666667,0,0.0166666666666667,8.12166666666667,91.74,6.08666666666667,982.616666666666
2016,8,21,137.842166666667,-0.173333333333333,0,0,7.675,90.28,5.02166666666667,983.079999999999,137.842166666667,-0.173333333333333,0,0,7.675,90.28,5.02166666666667,983.079999999999
2016,8,22,148.682666666667,-0.161666666666667,0,0.0266666666666667,6.83166666666667,90.6433333333333,3.425,983.381666666667,148.682666666667,-0.161666666666667,0,0.0266666666666667,6.83166666666667,90.6433333333333,3.425,983.381666666667
2016,8,23,157.709166666667,0.49,0,0.0383333333333334,6.65166666666667,90.34,4.12833333333333,983.730000000001,157.709166666667,0.49,0,0.0383333333333334,6.65166666666667,90.34,4.12833333333333,983.730000000001
2016,9,0,161.751,0.371666666666666,0,0.0566666666666667,6.81666666666667,89.1433333333333,5.59333333333333,983.56,161.751,0.371666666666666,0,0.0566666666666667,6.81666666666667,89.1433333333333,5.59333333333333,983.56
2016,9,1,158.004,0.263333333333333,0,0,6.36166666666667,90.8933333333333,6.34666666666667,983.348333333333,158.004,0.263333333333333,0,0,6.36166666666667,90.8933333333333,6.34666666666667,983.348333333333
2016,9,2,149.102,0.236666666666667,0,0,5.97666666666666,89.8816666666666,6.05666666666666,984.588333333334,149.102,0.236666666666667,0,0,5.97666666666666,89.8816666666666,6.05666666666666,984.588333333334
2016,9,3,138.298833333333,0.406666666666667,0,0,5.66499999999999,89.1866666666667,4.85333333333333,984.939999999999,138.298833333333,0.406666666666667,0,0,5.66499999999999,89.1866666666667,4.85333333333333,984.939999999999
2016,9,4,126.918333333333,0.388333333333333,0,0,5.16,90.715,4.66166666666667,984.783333333333,126.918333333333,0.388333333333333,0,0,5.16,90.715,4.66166666666667,984.783333333333
2016,9,5,115.4865,0.828333333333333,0,0,4.80666666666667,90.7583333333333,4.02333333333333,984.671666666666,115.4865,0.828333333333333,0,0,4.80666666666667,90.7583333333333,4.02333333333333,984.671666666666
2016,9,6,104.307333333333,1.015,0,0,4.44333333333334,91.3783333333334,3.95666666666667,984.641666666666,104.307333333333,1.015,0,0,4.44333333333334,91.3783333333334,3.95666666666667,984.641666666666
2016,9,7,93.5403333333333,1.25833333333334,0.33,0.175,4.44833333333333,91.0116666666666,2.29833333333333,985.328333333333,93.5403333333333,1.25833333333334,0.33,0.175,4.44833333333333,91.0116666666666,2.29833333333333,985.328333333333
2016,9,8,83.6711666666667,1.25333333333333,7.36666666666666,3.56666666666667,4.38500000000001,90.7666666666667,1.52333333333333,985.111666666666,83.6711666666667,1.25333333333333,7.36666666666666,3.56666666666667,4.38500000000001,90.7666666666667,1.52333333333333,985.111666666666
2016,9,9,75.1801666666667,1.86833333333333,21.5883333333333,10.7933333333333,3.815,94.2483333333334,3.39166666666667,985.065,75.1801666666667,1.86833333333333,21.5883333333333,10.7933333333333,3.815,94.2483333333334,3.39166666666667,985.065
2016,9,10,68.3635,2.58166666666667,27.1816666666667,14.2083333333333,3.77666666666667,94.735,2.80666666666667,985.213333333333,68.3635,2.58166666666667,27.1816666666667,14.2083333333333,3.77666666666667,94.735,2.80666666666667,985.213333333333
2016,9,11,63.8791666666667,0.656666666666667,38.31,20.1966666666667,3.74333333333334,94.7216666666667,3.835,984.338333333333,63.8791666666667,0.656666666666667,38.31,20.1966666666667,3.74333333333334,94.7216666666667,3.835,984.338333333333
2016,9,12,62.2558333333333,0.48,30.1083333333333,16.7516666666667,3.55833333333333,95.4266666666666,4.52333333333333,983.089999999999,62.2558333333333,0.48,30.1083333333333,16.7516666666667,3.55833333333333,95.4266666666666,4.52333333333333,983.089999999999
2016,9,13,63.7165,0.631666666666667,49.5016666666667,25.5783333333333,3.13333333333333,95.795,6.39666666666666,981.55,63.7165,0.631666666666667,49.5016666666667,25.5783333333333,3.13333333333333,95.795,6.39666666666666,981.55
2016,9,14,68.0605,0.385,36.18,18.6283333333333,2.80166666666667,94.5366666666667,6.525,981.174999999999,68.0605,0.385,36.18,18.6283333333333,2.80166666666667,94.5366666666667,6.525,981.174999999999
2016,9,15,74.768,-0.065,38.62,18.995,1.955,94.455,7.35666666666667,981.346666666667,74.768,-0.065,38.62,18.995,1.955,94.455,7.35666666666667,981.346666666667
2016,9,16,83.1921666666667,0.39,11.2933333333333,5.51166666666667,0.909999999999999,95.5383333333334,7.595,981.613333333332,83.1921666666667,0.39,11.2933333333333,5.51166666666667,0.909999999999999,95.5383333333334,7.595,981.613333333332
2016,9,17,92.9776666666667,0.996666666666667,0.746666666666667,0.55,0.566666666666666,95.595,9.13666666666667,981.593333333333,92.9776666666667,0.996666666666667,0.746666666666667,0.55,0.566666666666666,95.595,9.13666666666667,981.593333333333
2016,9,18,103.722,1.265,-0.266666666666667,0.2,-0.27,93.575,10.7033333333333,981.548333333333,103.722,1.265,-0.266666666666667,0.2,-0.27,93.575,10.7033333333333,981.548333333333
2016,9,19,114.878666666667,0.953333333333334,-0.32,0.2,-0.97,91.4,12.1216666666667,981.326666666667,114.878666666667,0.953333333333334,-0.32,0.2,-0.97,91.4,12.1216666666667,981.326666666667
2016,9,20,126.298666666667,0.808333333333333,-0.236666666666667,0.2,-1.695,91.0566666666667,12.2983333333333,981.548333333333,126.298666666667,0.808333333333333,-0.236666666666667,0.2,-1.695,91.0566666666667,12.2983333333333,981.548333333333
2016,9,21,137.681333333333,0.435,-0.356666666666666,0.2,-2.77333333333333,90.6116666666667,13.12,981.728333333334,137.681333333333,0.435,-0.356666666666666,0.2,-2.77333333333333,90.6116666666667,13.12,981.728333333334
2016,9,22,148.516,0.225,-0.36,0.2,-3.875,90.8566666666667,12.8766666666667,981.939999999999,148.516,0.225,-0.36,0.2,-3.875,90.8566666666667,12.8766666666667,981.939999999999
2016,9,23,157.539,0.241666666666667,-0.398333333333333,0.2,-4.935,89.2616666666667,14.2383333333333,982.11,157.539,0.241666666666667,-0.398333333333333,0.2,-4.935,89.2616666666667,14.2383333333333,982.11
2016,10,0,161.6105,0.0350000000000001,-0.388333333333333,0.2,-5.975,88.245,14.5833333333333,982.071666666666,161.6105,0.0350000000000001,-0.388333333333333,0.2,-5.975,88.245,14.5833333333333,982.071666666666
2016,10,1,157.931,0.213333333333333,-0.355,0.2,-7.13666666666667,86.52,14.8683333333333,982.591666666666,157.931,0.213333333333333,-0.355,0.2,-7.13666666666667,86.52,14.8683333333333,982.591666666666
2016,10,2,149.075166666667,0.173333333333333,-0.291666666666667,0.2,-7.99833333333333,84.8933333333333,14.8233333333333,983.286666666667,149.075166666667,0.173333333333333,-0.291666666666667,0.2,-7.99833333333333,84.8933333333333,14.8233333333333,983.286666666667
2016,10,3,138.292166666667,0.218333333333333,-0.05,0.2,-8.80333333333333,84.5933333333333,14.0883333333333,983.865,138.292166666667,0.218333333333333,-0.05,0.2,-8.80333333333333,84.5933333333333,14.0883333333333,983.865
2016,10,4,126.917166666667,0.415,-0.00833333333333333,0.2,-9.65333333333333,83.8833333333333,14.48,984.678333333333,126.917166666667,0.415,-0.00833333333333333,0.2,-9.65333333333333,83.8833333333333,14.48,984.678333333333
2016,10,5,115.481,0.461666666666667,0,0.2,-10.375,83.185,13.8833333333333,985.793333333334,115.481,0.461666666666667,0,0.2,-10.375,83.185,13.8833333333333,985.793333333334
2016,10,6,104.294166666667,0.431666666666666,0,0.2,-10.8233333333333,82.7133333333334,13.2383333333333,987.115,104.294166666667,0.431666666666666,0,0.2,-10.8233333333333,82.7133333333334,13.2383333333333,987.115
2016,10,7,93.5165,0.27,1.685,1.19166666666667,-11.49,82.05,12.39,988.198333333334,93.5165,0.27,1.685,1.19166666666667,-11.49,82.05,12.39,988.198333333334
2016,10,8,83.6293333333333,0.648333333333333,45.2633333333333,20.83,-12.0883333333333,81.4966666666667,11.9666666666667,989.288333333333,83.6293333333333,0.648333333333333,45.2633333333333,20.83,-12.0883333333333,81.4966666666667,11.9666666666667,989.288333333333
2016,10,9,75.1141666666667,1.70666666666667,131.068333333333,59.9333333333333,-13.2766666666667,80.7416666666666,11.885,990.783333333333,75.1141666666667,1.70666666666667,131.068333333333,59.9333333333333,-13.2766666666667,80.7416666666666,11.885,990.783333333333
2016,10,10,68.272,3.29666666666667,195.263333333333,90.5566666666666,-13.9883333333333,80.2083333333333,11.305,992.073333333333,68.272,3.29666666666667,195.263333333333,90.5566666666666,-13.9883333333333,80.2083333333333,11.305,992.073333333333
2016,10,11,63.7598333333333,173.641666666667,254.006666666667,149.138333333333,-14.1366666666667,80.1283333333333,10.8483333333333,992.569999999999,63.7598333333333,173.641666666667,254.006666666667,149.138333333333,-14.1366666666667,80.1283333333333,10.8483333333333,992.569999999999
2016,10,12,62.1111666666667,374.301666666667,267.208333333333,193.191666666667,-13.645,79.3233333333333,9.715,992.74,62.1111666666667,374.301666666667,267.208333333333,193.191666666667,-13.645,79.3233333333333,9.715,992.74
2016,10,13,63.5555,343.458333333333,207.751666666667,159.298333333333,-13.3316666666667,77.7416666666666,9.53833333333333,992.965,63.5555,343.458333333333,207.751666666667,159.298333333333,-13.3316666666667,77.7416666666666,9.53833333333333,992.965
2016,10,14,67.889,687.053333333333,148.898333333333,172.53,-12.5483333333333,75.6183333333333,9.36,993.161666666666,67.889,687.053333333333,148.898333333333,172.53,-12.5483333333333,75.6183333333333,9.36,993.161666666666
2016,10,15,74.5953333333333,702.175,77.52,110.088333333333,-12.3533333333333,73.63,9.165,993.486666666666,74.5953333333333,702.175,77.52,110.088333333333,-12.3533333333333,73.63,9.165,993.486666666666
2016,10,16,83.0238333333333,550.451666666667,30.3183333333333,41.4316666666667,-12.5433333333333,71.4316666666666,9.21333333333333,994.235,83.0238333333333,550.451666666667,30.3183333333333,41.4316666666667,-12.5433333333333,71.4316666666666,9.21333333333333,994.235
2016,10,17,92.8038333333333,53.1233333333334,3.93333333333333,2.43333333333333,-12.915,72.0166666666667,8.57333333333333,994.606666666667,92.8038333333333,53.1233333333334,3.93333333333333,2.43333333333333,-12.915,72.0166666666667,8.57333333333333,994.606666666667
2016,10,18,103.558,0.773333333333333,0,0.2,-12.975,73.2116666666666,8.39,994.961666666666,103.558,0.773333333333333,0,0.2,-12.975,73.2116666666666,8.39,994.961666666666
2016,10,19,114.715333333333,0.785,0,0.2,-12.9083333333333,73.6916666666667,7.27833333333333,995.078333333333,114.715333333333,0.785,0,0.2,-12.9083333333333,73.6916666666667,7.27833333333333,995.078333333333
2016,10,20,126.1375,0.786666666666666,0,0.2,-12.8783333333333,75.7166666666667,6.73,995.148333333333,126.1375,0.786666666666666,0,0.2,-12.8783333333333,75.7166666666667,6.73,995.148333333333
2016,10,21,137.518333333333,0.841666666666667,0,0.2,-12.8283333333333,76.4183333333333,6.35166666666666,994.946666666667,137.518333333333,0.841666666666667,0,0.2,-12.8283333333333,76.4183333333333,6.35166666666666,994.946666666667
2016,10,22,148.347,0.92,0,0.2,-12.855,76.905,5.97833333333333,994.981666666666,148.347,0.92,0,0.2,-12.855,76.905,5.97833333333333,994.981666666666
2016,10,23,157.364833333333,1.03666666666667,0,0.2,-12.7133333333333,76.5433333333333,5.34333333333333,995.031666666667,157.364833333333,1.03666666666667,0,0.2,-12.7133333333333,76.5433333333333,5.34333333333333,995.031666666667
2016,11,0,161.462666666667,1.03,0,0.2,-12.7833333333333,78.2933333333334,4.63,994.918333333335,161.462666666667,1.03,0,0.2,-12.7833333333333,78.2933333333334,4.63,994.918333333335
2016,11,1,157.849833333333,1.59333333333333,0,0.2,-12.6583333333333,79.3616666666667,4.20166666666667,994.851666666667,157.849833333333,1.59333333333333,0,0.2,-12.6583333333333,79.3616666666667,4.20166666666667,994.851666666667
2016,11,2,149.041833333333,1.76,0,0.2,-12.205,79.3616666666667,3.92,994.940000000001,149.041833333333,1.76,0,0.2,-12.205,79.3616666666667,3.92,994.940000000001
2016,11,3,138.278833333333,1.91666666666667,0,0.2,-11.845,79.5283333333334,3.25,994.601666666667,138.278833333333,1.91666666666667,0,0.2,-11.845,79.5283333333334,3.25,994.601666666667
2016,11,4,126.908833333333,1.94666666666667,0,0.2,-11.33,79.345,3.31333333333333,994.016666666667,126.908833333333,1.94666666666667,0,0.2,-11.33,79.345,3.31333333333333,994.016666666667
2016,11,5,115.471,1.40666666666667,0,0.2,-10.835,79.4466666666667,4.29833333333333,993.684999999999,115.471,1.40666666666667,0,0.2,-10.835,79.4466666666667,4.29833333333333,993.684999999999
2016,11,6,104.2755,1.235,0,0.2,-10.4766666666667,81.3666666666667,4.65,993.505,104.2755,1.235,0,0.2,-10.4766666666667,81.3666666666667,4.65,993.505
2016,11,7,93.4725,0.980000000000001,1.56,1.04166666666667,-10.18,83.085,5.31666666666667,993.506666666667,93.4725,0.980000000000001,1.56,1.04166666666667,-10.18,83.085,5.31666666666667,993.506666666667
2016,11,8,83.5806666666667,1.34833333333333,26.4333333333333,12.685,-9.53,81.1733333333333,6.37666666666667,993.158333333333,83.5806666666667,1.34833333333333,26.4333333333333,12.685,-9.53,81.1733333333333,6.37666666666667,993.158333333333
2016,11,9,75.0421666666667,1.705,91.1433333333333,42.625,-8.45166666666666,81.9116666666666,6.75833333333334,992.935,75.0421666666667,1.705,91.1433333333333,42.625,-8.45166666666666,81.9116666666666,6.75833333333334,992.935
2016,11,10,68.1728333333333,76.0216666666667,190.808333333333,100.876666666667,-6.95833333333333,77.0766666666667,6.93666666666667,992.526666666667,68.1728333333333,76.0216666666667,190.808333333333,100.876666666667,-6.95833333333333,77.0766666666667,6.93666666666667,992.526666666667
2016,11,11,63.6328333333333,129.488333333333,230.431666666667,129.518333333333,-5.16666666666667,71.19,7.74,991.343333333333,63.6328333333333,129.488333333333,230.431666666667,129.518333333333,-5.16666666666667,71.19,7.74,991.343333333333
2016,11,12,61.9601666666667,41.8983333333333,288.056666666667,139.826666666667,-4.33166666666667,68.0233333333333,7.21833333333333,989.755,61.9601666666667,41.8983333333333,288.056666666667,139.826666666667,-4.33166666666667,68.0233333333333,7.21833333333333,989.755
2016,11,13,63.3855,118.01,295.15,155.985,-3.26333333333333,66.955,7.84333333333334,988.1,63.3855,118.01,295.15,155.985,-3.26333333333333,66.955,7.84333333333334,988.1
2016,11,14,67.7128333333333,47.39,255.555,123.163333333333,-2.76666666666667,67.7133333333333,8.07,987.008333333333,67.7128333333333,47.39,255.555,123.163333333333,-2.76666666666667,67.7133333333333,8.07,987.008333333333
2016,11,15,74.4165,0.113333333333333,104.128333333333,47.495,-2.11666666666667,68.1366666666667,8.55166666666667,986.421666666667,74.4165,0.113333333333333,104.128333333333,47.495,-2.11666666666667,68.1366666666667,8.55166666666667,986.421666666667
2016,11,16,82.8518333333333,0.875000000000001,26.4216666666667,12.31,-1.83833333333333,71.9633333333334,8.135,985.831666666666,82.8518333333333,0.875000000000001,26.4216666666667,12.31,-1.83833333333333,71.9633333333334,8.135,985.831666666666
2016,11,17,92.6278333333333,0.848333333333333,1.41,0.885000000000001,-1.755,75.9433333333333,5.91166666666667,985.671666666665,92.6278333333333,0.848333333333333,1.41,0.885000000000001,-1.755,75.9433333333333,5.91166666666667,985.671666666665
2016,11,18,103.389666666667,0.945000000000001,-0.215,0.2,-1.73833333333333,80.4383333333333,5.87333333333333,985.316666666667,103.389666666667,0.945000000000001,-0.215,0.2,-1.73833333333333,80.4383333333333,5.87333333333333,985.316666666667
2016,11,19,114.550333333333,0.913333333333333,-0.198333333333333,0.2,-1.50833333333333,83.1016666666667,6.25666666666667,984.651666666666,114.550333333333,0.913333333333333,-0.198333333333333,0.2,-1.50833333333333,83.1016666666667,6.25666666666667,984.651666666666
2016,11,20,125.973333333333,1.16833333333333,0.02,0.2,-0.768333333333334,81.81,7.25166666666667,984.386666666667,125.973333333333,1.16833333333333,0.02,0.2,-0.768333333333334,81.81,7.25166666666667,984.386666666667
2016,11,21,137.352833333333,0.96,0.0583333333333333,0.2,-0.325,79.615,8.70833333333334,983.833333333333,137.352833333333,0.96,0.0583333333333333,0.2,-0.325,79.615,8.70833333333334,983.833333333333
2016,11,22,148.1745,0.718333333333333,-0.0283333333333333,0.2,-0.06,75.8333333333333,8.675,983.281666666666,148.1745,0.718333333333333,-0.0283333333333333,0.2,-0.06,75.8333333333333,8.675,983.281666666666
2016,11,23,157.186166666667,0.458333333333333,-0.103333333333333,0.2,0.00333333333333333,75.5916666666667,9.755,983.016666666667,157.186166666667,0.458333333333333,-0.103333333333333,0.2,0.00333333333333333,75.5916666666667,9.755,983.016666666667
2016,12,0,161.307166666667,0.103333333333333,-0.373333333333333,0.2,-0.436666666666667,74.1766666666667,11.7633333333333,982.931666666667,161.307166666667,0.103333333333333,-0.373333333333333,0.2,-0.436666666666667,74.1766666666667,11.7633333333333,982.931666666667
2016,12,1,157.7605,0.105,-0.398333333333333,0.2,-1.47333333333333,69.0966666666666,11.92,983.123333333332,157.7605,0.105,-0.398333333333333,0.2,-1.47333333333333,69.0966666666666,11.92,983.123333333332
2016,12,2,149.000833333333,0.535,-0.153333333333333,0.2,-2.22666666666667,70.4133333333333,8.50666666666667,983.126666666666,149.000833333333,0.535,-0.153333333333333,0.2,-2.22666666666667,70.4133333333333,8.50666666666667,983.126666666666
2016,12,3,138.259,0.928333333333334,-0.09,0.2,-2.22666666666667,75.14,7.13833333333334,982.731666666667,138.259,0.928333333333334,-0.09,0.2,-2.22666666666667,75.14,7.13833333333334,982.731666666667
2016,12,4,126.895166666667,0.688333333333333,-0.251666666666667,0.2,-1.99666666666667,77.8133333333333,7.15666666666667,981.898333333333,126.895166666667,0.688333333333333,-0.251666666666667,0.2,-1.99666666666667,77.8133333333333,7.15666666666667,981.898333333333
2016,12,5,115.4545,1.01,0.00833333333333335,0.2,-1.47333333333333,82.0416666666667,11.1866666666667,981.98,115.4545,1.01,0.00833333333333335,0.2,-1.47333333333333,82.0416666666667,11.1866666666667,981.98
2016,12,6,104.2505,-0.383333333333333,-0.383333333333333,0.2,-2.81166666666667,82.3383333333333,11.775,983.323333333333,104.2505,-0.383333333333333,-0.383333333333333,0.2,-2.81166666666667,82.3383333333333,11.775,983.323333333333
2016,12,7,93.4363333333333,-2.38333333333333,2.27666666666667,1.65833333333333,-7.625,78.9266666666667,14.5016666666667,986.021666666667,93.4363333333333,-2.38333333333333,2.27666666666667,1.65833333333333,-7.625,78.9266666666667,14.5016666666667,986.021666666667
2016,12,8,83.5253333333333,305.288333333333,41.0666666666667,34.2533333333333,-10.3316666666667,72.3416666666667,13.705,988.408333333333,83.5253333333333,305.288333333333,41.0666666666667,34.2533333333333,-10.3316666666667,72.3416666666667,13.705,988.408333333333
2016,12,9,74.9635,552.148333333333,86.625,98.34,-11.42,67.1766666666667,12.3183333333333,990.633333333333,74.9635,552.148333333333,86.625,98.34,-11.42,67.1766666666667,12.3183333333333,990.633333333333
2016,12,10,68.0676666666667,786.518333333334,90.0466666666667,165.256666666667,-11.4966666666667,64.6933333333334,12.035,992.455,68.0676666666667,786.518333333334,90.0466666666667,165.256666666667,-11.4966666666667,64.6933333333334,12.035,992.455
2016,12,11,63.499,855.701666666666,91.315,204.756666666667,-11.045,64.1216666666667,12.0666666666667,993.231666666666,63.499,855.701666666666,91.315,204.756666666667,-11.045,64.1216666666667,12.0666666666667,993.231666666666
2016,12,12,61.8018333333333,921.63,79.8883333333333,221.933333333333,-10.67,65.0433333333333,9.91333333333333,992.741666666667,61.8018333333333,921.63,79.8883333333333,221.933333333333,-10.67,65.0433333333333,9.91333333333333,992.741666666667
2016,12,13,63.2118333333333,900.501666666667,80.4433333333333,208.045,-10.0033333333333,64.4633333333334,9.44,993.318333333333,63.2118333333333,900.501666666667,80.4433333333333,208.045,-10.0033333333333,64.4633333333334,9.44,993.318333333333
2016,12,14,67.5301666666667,852.94,75.485,170.035,-9.735,64.745,10.1916666666667,994.213333333333,67.5301666666667,852.94,75.485,170.035,-9.735,64.745,10.1916666666667,994.213333333333
2016,12,15,74.2341666666667,767.023333333333,58.3283333333333,111.278333333333,-9.72166666666667,63.5166666666666,10.1383333333333,995.296666666667,74.2341666666667,767.023333333333,58.3283333333333,111.278333333333,-9.72166666666667,63.5166666666666,10.1383333333333,995.296666666667
2016,12,16,82.6748333333333,497.191666666667,38.1466666666667,42.6966666666667,-10.1316666666667,66.655,9.12500000000001,996.135,82.6748333333333,497.191666666667,38.1466666666667,42.6966666666667,-10.1316666666667,66.655,9.12500000000001,996.135
2016,12,17,92.4483333333333,43.1833333333334,4.69666666666666,2.83333333333333,-10.775,68.0433333333333,8.41833333333333,996.903333333334,92.4483333333333,43.1833333333334,4.69666666666666,2.83333333333333,-10.775,68.0433333333333,8.41833333333333,996.903333333334
2016,12,18,103.218666666667,0.74,0,0.203333333333333,-11.0633333333333,69.685,7.46,997.471666666667,103.218666666667,0.74,0,0.203333333333333,-11.0633333333333,69.685,7.46,997.471666666667
2016,12,19,114.383166666667,1.08,0,0.201666666666666,-11.53,74.245,5.16166666666667,997.66,114.383166666667,1.08,0,0.201666666666666,-11.53,74.245,5.16166666666667,997.66
2016,12,20,125.807666666667,1.20833333333333,0,0.201666666666667,-12.05,73.7883333333333,5.41833333333333,997.628333333333,125.807666666667,1.20833333333333,0,0.201666666666667,-12.05,73.7883333333333,5.41833333333333,997.628333333333
2016,12,21,137.1845,1.16,0,0.228333333333333,-12.3866666666667,73.055,6.26833333333334,997.619999999999,137.1845,1.16,0,0.228333333333333,-12.3866666666667,73.055,6.26833333333334,997.619999999999
2016,12,22,147.998,1.01,0,0.2,-12.7233333333333,72.6666666666667,6.245,997.941666666667,147.998,1.01,0,0.2,-12.7233333333333,72.6666666666667,6.245,997.941666666667
2016,12,23,157,1.41,0,0.2,-13.1316666666667,72.8416666666667,4.94,997.948333333333,157,1.41,0,0.2,-13.1316666666667,72.8416666666667,4.94,997.948333333333
2016,13,0,161.144,1.88666666666667,0,0.2,-13.5116666666667,74.045,3.75833333333333,997.830000000001,161.144,1.88666666666667,0,0.2,-13.5116666666667,74.045,3.75833333333333,997.830000000001
2016,13,1,157.663833333333,2.525,0,0.2,-13.875,74.355,3.30333333333333,997.543333333333,157.663833333333,2.525,0,0.2,-13.875,74.355,3.30333333333333,997.543333333333
2016,13,2,148.952833333333,2.465,0,0.2,-14.1233333333334,74.5983333333334,3.12166666666667,997.818333333333,148.952833333333,2.465,0,0.2,-14.1233333333334,74.5983333333334,3.12166666666667,997.818333333333
2016,13,3,138.233,3.205,0,0.201666666666666,-14.3283333333333,76.79,2.10833333333333,997.893333333333,138.233,3.205,0,0.201666666666666,-14.3283333333333,76.79,2.10833333333333,997.893333333333
2016,13,4,126.874833333333,2.41666666666667,0,0.2,-14.345,79.97,2.015,997.576666666667,126.874833333333,2.41666666666667,0,0.2,-14.345,79.97,2.015,997.576666666667
2016,13,5,115.432666666667,1.54666666666667,0,0.201666666666666,-14.525,81.6133333333334,2.54,997.32,115.432666666667,1.54666666666667,0,0.201666666666666,-14.525,81.6133333333334,2.54,997.32
2016,13,6,104.219666666667,1.67,0,0.203333333333333,-14.3483333333333,79.415,3.41,996.396666666666,104.219666666667,1.67,0,0.203333333333333,-14.3483333333333,79.415,3.41,996.396666666666
2016,13,7,93.3935,19.7316666666667,1.76,0.93,-13.245,74.535,4.31166666666667,996.268333333334,93.3935,19.7316666666667,1.76,0.93,-13.245,74.535,4.31166666666667,996.268333333334
2016,13,8,83.4645,1.805,37.2216666666667,17.4066666666667,-12.21,72.1083333333333,5.175,995.466666666667,83.4645,1.805,37.2216666666667,17.4066666666667,-12.21,72.1083333333333,5.175,995.466666666667
2016,13,9,74.877,1.41666666666667,35.365,18.0966666666667,-10.82,72.4416666666667,6.21333333333333,995.595,74.877,1.41666666666667,35.365,18.0966666666667,-10.82,72.4416666666667,6.21333333333333,995.595
2016,13,10,67.9533333333333,2.08,98.5266666666667,48.8683333333333,-9.06833333333334,71.83,7.045,994.945,67.9533333333333,2.08,98.5266666666667,48.8683333333333,-9.06833333333334,71.83,7.045,994.945
2016,13,11,63.3586666666667,1.725,157.311666666667,76.4133333333333,-7.035,68.0233333333333,8.26833333333333,993.531666666667,63.3586666666667,1.725,157.311666666667,76.4133333333333,-7.035,68.0233333333333,8.26833333333333,993.531666666667
2016,13,12,61.6365,1.25166666666667,207.566666666667,98.4183333333333,-5.34166666666666,65.3133333333333,9.65833333333333,991.911666666667,61.6365,1.25166666666667,207.566666666667,98.4183333333333,-5.34166666666666,65.3133333333333,9.65833333333333,991.911666666667
2016,13,13,63.0301666666667,36.585,235.853333333333,116.206666666667,-3.855,62.97,9.51666666666666,989.823333333333,63.0301666666667,36.585,235.853333333333,116.206666666667,-3.855,62.97,9.51666666666666,989.823333333333
2016,13,14,67.3425,567.695,132.13,153.955,-2.19833333333333,59.4833333333333,10.1766666666667,987.955,67.3425,567.695,132.13,153.955,-2.19833333333333,59.4833333333333,10.1766666666667,987.955
2016,13,15,74.0466666666667,726.731666666666,54.32,109.048333333333,-0.925,59.0616666666667,10.885,986.598333333333,74.0466666666667,726.731666666666,54.32,109.048333333333,-0.925,59.0616666666667,10.885,986.598333333333
2016,13,16,82.4945,418.198333333333,41.2183333333333,41.4783333333333,0.0333333333333333,59.795,8.72833333333333,986.941666666667,82.4945,418.198333333333,41.2183333333333,41.4783333333333,0.0333333333333333,59.795,8.72833333333333,986.941666666667
2016,13,17,92.2541666666667,47.745,4.53,2.83666666666667,-0.853333333333333,69.0366666666667,5.32166666666666,986.776666666667,92.2541666666667,47.745,4.53,2.83666666666667,-0.853333333333333,69.0366666666667,5.32166666666666,986.776666666667
2016,13,18,103.045166666667,1.86166666666667,0.18,0.263333333333333,-1.275,74.5416666666667,2.93833333333333,987.346666666667,103.045166666667,1.86166666666667,0.18,0.263333333333333,-1.275,74.5416666666667,2.93833333333333,987.346666666667
2016,13,19,114.2135,0.863333333333334,-0.2,0.256666666666666,-1.38833333333333,77.6516666666667,3.23,987.158333333333,114.2135,0.863333333333334,-0.2,0.256666666666666,-1.38833333333333,77.6516666666667,3.23,987.158333333333
2016,13,20,125.639166666667,0.198333333333333,-0.396666666666666,0.198333333333333,-2.55833333333333,80.3733333333333,4.50166666666667,986.611666666667,125.639166666667,0.198333333333333,-0.396666666666666,0.198333333333333,-2.55833333333333,80.3733333333333,4.50166666666667,986.611666666667
2016,13,21,137.013166666667,0.491666666666667,-0.4,0.2,-3.30666666666667,83.0366666666666,5.15833333333333,986.164999999999,137.013166666667,0.491666666666667,-0.4,0.2,-3.30666666666667,83.0366666666666,5.15833333333333,986.164999999999
2016,13,22,147.8195,0.793333333333333,-0.381666666666667,0.2,-3.705,84.6383333333333,4.14166666666666,985.996666666667,147.8195,0.793333333333333,-0.381666666666667,0.2,-3.705,84.6383333333333,4.14166666666666,985.996666666667
2016,13,23,156.8115,2.115,-0.055,0.2,-2.88,82.315,5.425,985.83,156.8115,2.115,-0.055,0.2,-2.88,82.315,5.425,985.83
2016,14,0,160.974,0.549999999999999,-0.336666666666667,0.2,-2.48,80.935,5.585,985.515,160.974,0.549999999999999,-0.336666666666667,0.2,-2.48,80.935,5.585,985.515
2016,14,1,157.558666666667,0.453333333333333,-0.346666666666667,0.226666666666667,-3.53166666666667,84.7116666666666,3.995,984.961666666667,157.558666666667,0.453333333333333,-0.346666666666667,0.226666666666667,-3.53166666666667,84.7116666666666,3.995,984.961666666667
2016,14,2,148.897833333333,2.18333333333333,-0.025,0.206666666666666,-3.31333333333333,84.5966666666666,3.27833333333333,984.764999999999,148.897833333333,2.18333333333333,-0.025,0.206666666666666,-3.31333333333333,84.5966666666666,3.27833333333333,984.764999999999
2016,14,3,138.2,2.32,-0.075,0.206666666666666,-3.05666666666667,83.6666666666667,2.895,984.311666666666,138.2,2.32,-0.075,0.206666666666666,-3.05666666666667,83.6666666666667,2.895,984.311666666666
2016,14,4,126.848833333333,2.24666666666667,-0.121666666666667,0.22,-2.84,83.805,2.82833333333333,983.885,126.848833333333,2.24666666666667,-0.121666666666667,0.22,-2.84,83.805,2.82833333333333,983.885
2016,14,5,115.403333333333,2.04333333333333,-0.01,0.2,-3.08166666666666,85.7783333333333,3.785,983.626666666666,115.403333333333,2.04333333333333,-0.01,0.2,-3.08166666666666,85.7783333333333,3.785,983.626666666666
2016,14,6,104.182333333333,1.87666666666667,-0.085,0.2,-3.23333333333334,87.8599999999999,3.61333333333333,983.440000000001,104.182333333333,1.87666666666667,-0.085,0.2,-3.23333333333334,87.8599999999999,3.61333333333333,983.440000000001
2016,14,7,93.3458333333333,19.8083333333333,4.19166666666667,1.965,-2.90833333333333,88.975,4.00666666666667,983.126666666667,93.3458333333333,19.8083333333333,4.19166666666667,1.965,-2.90833333333333,88.975,4.00666666666667,983.126666666667
2016,14,8,83.3961666666667,340.27,55.325,43.7733333333333,-1.35833333333333,87.365,4.63833333333333,982.93,83.3961666666667,340.27,55.325,43.7733333333333,-1.35833333333333,87.365,4.63833333333333,982.93
2016,14,9,74.7851666666667,596.355,85.8283333333333,108.033333333333,1.95166666666667,81.98,6.075,982.845,74.7851666666667,596.355,85.8283333333333,108.033333333333,1.95166666666667,81.98,6.075,982.845
2016,14,10,67.8348333333333,801.801666666667,60.9033333333333,159.293333333333,4.77166666666667,74.1266666666667,7.16333333333333,982.356666666666,67.8348333333333,801.801666666667,60.9033333333333,159.293333333333,4.77166666666667,74.1266666666667,7.16333333333333,982.356666666666
2016,14,11,63.2106666666667,886.273333333333,62.525,200.036666666667,7.135,67.8916666666667,9.46333333333333,981.608333333333,63.2106666666667,886.273333333333,62.525,200.036666666667,7.135,67.8916666666667,9.46333333333333,981.608333333333
2016,14,12,61.4648333333333,908.835,62.11,213.716666666667,8.625,66.145,10.87,980.62,61.4648333333333,908.835,62.11,213.716666666667,8.625,66.145,10.87,980.62
2016,14,13,62.8431666666667,898.146666666667,60.5683333333333,201.425,10.02,63.905,10.43,979.743333333334,62.8431666666667,898.146666666667,60.5683333333333,201.425,10.02,63.905,10.43,979.743333333334
2016,14,14,67.1483333333333,849.29,57.5283333333333,164.565,10.85,62.7533333333333,9.70166666666667,978.996666666668,67.1483333333333,849.29,57.5283333333333,164.565,10.85,62.7533333333333,9.70166666666667,978.996666666668
2016,14,15,73.8556666666667,745.961666666666,49.3883333333333,108.176666666667,10.86,65.6316666666666,8.61,978.738333333332,73.8556666666667,745.961666666666,49.3883333333333,108.176666666667,10.86,65.6316666666666,8.61,978.738333333332
2016,14,16,82.3106666666667,512.853333333333,31.635,43.11,9.99833333333333,67.3066666666667,7.66666666666667,978.783333333334,82.3106666666667,512.853333333333,31.635,43.11,9.99833333333333,67.3066666666667,7.66666666666667,978.783333333334
2016,14,17,92.0685,54.3866666666666,4.70833333333333,3.21166666666667,8.145,69.5133333333333,7.435,978.445000000001,92.0685,54.3866666666666,4.70833333333333,3.21166666666667,8.145,69.5133333333333,7.435,978.445000000001
2016,14,18,102.869333333333,-0.76,-0.205,0.355,6.12666666666667,75.7983333333334,6.05166666666667,978.21,102.869333333333,-0.76,-0.205,0.355,6.12666666666667,75.7983333333334,6.05166666666667,978.21
2016,14,19,114.041666666667,1.08,0,0.39,6.27666666666667,75.595,6.88833333333333,977.891666666667,114.041666666667,1.08,0,0.39,6.27666666666667,75.595,6.88833333333333,977.891666666667
2016,14,20,125.4685,0.333333333333333,-0.17,0.325,6.66833333333334,76.7733333333333,8.635,977.445000000001,125.4685,0.333333333333333,-0.17,0.325,6.66833333333334,76.7733333333333,8.635,977.445000000001
2016,14,21,136.839666666667,-0.543333333333333,-0.355,0.11,5.82166666666667,81.9966666666667,7.79166666666667,977.330000000001,136.839666666667,-0.543333333333333,-0.355,0.11,5.82166666666667,81.9966666666667,7.79166666666667,977.330000000001
2016,14,22,147.636833333333,0.844999999999999,-0.0866666666666667,0.195,5.83,83.6033333333333,8.40333333333333,977.011666666667,147.636833333333,0.844999999999999,-0.0866666666666667,0.195,5.83,83.6033333333333,8.40333333333333,977.011666666667
2016,14,23,156.618666666667,-0.21,-0.333333333333334,0.191666666666667,5.485,83.6816666666666,7.36833333333333,976.940000000001,156.618666666667,-0.21,-0.333333333333334,0.191666666666667,5.485,83.6816666666666,7.36833333333333,976.940000000001
2016,15,0,160.7975,0.113333333333333,-0.208333333333333,0.196666666666666,4.81666666666667,83.1333333333334,6.98833333333333,976.685,160.7975,0.113333333333333,-0.208333333333333,0.196666666666666,4.81666666666667,83.1333333333334,6.98833333333333,976.685
2016,15,1,157.445166666667,0.34,-0.105,0.166666666666667,4.45833333333334,82.5833333333333,6.93833333333333,976.033333333334,157.445166666667,0.34,-0.105,0.166666666666667,4.45833333333334,82.5833333333333,6.93833333333333,976.033333333334
2016,15,2,148.8355,0.465,-0.03,0.155,4.16833333333333,83.2216666666667,6.73666666666667,975.405,148.8355,0.465,-0.03,0.155,4.16833333333333,83.2216666666667,6.73666666666667,975.405
2016,15,3,138.159833333333,0.565,-0.005,0.113333333333333,4.33333333333334,82.6083333333333,6.99333333333333,974.744999999999,138.159833333333,0.565,-0.005,0.113333333333333,4.33333333333334,82.6083333333333,6.99333333333333,974.744999999999
2016,15,4,126.815166666667,0.541666666666667,-0.00666666666666667,0.121666666666667,4.48166666666666,82.915,7.10333333333333,974.135,126.815166666667,0.541666666666667,-0.00666666666666667,0.121666666666667,4.48166666666666,82.915,7.10333333333333,974.135
2016,15,5,115.368833333333,0.778333333333333,-0.0133333333333333,0.108333333333333,4.58666666666667,82.41,6.55666666666667,973.265,115.368833333333,0.778333333333333,-0.0133333333333333,0.108333333333333,4.58666666666667,82.41,6.55666666666667,973.265
2016,15,6,104.139166666667,0.168333333333333,0,0,4.65166666666667,82.7483333333333,5.72833333333333,972.678333333333,104.139166666667,0.168333333333333,0,0,4.65166666666667,82.7483333333333,5.72833333333333,972.678333333333
2016,15,7,93.2783333333333,0.106666666666667,0.896666666666666,0.551666666666667,4.18333333333334,85.0583333333334,5.47,972.048333333333,93.2783333333333,0.106666666666667,0.896666666666666,0.551666666666667,4.18333333333334,85.0583333333334,5.47,972.048333333333
2016,15,8,83.3218333333333,1.38,12.315,6.17166666666667,4.51333333333333,87.2916666666667,5.36166666666667,972.133333333333,83.3218333333333,1.38,12.315,6.17166666666667,4.51333333333333,87.2916666666667,5.36166666666667,972.133333333333
2016,15,9,74.6858333333333,0.851666666666667,26.6216666666667,13.5916666666667,5.295,90.3233333333333,6.095,971.883333333333,74.6858333333333,0.851666666666667,26.6216666666667,13.5916666666667,5.295,90.3233333333333,6.095,971.883333333333
2016,15,10,67.7071666666667,0.666666666666666,19.1166666666667,10.7066666666667,5.555,92.1100000000001,5.405,972.023333333333,67.7071666666667,0.666666666666666,19.1166666666667,10.7066666666667,5.555,92.1100000000001,5.405,972.023333333333
2016,15,11,63.0556666666667,0.69,26.6683333333333,14.9633333333333,5.60666666666666,94.0333333333333,4.45166666666667,972.028333333333,63.0556666666667,0.69,26.6683333333333,14.9633333333333,5.60666666666666,94.0333333333333,4.45166666666667,972.028333333333
2016,15,12,61.2871666666667,0.748333333333333,42.9166666666667,22.9783333333333,5.725,94.8166666666666,3.32,971.298333333333,61.2871666666667,0.748333333333333,42.9166666666667,22.9783333333333,5.725,94.8166666666666,3.32,971.298333333333
2016,15,13,62.6498333333333,-0.191666666666667,70.2666666666667,34.0816666666667,4.53666666666667,92.1233333333333,8.05,971.229999999999,62.6498333333333,-0.191666666666667,70.2666666666667,34.0816666666667,4.53666666666667,92.1233333333333,8.05,971.229999999999
2016,15,14,66.9496666666667,-0.415,97.1316666666666,44.4333333333333,2.325,87.975,9.74166666666667,971.913333333334,66.9496666666667,-0.415,97.1316666666666,44.4333333333333,2.325,87.975,9.74166666666667,971.913333333334
2016,15,15,73.6585,-0.568333333333333,43.8583333333333,20.235,-0.65,92.0983333333333,9.90333333333334,973.095,73.6585,-0.568333333333333,43.8583333333333,20.235,-0.65,92.0983333333333,9.90333333333334,973.095
2016,15,16,82.123,0.645,9.37833333333334,4.53333333333333,-0.893333333333333,90.7016666666667,9.89666666666666,974.32,82.123,0.645,9.37833333333334,4.53333333333333,-0.893333333333333,90.7016666666667,9.89666666666666,974.32
2016,15,17,91.8826666666667,0.926666666666668,0.601666666666666,0.396666666666667,-0.756666666666667,87.765,9.42166666666667,975.696666666666,91.8826666666667,0.926666666666668,0.601666666666666,0.396666666666667,-0.756666666666667,87.765,9.42166666666667,975.696666666666
2016,15,18,102.6915,1.09166666666667,-0.22,0.145,-0.945,89.925,9.62333333333333,976.683333333334,102.6915,1.09166666666667,-0.22,0.145,-0.945,89.925,9.62333333333333,976.683333333334
2016,15,19,113.868333333333,1.12,-0.263333333333333,0.163333333333333,-1.19833333333333,91.5816666666667,9.345,977.318333333333,113.868333333333,1.12,-0.263333333333333,0.163333333333333,-1.19833333333333,91.5816666666667,9.345,977.318333333333
2016,15,20,125.296166666667,1.175,-0.263333333333333,0.195,-1.40666666666667,91.2616666666666,9.69666666666667,978.15,125.296166666667,1.175,-0.263333333333333,0.195,-1.40666666666667,91.2616666666666,9.69666666666667,978.15
2016,15,21,136.6645,1.11833333333333,-0.238333333333333,0.171666666666667,-1.505,89.76,9.63333333333334,979.093333333333,136.6645,1.11833333333333,-0.238333333333333,0.171666666666667,-1.505,89.76,9.63333333333334,979.093333333333
2016,15,22,147.4515,1.1,-0.228333333333333,0.193333333333333,-1.785,90.8833333333333,8.75666666666667,979.748333333333,147.4515,1.1,-0.228333333333333,0.193333333333333,-1.785,90.8833333333333,8.75666666666667,979.748333333333
2016,15,23,156.419333333333,1.26333333333333,-0.146666666666667,0.2,-1.94,90.8883333333333,8.35166666666667,979.885,156.419333333333,1.26333333333333,-0.146666666666667,0.2,-1.94,90.8883333333333,8.35166666666667,979.885
2016,16,0,160.613166666667,1.19333333333333,-0.3,0.2,-2.11166666666667,89.3833333333333,8.14,980.356666666667,160.613166666667,1.19333333333333,-0.3,0.2,-2.11166666666667,89.3833333333333,8.14,980.356666666667
2016,16,1,157.324166666667,1.22,-0.278333333333333,0.198333333333333,-2.18166666666667,88.3183333333333,7.565,980.951666666667,157.324166666667,1.22,-0.278333333333333,0.198333333333333,-2.18166666666667,88.3183333333333,7.565,980.951666666667
2016,16,2,148.764666666667,1.285,-0.146666666666667,0.2,-2.27666666666667,88.3066666666667,7.71666666666667,981.741666666667,148.764666666667,1.285,-0.146666666666667,0.2,-2.27666666666667,88.3066666666667,7.71666666666667,981.741666666667
2016,16,3,138.1135,1.18166666666667,-0.00666666666666667,0.2,-2.46333333333333,87.895,7.99166666666667,982.34,138.1135,1.18166666666667,-0.00666666666666667,0.2,-2.46333333333333,87.895,7.99166666666667,982.34
2016,16,4,126.776166666667,1.2,-0.0566666666666667,0.2,-2.72,87.4,8.55,982.971666666667,126.776166666667,1.2,-0.0566666666666667,0.2,-2.72,87.4,8.55,982.971666666667
2016,16,5,115.327333333333,1.2,-0.01,0.2,-2.84333333333333,87.3933333333333,7.69,983.865,115.327333333333,1.2,-0.01,0.2,-2.84333333333333,87.3933333333333,7.69,983.865
2016,16,6,104.090333333333,1.22166666666667,-0.00666666666666667,0.2,-2.98,87.6083333333333,7.61833333333333,984.871666666666,104.090333333333,1.22166666666667,-0.00666666666666667,0.2,-2.98,87.6083333333333,7.61833333333333,984.871666666666
2016,16,7,93.2176666666667,1.03,1.225,0.878333333333333,-2.94666666666667,87.0366666666667,6.82166666666667,985.66,93.2176666666667,1.03,1.225,0.878333333333333,-2.94666666666667,87.0366666666667,6.82166666666667,985.66
2016,16,8,83.241,0.543333333333333,20.5283333333333,10,-3.32166666666667,85.3883333333333,7.57666666666667,986.625000000001,83.241,0.543333333333333,20.5283333333333,10,-3.32166666666667,85.3883333333333,7.57666666666667,986.625000000001
2016,16,9,74.5801666666667,0.771666666666667,75.0266666666667,35.035,-3.5,86.5616666666667,7.435,987.37,74.5801666666667,0.771666666666667,75.0266666666667,35.035,-3.5,86.5616666666667,7.435,987.37
2016,16,10,67.574,0.558333333333333,85.8283333333333,40.9966666666667,-3.415,85.5366666666667,7.31166666666667,988.286666666667,67.574,0.558333333333333,85.8283333333333,40.9966666666667,-3.415,85.5366666666667,7.31166666666667,988.286666666667
2016,16,11,62.8945,4.98333333333333,206.735,95.215,-3.22,84.2433333333334,6.52166666666667,988.308333333333,62.8945,4.98333333333333,206.735,95.215,-3.22,84.2433333333334,6.52166666666667,988.308333333333
2016,16,12,61.1011666666667,336.913333333333,274.605,187.541666666667,-2.61833333333333,81.205,5.73,987.866666666668,61.1011666666667,336.913333333333,274.605,187.541666666667,-2.61833333333333,81.205,5.73,987.866666666668
2016,16,13,62.451,4.44666666666667,183.075,84.7583333333333,-3.03166666666666,81.565,5.43166666666667,987.786666666667,62.451,4.44666666666667,183.075,84.7583333333333,-3.03166666666666,81.565,5.43166666666667,987.786666666667
2016,16,14,66.747,0.505,117.908333333333,54.8916666666667,-3.465,83.415,6.01166666666667,988.378333333333,66.747,0.505,117.908333333333,54.8916666666667,-3.465,83.415,6.01166666666667,988.378333333333
2016,16,15,73.4583333333333,0.255,61.8783333333333,29.2416666666667,-3.82166666666667,85.15,6.25666666666667,988.801666666667,73.4583333333333,0.255,61.8783333333333,29.2416666666667,-3.82166666666667,85.15,6.25666666666667,988.801666666667
2016,16,16,81.9316666666667,6.02999999999999,42.6766666666667,20.1283333333333,-3.50333333333334,79.8116666666667,5.63666666666667,989.126666666666,81.9316666666667,6.02999999999999,42.6766666666667,20.1283333333333,-3.50333333333334,79.8116666666667,5.63666666666667,989.126666666666
2016,16,17,91.692,4.38,3.56,2.13,-3.48166666666667,80.5966666666666,4.33,989.188333333333,91.692,4.38,3.56,2.13,-3.48166666666667,80.5966666666666,4.33,989.188333333333
2016,16,18,102.511166666667,1.45,-0.331666666666667,0.2,-3.69,84.8766666666667,3.45833333333333,989.581666666666,102.511166666667,1.45,-0.331666666666667,0.2,-3.69,84.8766666666667,3.45833333333333,989.581666666666
2016,16,19,113.692166666667,0.7,-0.341666666666667,0.2,-4.09333333333333,86.45,4.04166666666667,989.969999999999,113.692166666667,0.7,-0.341666666666667,0.2,-4.09333333333333,86.45,4.04166666666667,989.969999999999
2016,16,20,125.121833333333,2.06,0.381666666666666,0.2,-4.12833333333333,80.8783333333333,5.02,989.818333333333,125.121833333333,2.06,0.381666666666666,0.2,-4.12833333333333,80.8783333333333,5.02,989.818333333333
2016,16,21,136.486166666667,1.93333333333333,0.276666666666667,0.208333333333333,-4.20666666666667,80.13,5.04666666666667,989.878333333334,136.486166666667,1.93333333333333,0.276666666666667,0.208333333333333,-4.20666666666667,80.13,5.04666666666667,989.878333333334
2016,16,22,147.264,1.225,0.05,0.206666666666667,-4.505,76.1083333333333,6.03166666666667,990.126666666666,147.264,1.225,0.05,0.206666666666667,-4.505,76.1083333333333,6.03166666666667,990.126666666666
2016,16,23,156.217166666667,1.2,0.06,0.2,-4.83333333333333,75.2233333333334,5.49666666666667,989.805,156.217166666667,1.2,0.06,0.2,-4.83333333333333,75.2233333333334,5.49666666666667,989.805
2016,17,0,160.4225,1.32166666666667,0.0366666666666666,0.2,-5.14333333333333,76.0433333333333,5.30666666666667,989.466666666667,160.4225,1.32166666666667,0.0366666666666666,0.2,-5.14333333333333,76.0433333333333,5.30666666666667,989.466666666667
2016,17,1,157.192833333333,1,-0.055,0.2,-5.78,75.5866666666667,5.83833333333334,989.666666666667,157.192833333333,1,-0.055,0.2,-5.78,75.5866666666667,5.83833333333334,989.666666666667
2016,17,2,148.687333333333,1.27833333333333,0.03,0.2,-6.5,83.0583333333333,5.03166666666667,989.911666666667,148.687333333333,1.27833333333333,0.03,0.2,-6.5,83.0583333333333,5.03166666666667,989.911666666667
2016,17,3,138.060833333333,1.35333333333333,-0.0816666666666666,0.2,-7.10833333333334,84.915,5.37666666666667,989.568333333334,138.060833333333,1.35333333333333,-0.0816666666666666,0.2,-7.10833333333334,84.915,5.37666666666667,989.568333333334
2016,17,4,126.732333333333,0.685,-0.385,0.2,-8.73333333333333,84.685,6.06833333333333,989.468333333333,126.732333333333,0.685,-0.385,0.2,-8.73333333333333,84.685,6.06833333333333,989.468333333333
2016,17,5,115.281166666667,0.311666666666667,-0.323333333333333,0.2,-10.21,84.62,7.73666666666667,990.401666666667,115.281166666667,0.311666666666667,-0.323333333333333,0.2,-10.21,84.62,7.73666666666667,990.401666666667
2016,17,6,104.034833333333,-0.111666666666667,-0.253333333333333,0.2,-11.99,85.15,8.715,991.473333333334,104.034833333333,-0.111666666666667,-0.253333333333333,0.2,-11.99,85.15,8.715,991.473333333334
2016,17,7,93.1386666666667,0.115,2.36,1.45166666666667,-13.3833333333333,78.4566666666667,8.71166666666667,992.396666666667,93.1386666666667,0.115,2.36,1.45166666666667,-13.3833333333333,78.4566666666667,8.71166666666667,992.396666666667
2016,17,8,83.1545,18.215,43.5383333333333,22.6533333333333,-13.7616666666667,79.25,7.87333333333333,992.946666666667,83.1545,18.215,43.5383333333333,22.6533333333333,-13.7616666666667,79.25,7.87333333333333,992.946666666667
2016,17,9,74.4665,643.211666666667,79.1583333333333,109.366666666667,-13.8366666666667,69.1433333333333,8.30833333333334,993.748333333333,74.4665,643.211666666667,79.1583333333333,109.366666666667,-13.8366666666667,69.1433333333333,8.30833333333334,993.748333333333
2016,17,10,67.4333333333333,894.361666666667,77.1416666666667,181.771666666667,-14.18,62.455,9.525,994.695,67.4333333333333,894.361666666667,77.1416666666667,181.771666666667,-14.18,62.455,9.525,994.695
2016,17,11,62.7258333333333,857.226666666667,115.893333333333,220.891666666667,-14.5366666666667,60.7583333333333,9.03,995.243333333334,62.7258333333333,857.226666666667,115.893333333333,220.891666666667,-14.5366666666667,60.7583333333333,9.03,995.243333333334
2016,17,12,60.9095,851.84,131.448333333333,237.775,-14.4933333333333,63.0633333333333,8.92333333333334,994.783333333333,60.9095,851.84,131.448333333333,237.775,-14.4933333333333,63.0633333333333,8.92333333333334,994.783333333333
2016,17,13,62.2451666666667,824.848333333333,110.236666666667,215.893333333333,-14.0783333333333,62.7366666666667,9.31333333333333,994.336666666668,62.2451666666667,824.848333333333,110.236666666667,215.893333333333,-14.0783333333333,62.7366666666667,9.31333333333333,994.336666666668
2016,17,14,66.538,540.133333333333,166.426666666667,168.623333333333,-13.6533333333333,63.2983333333333,9.415,994.443333333333,66.538,540.133333333333,166.426666666667,168.623333333333,-13.6533333333333,63.2983333333333,9.415,994.443333333333
2016,17,15,73.2543333333333,434.711666666667,106.121666666667,98.2266666666667,-13.495,61.1916666666667,9.05666666666667,995.041666666665,73.2543333333333,434.711666666667,106.121666666667,98.2266666666667,-13.495,61.1916666666667,9.05666666666667,995.041666666665
2016,17,16,81.7371666666667,342.736666666667,64.9216666666667,49.1316666666667,-13.405,61.3833333333334,8.56,995.496666666666,81.7371666666667,342.736666666667,64.9216666666667,49.1316666666667,-13.405,61.3833333333334,8.56,995.496666666666
2016,17,17,91.5,44.1333333333334,7.195,3.64210526315789,-13.8216666666667,65.5666666666667,7.88833333333334,996.135,91.5,44.1333333333334,7.195,3.64210526315789,-13.8216666666667,65.5666666666667,7.88833333333334,996.135
2016,17,18,102.329,0.729999999999999,0,0.2,-14.1733333333333,68.1783333333333,7.825,996.83,102.329,0.729999999999999,0,0.2,-14.1733333333333,68.1783333333333,7.825,996.83
2016,17,19,113.515666666667,0.783333333333333,0,0.2,-14.4166666666667,68.3716666666667,7.58833333333333,997.438333333333,113.515666666667,0.783333333333333,0,0.2,-14.4166666666667,68.3716666666667,7.58833333333333,997.438333333333
2016,17,20,124.944666666667,0.708333333333333,0,0.2,-14.7583333333333,66.1666666666667,8.05166666666667,997.888333333333,124.944666666667,0.708333333333333,0,0.2,-14.7583333333333,66.1666666666667,8.05166666666667,997.888333333333
2016,17,21,136.3055,0.684999999999999,0,0.2,-15.1783333333333,64.8316666666667,8.20166666666667,998.396666666666,136.3055,0.684999999999999,0,0.2,-15.1783333333333,64.8316666666667,8.20166666666667,998.396666666666
2016,17,22,147.072666666667,0.49,0,0.2,-15.745,64.7166666666667,8.35666666666667,998.936666666667,147.072666666667,0.49,0,0.2,-15.745,64.7166666666667,8.35666666666667,998.936666666667
2016,17,23,156.01,0.731666666666666,0,0.2,-16.2566666666667,65.9516666666667,7.595,999.285000000001,156.01,0.731666666666666,0,0.2,-16.2566666666667,65.9516666666667,7.595,999.285000000001
2016,18,0,160.225833333333,0.758333333333333,0,0.2,-16.665,65.76,8.44166666666667,999.136666666666,160.225833333333,0.758333333333333,0,0.2,-16.665,65.76,8.44166666666667,999.136666666666
2016,18,1,157.055833333333,0.794999999999999,0,0.2,-16.92,68.52,7.43666666666667,999.141666666666,157.055833333333,0.794999999999999,0,0.2,-16.92,68.52,7.43666666666667,999.141666666666
2016,18,2,148.602333333333,0.799999999999999,0,0.2,-17.1183333333333,69.9633333333333,7.34,999.534999999999,148.602333333333,0.799999999999999,0,0.2,-17.1183333333333,69.9633333333333,7.34,999.534999999999
2016,18,3,138.000333333333,0.781666666666666,0,0.2,-17.4083333333333,69.895,7.56666666666667,999.733333333334,138.000333333333,0.781666666666666,0,0.2,-17.4083333333333,69.895,7.56666666666667,999.733333333334
2016,18,4,126.679166666667,0.799999999999999,0,0.2,-17.71,70.0816666666667,7.68833333333333,999.923333333334,126.679166666667,0.799999999999999,0,0.2,-17.71,70.0816666666667,7.68833333333333,999.923333333334
2016,18,5,115.227,0.799999999999999,0,0.2,-17.9433333333333,71.4433333333333,6.67333333333334,1000.22833333333,115.227,0.799999999999999,0,0.2,-17.9433333333333,71.4433333333333,6.67333333333334,1000.22833333333
2016,18,6,103.972333333333,1.16,0,0.2,-18.09,76.1583333333333,5.16166666666667,1000.64833333333,103.972333333333,1.16,0,0.2,-18.09,76.1583333333333,5.16166666666667,1000.64833333333
2016,18,7,93.0668333333333,33.0116666666667,3.58166666666667,2.20166666666667,-18.175,78.75,5.74833333333333,1001.3,93.0668333333333,33.0116666666667,3.58166666666667,2.20166666666667,-18.175,78.75,5.74833333333333,1001.3
2016,18,8,83.0611666666667,356.845,42.0733333333333,36.2866666666667,-18.0916666666667,77.005,6.37666666666667,1001.67333333333,83.0611666666667,356.845,42.0733333333333,36.2866666666667,-18.0916666666667,77.005,6.37666666666667,1001.67333333333
2016,18,9,74.3473333333333,517.246666666667,102.296666666667,106.641666666667,-17.6683333333333,74.86,5.585,1002.04166666667,74.3473333333333,517.246666666667,102.296666666667,106.641666666667,-17.6683333333333,74.86,5.585,1002.04166666667
2016,18,10,67.2858333333333,796.681666666667,85.02,172.223333333333,-16.8033333333333,71.0683333333333,5.02,1002.28666666667,67.2858333333333,796.681666666667,85.02,172.223333333333,-16.8033333333333,71.0683333333333,5.02,1002.28666666667
2016,18,11,62.5506666666667,769.733333333333,118.58,208.746666666667,-15.8033333333333,68.6033333333333,5.80166666666667,1002.27333333333,62.5506666666667,769.733333333333,118.58,208.746666666667,-15.8033333333333,68.6033333333333,5.80166666666667,1002.27333333333
2016,18,12,60.7123333333333,713.091666666667,171.518333333333,228.765,-15.0166666666667,66.45,6.46166666666667,1001.97833333333,60.7123333333333,713.091666666667,171.518333333333,228.765,-15.0166666666667,66.45,6.46166666666667,1001.97833333333
2016,18,13,62.0335,156.716666666667,206.246666666667,130.501666666667,-14.665,65.5166666666667,6.27,1001.42166666667,62.0335,156.716666666667,206.246666666667,130.501666666667,-14.665,65.5166666666667,6.27,1001.42166666667
2016,18,14,66.3246666666667,220.986666666667,209.201666666667,133.711666666667,-14.155,64.9966666666666,6.52666666666667,1001.09833333333,66.3246666666667,220.986666666667,209.201666666667,133.711666666667,-14.155,64.9966666666666,6.52666666666667,1001.09833333333
2016,18,15,73.0458333333333,230.11,110.555,81.135,-13.9416666666667,64.405,6.03333333333333,1000.91,73.0458333333333,230.11,110.555,81.135,-13.9416666666667,64.405,6.03333333333333,1000.91
2016,18,16,81.5393333333333,264.611666666667,63.755,46.7966666666667,-13.5366666666667,65.5783333333333,6.29333333333333,1001.18666666667,81.5393333333333,264.611666666667,63.755,46.7966666666667,-13.5366666666667,65.5783333333333,6.29333333333333,1001.18666666667
2016,18,17,91.3055,0.23,6.01833333333333,3.11666666666666,-13.695,68.0516666666667,6.84666666666667,1001.515,91.3055,0.23,6.01833333333333,3.11666666666666,-13.695,68.0516666666667,6.84666666666667,1001.515
2016,18,18,102.144,0.755,0,0.2,-13.895,69.6316666666667,5.61,1001.91166666667,102.144,0.755,0,0.2,-13.895,69.6316666666667,5.61,1001.91166666667
2016,18,19,113.3355,1.06166666666667,0,0.2,-14.3433333333333,72.71,3.77333333333333,1002.18166666667,113.3355,1.06166666666667,0,0.2,-14.3433333333333,72.71,3.77333333333333,1002.18166666667
2016,18,20,124.766833333333,1.54666666666667,0,0.2,-14.63,75.4,3.22666666666667,1002.39666666667,124.766833333333,1.54666666666667,0,0.2,-14.63,75.4,3.22666666666667,1002.39666666667
2016,18,21,136.123166666667,2.25166666666667,0,0.2,-14.8783333333333,76.795,3.51666666666667,1002.39666666667,136.123166666667,2.25166666666667,0,0.2,-14.8783333333333,76.795,3.51666666666667,1002.39666666667
2016,18,22,146.878833333333,1.64333333333333,0,0.2,-15.04,78.515,3.35833333333333,1002.95166666667,146.878833333333,1.64333333333333,0,0.2,-15.04,78.515,3.35833333333333,1002.95166666667
2016,18,23,155.798333333333,2.89666666666667,0,0.2,-15.1333333333334,79.225,2.89,1003.065,155.798333333333,2.89666666666667,0,0.2,-15.1333333333334,79.225,2.89,1003.065
2016,19,0,160.021833333333,3.95666666666667,0,0.2,-15.005,78.3433333333333,4.11333333333333,1002.825,160.021833333333,3.95666666666667,0,0.2,-15.005,78.3433333333333,4.11333333333333,1002.825
2016,19,1,156.910666666667,2.65833333333333,0,0.2,-15.1066666666667,77.23,3.375,1003.03,156.910666666667,2.65833333333333,0,0.2,-15.1066666666667,77.23,3.375,1003.03
2016,19,2,148.5095,4.67166666666667,0,0.2,-15.32,76.22,2.54333333333333,1003.21833333333,148.5095,4.67166666666667,0,0.2,-15.32,76.22,2.54333333333333,1003.21833333333
2016,19,3,137.934333333333,4.26333333333333,0,0.2,-15.4716666666667,75.005,2.59,1004.105,137.934333333333,4.26333333333333,0,0.2,-15.4716666666667,75.005,2.59,1004.105
2016,19,4,126.620666666667,3.69333333333333,0,0.2,-15.5466666666667,76.2866666666667,2.70333333333333,1005.34,126.620666666667,3.69333333333333,0,0.2,-15.5466666666667,76.2866666666667,2.70333333333333,1005.34
2016,19,5,115.1675,4.24666666666666,0,0.2,-15.68,74.1733333333333,3.25333333333333,1005.74,115.1675,4.24666666666666,0,0.2,-15.68,74.1733333333333,3.25333333333333,1005.74
2016,19,6,103.9045,4.74666666666667,0,0.2,-15.8316666666666,75.3316666666667,1.82,1005.94,103.9045,4.74666666666667,0,0.2,-15.8316666666666,75.3316666666667,1.82,1005.94
2016,19,7,92.9761666666667,6.97,5.33,2.37833333333333,-15.76,75.9616666666667,1.04666666666667,1006.08166666667,92.9761666666667,6.97,5.33,2.37833333333333,-15.76,75.9616666666667,1.04666666666667,1006.08166666667
2016,19,8,82.9613333333333,111.555,56.6566666666667,33.2166666666667,-15.38,75.1383333333333,1.85,1006.25666666667,82.9613333333333,111.555,56.6566666666667,33.2166666666667,-15.38,75.1383333333333,1.85,1006.25666666667
2016,19,9,74.2215,410.538333333333,106.338333333333,99.58,-13.8116666666667,67.9,0.558333333333333,1007.24833333333,74.2215,410.538333333333,106.338333333333,99.58,-13.8116666666667,67.9,0.558333333333333,1007.24833333333
2016,19,10,67.132,666.3,131.29,172.103333333333,-12.4783333333333,65.2316666666667,1.08,1007.92,67.132,666.3,131.29,172.103333333333,-12.4783333333333,65.2316666666667,1.08,1007.92
2016,19,11,62.3675,791.915,140.713333333333,223.721666666667,-11.24,61.2533333333333,0.983333333333334,1007.46166666667,62.3675,791.915,140.713333333333,223.721666666667,-11.24,61.2533333333333,0.983333333333334,1007.46166666667
2016,19,12,60.5065,962.851666666667,74.7016666666667,238.176666666667,-9.94833333333333,56.8116666666667,1.00166666666667,1006.66,60.5065,962.851666666667,74.7016666666667,238.176666666667,-9.94833333333333,56.8116666666667,1.00166666666667,1006.66
2016,19,13,61.817,886.25,92.12,222.29,-9.43166666666667,60.5366666666667,1.86,1005.62833333333,61.817,886.25,92.12,222.29,-9.43166666666667,60.5366666666667,1.86,1005.62833333333
2016,19,14,66.1063333333333,904.835,66.75,187.238333333333,-8.89166666666666,59.5933333333333,2.34833333333333,1004.62166666667,66.1063333333333,904.835,66.75,187.238333333333,-8.89166666666666,59.5933333333333,2.34833333333333,1004.62166666667
2016,19,15,72.8335,714.206666666667,63.78,120.183333333333,-8.62833333333333,62.2733333333333,3.44333333333333,1004.28833333333,72.8335,714.206666666667,63.78,120.183333333333,-8.62833333333333,62.2733333333333,3.44333333333333,1004.28833333333
2016,19,16,81.3375,145.421666666667,48.8633333333333,35.495,-8.665,63.6333333333333,3.16,1004.05166666667,81.3375,145.421666666667,48.8633333333333,35.495,-8.665,63.6333333333333,3.16,1004.05166666667
2016,19,17,91.1098333333333,0.988333333333334,5.75833333333333,3.135,-8.705,66.5316666666667,2.94666666666667,1003.92666666667,91.1098333333333,0.988333333333334,5.75833333333333,3.135,-8.705,66.5316666666667,2.94666666666667,1003.92666666667
2016,19,18,101.957166666667,1.19833333333333,-0.188333333333333,0.206666666666667,-8.555,67.6033333333333,3.89333333333333,1003.365,101.957166666667,1.19833333333333,-0.188333333333333,0.206666666666667,-8.555,67.6033333333333,3.89333333333333,1003.365
2016,19,19,113.154333333333,0.743333333333333,-0.305,0.201666666666667,-8.31833333333334,68.7933333333333,4.85333333333333,1002.59333333333,113.154333333333,0.743333333333333,-0.305,0.201666666666667,-8.31833333333334,68.7933333333333,4.85333333333333,1002.59333333333
2016,19,20,124.586333333333,0.923333333333334,-0.153333333333333,0.2,-7.97666666666666,69.585,4.45666666666667,1001.96666666667,124.586333333333,0.923333333333334,-0.153333333333333,0.2,-7.97666666666666,69.585,4.45666666666667,1001.96666666667
2016,19,21,135.9395,0.886666666666667,-0.108333333333333,0.2,-7.625,67.2566666666667,3.70833333333333,1002.22833333333,135.9395,0.886666666666667,-0.108333333333333,0.2,-7.625,67.2566666666667,3.70833333333333,1002.22833333333
2016,19,22,146.6825,0.203333333333333,-0.288333333333333,0.2,-8.52833333333333,87.3483333333333,3.365,1002.095,146.6825,0.203333333333333,-0.288333333333333,0.2,-8.52833333333333,87.3483333333333,3.365,1002.095
2016,19,23,155.583333333333,0.596666666666666,-0.203333333333333,0.208333333333333,-8.72166666666666,92.2316666666667,3.59666666666667,1002.07333333333,155.583333333333,0.596666666666666,-0.203333333333333,0.208333333333333,-8.72166666666666,92.2316666666667,3.59666666666667,1002.07333333333
2016,20,0,159.811166666667,1.01333333333333,-0.22,0.201666666666666,-8.70166666666666,92.9283333333334,3.67833333333333,1001.22,159.811166666667,1.01333333333333,-0.22,0.201666666666666,-8.70166666666666,92.9283333333334,3.67833333333333,1001.22
2016,20,1,156.757833333333,0.506666666666666,-0.276666666666667,0.206666666666666,-8.78666666666667,92.9066666666667,4.12666666666667,1000.31166666667,156.757833333333,0.506666666666666,-0.276666666666667,0.206666666666666,-8.78666666666667,92.9066666666667,4.12666666666667,1000.31166666667
2016,20,2,148.409666666667,0.4,-0.313333333333334,0.2,-8.95333333333333,92.6483333333333,5.30333333333333,999.308333333333,148.409666666667,0.4,-0.313333333333334,0.2,-8.95333333333333,92.6483333333333,5.30333333333333,999.308333333333
2016,20,3,137.860833333333,0.495,-0.216666666666667,0.2,-9.015,91.915,4.53333333333333,998.76,137.860833333333,0.495,-0.216666666666667,0.2,-9.015,91.915,4.53333333333333,998.76
2016,20,4,126.558166666667,0.315,-0.285,0.2,-9.15,91.2666666666667,4.26333333333333,998.215,126.558166666667,0.315,-0.285,0.2,-9.15,91.2666666666667,4.26333333333333,998.215
2016,20,5,115.102,0.478333333333333,-0.203333333333333,0.215,-9.56500000000001,91.5016666666667,3.23,997.801666666667,115.102,0.478333333333333,-0.203333333333333,0.215,-9.56500000000001,91.5016666666667,3.23,997.801666666667
2016,20,6,103.830333333333,3.79,0,0.2,-9.72833333333333,92.1016666666667,1.90166666666667,997.741666666665,103.830333333333,3.79,0,0.2,-9.72833333333333,92.1016666666667,1.90166666666667,997.741666666665
2016,20,7,92.8906666666667,5.41166666666667,4.33,2.44,-9.55166666666667,91.7583333333333,1.76333333333333,997.521666666667,92.8906666666667,5.41166666666667,4.33,2.44,-9.55166666666667,91.7583333333333,1.76333333333333,997.521666666667
2016,20,8,82.855,27.5516666666667,64.59,32.565,-9.03833333333333,90.7166666666667,1.64666666666667,997.676666666667,82.855,27.5516666666667,64.59,32.565,-9.03833333333333,90.7166666666667,1.64666666666667,997.676666666667
2016,20,9,74.0885,7.15333333333334,176.248333333333,86.9533333333333,-8.04,87.7533333333333,1.30333333333333,998.065000000001,74.0885,7.15333333333334,176.248333333333,86.9533333333333,-8.04,87.7533333333333,1.30333333333333,998.065000000001
2016,20,10,66.9701666666667,104.928333333333,298.656666666667,160.441666666667,-7.65166666666667,84.625,1.87833333333333,998.66,66.9701666666667,104.928333333333,298.656666666667,160.441666666667,-7.65166666666667,84.625,1.87833333333333,998.66
2016,20,11,62.1788333333333,787.875,152.556666666667,231.245,-7.83666666666667,84.33,2.81166666666667,998.2,62.1788333333333,787.875,152.556666666667,231.245,-7.83666666666667,84.33,2.81166666666667,998.2
2016,20,12,60.2956666666667,883.628333333333,128.83,249.63,-7.395,81.82,2.18166666666667,997.813333333334,60.2956666666667,883.628333333333,128.83,249.63,-7.395,81.82,2.18166666666667,997.813333333334
2016,20,13,61.594,790.876666666666,181.245,246.731666666667,-7.27999999999999,80.4283333333333,2.89333333333333,997.1,61.594,790.876666666666,181.245,246.731666666667,-7.27999999999999,80.4283333333333,2.89333333333333,997.1
2016,20,14,65.8823333333333,519.195,236.381666666667,198.636666666667,-7.28833333333333,78.33,3.43,996.606666666666,65.8823333333333,519.195,236.381666666667,198.636666666667,-7.28833333333333,78.33,3.43,996.606666666666
2016,20,15,72.6173333333333,781.61,77.7133333333334,134.37,-7.395,77.9366666666667,2.255,996.966666666666,72.6173333333333,781.61,77.7133333333334,134.37,-7.395,77.9366666666667,2.255,996.966666666666
2016,20,16,81.1341666666667,571.968333333333,46.71,58.8783333333333,-7.99333333333334,79.3916666666667,2.38833333333333,997.23,81.1341666666667,571.968333333333,46.71,58.8783333333333,-7.99333333333334,79.3916666666667,2.38833333333333,997.23
2016,20,17,90.9116666666667,80.7383333333332,7.38833333333333,5.425,-8.655,81.755,3.73833333333333,997.534999999999,90.9116666666667,80.7383333333332,7.38833333333333,5.425,-8.655,81.755,3.73833333333333,997.534999999999
2016,20,18,101.768833333333,3.855,-0.25,0.31,-9.50666666666667,86.8916666666667,3.55333333333333,998.258333333334,101.768833333333,3.855,-0.25,0.31,-9.50666666666667,86.8916666666667,3.55333333333333,998.258333333334
2016,20,19,112.971166666667,6.44333333333334,0.03,0.468333333333333,-10.3033333333333,90.93,2.28333333333333,998.863333333333,112.971166666667,6.44333333333334,0.03,0.468333333333333,-10.3033333333333,90.93,2.28333333333333,998.863333333333
2016,20,20,124.4055,3.78,-0.0216666666666667,0.328333333333333,-10.8416666666667,93.3283333333333,2.15833333333333,999.148333333333,124.4055,3.78,-0.0216666666666667,0.328333333333333,-10.8416666666667,93.3283333333333,2.15833333333333,999.148333333333
2016,20,21,135.753333333333,3.75333333333333,-0.141666666666667,0.401666666666667,-11.8083333333333,91.6666666666667,0.577358490566038,999.428333333334,135.753333333333,3.75333333333333,-0.141666666666667,0.401666666666667,-11.8083333333333,91.6666666666667,0.577358490566038,999.428333333334
2016,20,22,146.482666666667,6.855,0.00666666666666667,0.458333333333334,-12.64,90.8466666666666,1.56666666666667,999.511666666667,146.482666666667,6.855,0.00666666666666667,0.458333333333334,-12.64,90.8466666666666,1.56666666666667,999.511666666667
2016,20,23,155.363666666667,6.88166666666667,0.065,0.43,-12.8766666666667,90.7016666666667,1.75333333333333,999.631666666667,155.363666666667,6.88166666666667,0.065,0.43,-12.8766666666667,90.7016666666667,1.75333333333333,999.631666666667
2016,21,0,159.595,1.88833333333333,-0.00166666666666667,0.316666666666666,-11.4116666666667,91.5433333333333,1.995,999.161666666667,159.595,1.88833333333333,-0.00166666666666667,0.316666666666666,-11.4116666666667,91.5433333333333,1.995,999.161666666667
2016,21,1,156.5965,2.83166666666667,0.01,0.328333333333333,-12.3733333333333,91.0866666666667,2.60333333333333,999.273333333333,156.5965,2.83166666666667,0.01,0.328333333333333,-12.3733333333333,91.0866666666667,2.60333333333333,999.273333333333
2016,21,2,148.301666666667,1.69833333333333,-0.00666666666666667,0.24,-12.095,91.165,3.485,998.946666666666,148.301666666667,1.69833333333333,-0.00666666666666667,0.24,-12.095,91.165,3.485,998.946666666666
2016,21,3,137.780333333333,2.09166666666667,0,0.266666666666667,-11.9583333333333,91.2433333333333,2.85833333333333,999.206666666667,137.780333333333,2.09166666666667,0,0.266666666666667,-11.9583333333333,91.2433333333333,2.85833333333333,999.206666666667
2016,21,4,126.487,3.67333333333333,-0.0116666666666667,0.223333333333333,-11.9266666666667,91.0816666666667,1.63272727272727,1000.16666666667,126.487,3.67333333333333,-0.0116666666666667,0.223333333333333,-11.9266666666667,91.0816666666667,1.63272727272727,1000.16666666667
2016,21,5,115.030833333333,4.87666666666666,-0.118333333333333,0.243333333333333,-12.3983333333333,90.8116666666667,1.34814814814815,1000.87833333333,115.030833333333,4.87666666666666,-0.118333333333333,0.243333333333333,-12.3983333333333,90.8116666666667,1.34814814814815,1000.87833333333
2016,21,6,103.749666666667,3.87833333333333,0,0.265,-11.7966666666667,91.2883333333334,2.615,1000.88833333333,103.749666666667,3.87833333333333,0,0.265,-11.7966666666667,91.2883333333334,2.615,1000.88833333333
2016,21,7,92.7886666666667,26.8266666666667,4.315,2.45666666666667,-12.3733333333333,90.8066666666667,2.53166666666667,1001.24,92.7886666666667,26.8266666666667,4.315,2.45666666666667,-12.3733333333333,90.8066666666667,2.53166666666667,1001.24
2016,21,8,82.743,346.521666666667,57.09,46.655,-12.0833333333333,90.8333333333333,3.575,1000.79,82.743,346.521666666667,57.09,46.655,-12.0833333333333,90.8333333333333,3.575,1000.79
2016,21,9,73.9501666666667,391.61,114.805,97.1916666666667,-10.6566666666667,90.9616666666666,2.395,1001.05,73.9501666666667,391.61,114.805,97.1916666666667,-10.6566666666667,90.9616666666666,2.395,1001.05
2016,21,10,66.8028333333333,547.613333333333,207.751666666667,186.108333333333,-8.79166666666667,90.345,3.94333333333333,1001.33333333333,66.8028333333333,547.613333333333,207.751666666667,186.108333333333,-8.79166666666667,90.345,3.94333333333333,1001.33333333333
2016,21,11,61.9836666666667,90.26,306.873333333333,170.406666666667,-8.13,84.4883333333333,5.435,1000.89333333333,61.9836666666667,90.26,306.873333333333,170.406666666667,-8.13,84.4883333333333,5.435,1000.89333333333
2016,21,12,60.0786666666667,112.413333333333,400.055,223.963333333333,-7.07833333333333,78.7433333333334,4.48833333333333,1000.28666666667,60.0786666666667,112.413333333333,400.055,223.963333333333,-7.07833333333333,78.7433333333334,4.48833333333333,1000.28666666667
2016,21,13,61.3656666666667,48.1783333333333,344.253333333333,184.94,-6.12666666666667,76.4166666666667,4.20333333333333,999.278333333333,61.3656666666667,48.1783333333333,344.253333333333,184.94,-6.12666666666667,76.4166666666667,4.20333333333333,999.278333333333
2016,21,14,65.6551666666667,260.698333333333,277.948333333333,177.273333333333,-4.90166666666666,71.915,2.82166666666667,998.405,65.6551666666667,260.698333333333,277.948333333333,177.273333333333,-4.90166666666666,71.915,2.82166666666667,998.405
2016,21,15,72.3973333333333,132.243333333333,178.981666666667,103.591666666667,-4.76333333333333,71.1666666666667,3.44666666666667,998.425,72.3973333333333,132.243333333333,178.981666666667,103.591666666667,-4.76333333333333,71.1666666666667,3.44666666666667,998.425
2016,21,16,80.9265,30.18,88.7033333333334,43.945,-5.36833333333334,79.205,3.22166666666667,998.078333333333,80.9265,30.18,88.7033333333334,43.945,-5.36833333333334,79.205,3.22166666666667,998.078333333333
2016,21,17,90.6978333333333,0.588333333333333,8.81166666666666,4.355,-6.76,84.1566666666667,5.57,998.01,90.6978333333333,0.588333333333333,8.81166666666666,4.355,-6.76,84.1566666666667,5.57,998.01
2016,21,18,101.579166666667,2.49666666666667,0.131666666666667,0.205,-6.875,83.5583333333333,4.01833333333333,998.656666666667,101.579166666667,2.49666666666667,0.131666666666667,0.205,-6.875,83.5583333333333,4.01833333333333,998.656666666667
2016,21,19,112.785666666667,3.605,0.0766666666666666,0.201666666666666,-6.92166666666667,83.08,3.68,999.376666666666,112.785666666667,3.605,0.0766666666666666,0.201666666666666,-6.92166666666667,83.08,3.68,999.376666666666
2016,21,20,124.222833333333,2.32333333333333,0.0733333333333333,0.2,-6.41,80.9916666666666,5.29666666666667,998.738333333333,124.222833333333,2.32333333333333,0.0733333333333333,0.2,-6.41,80.9916666666666,5.29666666666667,998.738333333333
2016,21,21,135.565166666667,1.31833333333333,0.0383333333333333,0.2,-6.475,79.7416666666667,5.30833333333333,998.981666666667,135.565166666667,1.31833333333333,0.0383333333333333,0.2,-6.475,79.7416666666667,5.30833333333333,998.981666666667
2016,21,22,146.280666666667,0.918333333333333,-0.195,0.211666666666667,-7.41166666666667,82.0716666666666,6.97666666666667,998.155,146.280666666667,0.918333333333333,-0.195,0.211666666666667,-7.41166666666667,82.0716666666666,6.97666666666667,998.155
2016,21,23,155.140666666667,2.175,0.0283333333333333,0.218333333333333,-8.00166666666667,83.54,5.12166666666667,998.17,155.140666666667,2.175,0.0283333333333333,0.218333333333333,-8.00166666666667,83.54,5.12166666666667,998.17
2016,22,0,159.372166666667,2.63166666666667,0.09,0.211666666666666,-7.14166666666667,80.74,5.95,997.253333333333,159.372166666667,2.63166666666667,0.09,0.211666666666666,-7.14166666666667,80.74,5.95,997.253333333333
2016,22,1,156.427833333333,1.755,0,0.2,-6.99166666666666,79.8716666666667,7.185,995.95,156.427833333333,1.755,0,0.2,-6.99166666666666,79.8716666666667,7.185,995.95
2016,22,2,148.186833333333,1.55166666666667,0,0.205,-6.77833333333333,79.4216666666667,7.44,995.758333333334,148.186833333333,1.55166666666667,0,0.205,-6.77833333333333,79.4216666666667,7.44,995.758333333334
2016,22,3,137.692833333333,1.525,0,0.2,-6.67333333333333,80.1283333333333,6.55166666666667,995.771666666666,137.692833333333,1.525,0,0.2,-6.67333333333333,80.1283333333333,6.55166666666667,995.771666666666
2016,22,4,126.409166666667,1.39333333333333,0,0.2,-6.455,79.455,6.505,996.008333333333,126.409166666667,1.39333333333333,0,0.2,-6.455,79.455,6.505,996.008333333333
2016,22,5,114.952166666667,1.275,-0.0166666666666667,0.2,-6.66,81.955,7.735,995.908333333334,114.952166666667,1.275,-0.0166666666666667,0.2,-6.66,81.955,7.735,995.908333333334
2016,22,6,103.663166666667,1.31,-0.02,0.2,-6.60666666666667,82.2333333333333,7.94166666666667,996.014999999999,103.663166666667,1.31,-0.02,0.2,-6.60666666666667,82.2333333333333,7.94166666666667,996.014999999999
2016,22,7,92.6925,1.47833333333333,2.48666666666667,1.70333333333333,-6.46666666666667,81.8983333333333,7.22,996.158333333332,92.6925,1.47833333333333,2.48666666666667,1.70333333333333,-6.46666666666667,81.8983333333333,7.22,996.158333333332
2016,22,8,82.6236666666667,1.59,57.49,28.4,-6.38666666666667,81.98,7.48666666666667,996.003333333333,82.6236666666667,1.59,57.49,28.4,-6.38666666666667,81.98,7.48666666666667,996.003333333333
2016,22,9,73.8048333333333,17.9016666666667,147.91,73.35,-5.30666666666667,76.74,8.525,996.043333333333,73.8048333333333,17.9016666666667,147.91,73.35,-5.30666666666667,76.74,8.525,996.043333333333
2016,22,10,66.629,231.275,217.45,144.781666666667,-4.49833333333334,72.9783333333333,8.46833333333334,996.201666666666,66.629,231.275,217.45,144.781666666667,-4.49833333333334,72.9783333333333,8.46833333333334,996.201666666666
2016,22,11,61.7818333333333,338.498333333333,273.395,198.191666666667,-3.58666666666667,69.3916666666667,8.62166666666667,995.791666666666,61.7818333333333,338.498333333333,273.395,198.191666666667,-3.58666666666667,69.3916666666667,8.62166666666667,995.791666666666
2016,22,12,59.8556666666667,1.06166666666667,394.051666666667,194.776666666667,-3.465,74.5133333333333,8.12,995.403333333334,59.8556666666667,1.06166666666667,394.051666666667,194.776666666667,-3.465,74.5133333333333,8.12,995.403333333334
2016,22,13,61.133,3.30833333333333,333.57,168.035,-3.18666666666667,79.8666666666667,7.38833333333333,995.253333333333,61.133,3.30833333333333,333.57,168.035,-3.18666666666667,79.8666666666667,7.38833333333333,995.253333333333
2016,22,14,65.423,13.8783333333333,288.683333333333,146.233333333333,-2.995,80.9866666666667,8.625,994.785,65.423,13.8783333333333,288.683333333333,146.233333333333,-2.995,80.9866666666667,8.625,994.785
2016,22,15,72.1736666666667,-0.413333333333333,158.643333333333,80.965,-2.68,77.805,8.15666666666667,994.636666666666,72.1736666666667,-0.413333333333333,158.643333333333,80.965,-2.68,77.805,8.15666666666667,994.636666666666
2016,22,16,80.7163333333333,-0.594999999999999,47.485,25.51,-3.08,87.17,8.76166666666666,994.871666666667,80.7163333333333,-0.594999999999999,47.485,25.51,-3.08,87.17,8.76166666666666,994.871666666667
2016,22,17,90.4955,0.753333333333334,2.76666666666667,1.86666666666667,-3.12833333333333,87.55,8.095,995.449999999999,90.4955,0.753333333333334,2.76666666666667,1.86666666666667,-3.12833333333333,87.55,8.095,995.449999999999
2016,22,18,101.386,1.16833333333333,-0.4,0.213333333333333,-3.24,88.3383333333334,7.75166666666667,995.911666666666,101.386,1.16833333333333,-0.4,0.213333333333333,-3.24,88.3383333333334,7.75166666666667,995.911666666666
2016,22,19,112.601166666667,1.2,-0.4,0.285,-3.14333333333333,83.92,8.64,996.318333333334,112.601166666667,1.2,-0.4,0.285,-3.14333333333333,83.92,8.64,996.318333333334
2016,22,20,124.037166666667,1.12333333333333,-0.4,0.285,-3.23,74.1633333333333,7.98666666666667,996.525,124.037166666667,1.12333333333333,-0.4,0.285,-3.23,74.1633333333333,7.98666666666667,996.525
2016,22,21,135.375666666667,1.19833333333333,-0.4,0.275,-3.50333333333333,74.8316666666667,6.395,996.348333333333,135.375666666667,1.19833333333333,-0.4,0.275,-3.50333333333333,74.8316666666667,6.395,996.348333333333
2016,22,22,146.076,-0.693333333333334,-0.4,0.231666666666666,-5.25166666666667,80.0366666666667,5.59333333333333,996.408333333334,146.076,-0.693333333333334,-0.4,0.231666666666666,-5.25166666666667,80.0366666666667,5.59333333333333,996.408333333334
2016,22,23,154.9125,1.32666666666667,-0.358333333333333,0.211666666666667,-6.79166666666667,91.8916666666667,5.605,996.583333333333,154.9125,1.32666666666667,-0.358333333333333,0.211666666666667,-6.79166666666667,91.8916666666667,5.605,996.583333333333
2016,23,0,159.1435,1.42666666666667,-0.341666666666667,0.201666666666667,-6.85166666666667,93.15,5.9,996.431666666667,159.1435,1.42666666666667,-0.341666666666667,0.201666666666667,-6.85166666666667,93.15,5.9,996.431666666667
2016,23,1,156.251,2.05833333333333,-0.19,0.2,-7.395,93.7333333333333,6.08333333333333,996.685,156.251,2.05833333333333,-0.19,0.2,-7.395,93.7333333333333,6.08333333333333,996.685
2016,23,2,148.0645,1.43333333333333,-0.32,0.2,-7.93833333333333,93.075,5.72833333333333,996.961666666667,148.0645,1.43333333333333,-0.32,0.2,-7.93833333333333,93.075,5.72833333333333,996.961666666667
2016,23,3,137.598833333333,0.361666666666667,-0.39,0.2,-8.49,92.9383333333333,4.64833333333333,996.516666666667,137.598833333333,0.361666666666667,-0.39,0.2,-8.49,92.9383333333333,4.64833333333333,996.516666666667
2016,23,4,126.3245,2.78666666666667,-0.015,0.205,-10.1866666666667,93.7333333333333,4.64166666666667,996.628333333333,126.3245,2.78666666666667,-0.015,0.205,-10.1866666666667,93.7333333333333,4.64166666666667,996.628333333333
2016,23,5,114.866333333333,2.42833333333333,0,0.2,-10.9866666666667,92.5,4.66166666666666,997.128333333332,114.866333333333,2.42833333333333,0,0.2,-10.9866666666667,92.5,4.66166666666666,997.128333333332
2016,23,6,103.569833333333,2.55666666666667,-0.005,0.2,-11.1166666666667,92.1733333333333,3.62,997.183333333332,103.569833333333,2.55666666666667,-0.005,0.2,-11.1166666666667,92.1733333333333,3.62,997.183333333332
2016,23,7,92.5775,30.3216666666667,4.745,2.81,-10.7516666666667,92.3133333333333,3.45666666666667,997.211666666666,92.5775,30.3216666666667,4.745,2.81,-10.7516666666667,92.3133333333333,3.45666666666667,997.211666666666
2016,23,8,82.5005,369.651666666667,63.5816666666667,48.8716666666667,-11.51,91.4083333333334,2.695,997.401666666667,82.5005,369.651666666667,63.5816666666667,48.8716666666667,-11.51,91.4083333333334,2.695,997.401666666667
2016,23,9,73.6526666666667,34.2616666666667,153.273333333333,78.3083333333333,-9.53,92.9383333333333,2.06333333333333,997.813333333334,73.6526666666667,34.2616666666667,153.273333333333,78.3083333333333,-9.53,92.9383333333333,2.06333333333333,997.813333333334
2016,23,10,66.449,9.55333333333333,287.241666666667,141.571666666667,-6.88666666666667,94.1933333333333,2.39,998.018333333333,66.449,9.55333333333333,287.241666666667,141.571666666667,-6.88666666666667,94.1933333333333,2.39,998.018333333333
2016,23,11,61.5735,843.263333333333,147.466666666667,238.285,-4.74833333333333,93.8783333333333,2.04666666666667,997.243333333334,61.5735,843.263333333333,147.466666666667,238.285,-4.74833333333333,93.8783333333333,2.04666666666667,997.243333333334
2016,23,12,59.626,862.336666666666,135.575,248.766666666667,-3.51833333333333,89.1983333333333,2.63833333333333,996.741666666666,59.626,862.336666666666,135.575,248.766666666667,-3.51833333333333,89.1983333333333,2.63833333333333,996.741666666666
2016,23,13,60.8941666666667,850.585,131.046666666667,236.1,-2.81333333333333,83.0483333333333,2.565,995.89,60.8941666666667,850.585,131.046666666667,236.1,-2.81333333333333,83.0483333333333,2.565,995.89
2016,23,14,65.1861666666667,819.978333333333,113.05,196.38,-2.435,82.21,2.72333333333333,995.375,65.1861666666667,819.978333333333,113.05,196.38,-2.435,82.21,2.72333333333333,995.375
2016,23,15,71.948,582.246666666667,118.545,129.591666666667,-2.53333333333333,83.69,3.35,995.618333333333,71.948,582.246666666667,118.545,129.591666666667,-2.53333333333333,83.69,3.35,995.618333333333
2016,23,16,80.5048333333333,228.555,76.565,53.2866666666667,-3.10833333333333,84.1983333333333,2.61333333333333,995.438333333334,80.5048333333333,228.555,76.565,53.2866666666667,-3.10833333333333,84.1983333333333,2.61333333333333,995.438333333334
2016,23,17,90.2908333333333,7.49666666666667,13.0466666666667,6.01166666666666,-4.61166666666667,87.0166666666667,1.90166666666667,995.135,90.2908333333333,7.49666666666667,13.0466666666667,6.01166666666666,-4.61166666666667,87.0166666666667,1.90166666666667,995.135
2016,23,18,101.192666666667,2.585,-0.218333333333333,0.201666666666666,-5.74333333333333,90.0833333333334,1.6,995.049999999999,101.192666666667,2.585,-0.218333333333333,0.201666666666666,-5.74333333333333,90.0833333333334,1.6,995.049999999999
2016,23,19,112.412666666667,1.51333333333333,-0.171666666666667,0.248333333333333,-6.825,93.0666666666667,1.235,994.928333333333,112.412666666667,1.51333333333333,-0.171666666666667,0.248333333333333,-6.825,93.0666666666667,1.235,994.928333333333
2016,23,20,123.85,1.74833333333333,0,0.233333333333333,-7.09166666666667,95.3066666666667,2.22,994.993333333333,123.85,1.74833333333333,0,0.233333333333333,-7.09166666666667,95.3066666666667,2.22,994.993333333333
2016,23,21,135.1835,1.24,-0.133333333333333,0.35,-8.54,93.835,2.84166666666667,994.455000000001,135.1835,1.24,-0.133333333333333,0.35,-8.54,93.835,2.84166666666667,994.455000000001
2016,23,22,145.868833333333,2.04333333333333,0,0.341666666666667,-10.435,92.2766666666667,2.83,994.186666666667,145.868833333333,2.04333333333333,0,0.341666666666667,-10.435,92.2766666666667,2.83,994.186666666667
2016,23,23,154.680833333333,2.44166666666667,0,0.273333333333333,-11.9716666666667,91.2316666666667,2.18166666666667,994.015000000001,154.680833333333,2.44166666666667,0,0.273333333333333,-11.9716666666667,91.2316666666667,2.18166666666667,994.015000000001
2016,24,0,158.908666666667,1.655,0,0.2,-11.0666666666667,92.0816666666667,2.75666666666667,993.326666666666,158.908666666667,1.655,0,0.2,-11.0666666666667,92.0816666666667,2.75666666666667,993.326666666666
2016,24,1,156.067333333333,2.88833333333333,0,0.2,-9.97666666666667,92.6566666666667,2.43666666666667,993.135,156.067333333333,2.88833333333333,0,0.2,-9.97666666666667,92.6566666666667,2.43666666666667,993.135
2016,24,2,147.934166666667,2.00833333333333,0,0.2,-9.89333333333333,92.64,2.65333333333333,992.968333333333,147.934166666667,2.00833333333333,0,0.2,-9.89333333333333,92.64,2.65333333333333,992.968333333333
2016,24,3,137.497333333333,2.96166666666667,0,0.2,-9.53333333333333,92.9483333333333,3.32166666666666,992.978333333333,137.497333333333,2.96166666666667,0,0.2,-9.53333333333333,92.9483333333333,3.32166666666666,992.978333333333
2016,24,4,126.234166666667,2.14333333333333,0,0.2,-9.74833333333333,92.7483333333333,3.52,992.664999999999,126.234166666667,2.14333333333333,0,0.2,-9.74833333333333,92.7483333333333,3.52,992.664999999999
2016,24,5,114.775833333333,2.40666666666667,0,0.201666666666667,-8.965,92.705,4.01333333333333,992.495,114.775833333333,2.40666666666667,0,0.201666666666667,-8.965,92.705,4.01333333333333,992.495
2016,24,6,103.471166666667,2.33833333333333,0,0.2,-7.79833333333334,86.7916666666667,5.80833333333333,992.11,103.471166666667,2.33833333333333,0,0.2,-7.79833333333334,86.7916666666667,5.80833333333333,992.11
2016,24,7,92.4576666666667,33.5466666666667,4.59,2.66166666666667,-7.20333333333333,82.77,6.80166666666666,991.735,92.4576666666667,33.5466666666667,4.59,2.66166666666667,-7.20333333333333,82.77,6.80166666666666,991.735
2016,24,8,82.3681666666667,430.921666666667,43.7216666666667,41.8283333333333,-6.49666666666667,82.7116666666666,7.05333333333333,991.440000000001,82.3681666666667,430.921666666667,43.7216666666667,41.8283333333333,-6.49666666666667,82.7116666666666,7.05333333333333,991.440000000001
2016,24,9,73.4936666666667,511.085,113.903333333333,113.325,-4.73333333333333,81.3133333333333,7.37166666666667,991.331666666667,73.4936666666667,511.085,113.903333333333,113.325,-4.73333333333333,81.3133333333333,7.37166666666667,991.331666666667
2016,24,10,66.2625,724.888333333333,123.31,188.336666666667,-3.56,79.69,7.10333333333334,991.455,66.2625,724.888333333333,123.31,188.336666666667,-3.56,79.69,7.10333333333334,991.455
2016,24,11,61.3583333333333,776.503333333333,142.581666666667,232.863333333333,-2.155,79.175,5.55333333333334,990.881666666666,61.3583333333333,776.503333333333,142.581666666667,232.863333333333,-2.155,79.175,5.55333333333334,990.881666666666
2016,24,12,59.391,708.271666666666,162.661666666667,237.966666666667,-0.906666666666666,77.845,6.32166666666667,990.199999999999,59.391,708.271666666666,162.661666666667,237.966666666667,-0.906666666666666,77.845,6.32166666666667,990.199999999999
2016,24,13,60.6496666666667,476.921666666667,229.135,211.771666666667,-0.04,77.8866666666667,5.30666666666667,989.58,60.6496666666667,476.921666666667,229.135,211.771666666667,-0.04,77.8866666666667,5.30666666666667,989.58
2016,24,14,64.9446666666667,599.466666666667,144.921666666667,181.29,0.713333333333333,78.1566666666667,5.75666666666667,988.928333333333,64.9446666666667,599.466666666667,144.921666666667,181.29,0.713333333333333,78.1566666666667,5.75666666666667,988.928333333333
2016,24,15,71.7168333333333,131.121666666667,165.005,95.7416666666666,1.31833333333333,77.7366666666667,5.22166666666667,988.706666666665,71.7168333333333,131.121666666667,165.005,95.7416666666666,1.31833333333333,77.7366666666667,5.22166666666667,988.706666666665
2016,24,16,80.289,51.5133333333333,82.0166666666667,41.4,1.15333333333333,77.495,6.65833333333333,988.538333333334,80.289,51.5133333333333,82.0166666666667,41.4,1.15333333333333,77.495,6.65833333333333,988.538333333334
2016,24,17,90.0856666666667,2.905,9.54833333333333,4.59,0.508333333333333,79.7483333333333,5.64,988.336666666667,90.0856666666667,2.905,9.54833333333333,4.59,0.508333333333333,79.7483333333333,5.64,988.336666666667
2016,24,18,100.998333333333,0.455,-0.321666666666667,0,0.0183333333333334,81.685,5.24666666666667,988.365,100.998333333333,0.455,-0.321666666666667,0,0.0183333333333334,81.685,5.24666666666667,988.365
2016,24,19,112.223,0.606666666666666,-0.373333333333333,0.07,-0.6,83.235,4.795,988.211666666666,112.223,0.606666666666666,-0.373333333333333,0.07,-0.6,83.235,4.795,988.211666666666
2016,24,20,123.663666666667,0.59,-0.325,0.2,-0.874999999999999,80.4316666666666,5.85666666666667,987.920000000001,123.663666666667,0.59,-0.325,0.2,-0.874999999999999,80.4316666666666,5.85666666666667,987.920000000001
2016,24,21,134.9895,0.165,-0.388333333333333,0.201666666666667,-1.35333333333333,78.8433333333334,5.715,987.521666666667,134.9895,0.165,-0.388333333333333,0.201666666666667,-1.35333333333333,78.8433333333334,5.715,987.521666666667
2016,24,22,145.659166666667,1.085,0.0816666666666666,0.22,-1.38333333333333,76.5566666666667,4.77666666666666,987.636666666666,145.659166666667,1.085,0.0816666666666666,0.22,-1.38333333333333,76.5566666666667,4.77666666666666,987.636666666666
2016,24,23,154.445333333333,1.13,-0.05,0.221666666666667,-1.49833333333333,76.355,4.61166666666667,987.861666666667,154.445333333333,1.13,-0.05,0.221666666666667,-1.49833333333333,76.355,4.61166666666667,987.861666666667
2016,25,0,158.668,0.863333333333334,-0.085,0.2,-1.52833333333333,75.9566666666667,5.98333333333333,987.828333333333,158.668,0.863333333333334,-0.085,0.2,-1.52833333333333,75.9566666666667,5.98333333333333,987.828333333333
2016,25,1,155.876166666667,0.498333333333333,-0.23,0.215,-1.52833333333333,76.135,5.99166666666667,987.451666666668,155.876166666667,0.498333333333333,-0.23,0.215,-1.52833333333333,76.135,5.99166666666667,987.451666666668
2016,25,2,147.797333333333,0.508333333333333,-0.271666666666667,0.205,-2.24166666666667,78.43,5.13833333333333,987.355000000001,147.797333333333,0.508333333333333,-0.271666666666667,0.205,-2.24166666666667,78.43,5.13833333333333,987.355000000001
2016,25,3,137.389166666667,0.644999999999999,-0.108333333333333,0.2,-2.29166666666667,78.0016666666667,5.46833333333333,986.736666666666,137.389166666667,0.644999999999999,-0.108333333333333,0.2,-2.29166666666667,78.0016666666667,5.46833333333333,986.736666666666
2016,25,4,126.136833333333,0.858333333333334,-0.05,0.2,-2.395,78.8,4.3,986.345,126.136833333333,0.858333333333334,-0.05,0.2,-2.395,78.8,4.3,986.345
2016,25,5,114.678166666667,0.616666666666666,-0.263333333333334,0.2,-2.77833333333334,80.9716666666667,4.21333333333334,985.971666666667,114.678166666667,0.616666666666666,-0.263333333333334,0.2,-2.77833333333334,80.9716666666667,4.21333333333334,985.971666666667
2016,25,6,103.365666666667,1.87166666666667,0.01,0.201666666666667,-2.34833333333333,79.7733333333333,4.115,985.996666666667,103.365666666667,1.87166666666667,0.01,0.201666666666667,-2.34833333333333,79.7733333333333,4.115,985.996666666667
2016,25,7,92.3438333333333,21.4883333333333,6.07333333333333,2.71551724137931,-1.865,79.4,5.36,985.689999999999,92.3438333333333,21.4883333333333,6.07333333333333,2.71551724137931,-1.865,79.4,5.36,985.689999999999
2016,25,8,82.2311666666667,186.048333333333,80.12,49.1966666666667,-0.965,78.1316666666667,6.48666666666666,985.55,82.2311666666667,186.048333333333,80.12,49.1966666666667,-0.965,78.1316666666667,6.48666666666666,985.55
2016,25,9,73.3291666666667,130.74,190.951666666667,103.706666666667,0.105,77.255,6.59833333333333,985.155,73.3291666666667,130.74,190.951666666667,103.706666666667,0.105,77.255,6.59833333333333,985.155
2016,25,10,66.0683333333333,81.4,257.275,138.703333333333,1.26,76.6933333333334,8.08666666666667,984.733333333333,66.0683333333333,81.4,257.275,138.703333333333,1.26,76.6933333333334,8.08666666666667,984.733333333333
2016,25,11,61.1376666666667,226.856666666667,328.963333333333,204.575,2.33,74.5083333333333,8.89333333333333,983.788333333334,61.1376666666667,226.856666666667,328.963333333333,204.575,2.33,74.5083333333333,8.89333333333333,983.788333333334
2016,25,12,59.149,94.2833333333333,302.016666666667,167.713333333333,2.87833333333334,75.18,9.065,982.75,59.149,94.2833333333333,302.016666666667,167.713333333333,2.87833333333334,75.18,9.065,982.75
2016,25,13,60.4003333333333,-0.448333333333333,124.786666666667,64.8833333333333,2.915,78.01,9.12833333333333,981.555,60.4003333333333,-0.448333333333333,124.786666666667,64.8833333333333,2.915,78.01,9.12833333333333,981.555
2016,25,14,64.7006666666667,0.323333333333333,48.5616666666667,26.6,2.94333333333333,82.3616666666667,8.61666666666667,981.033333333334,64.7006666666667,0.323333333333333,48.5616666666667,26.6,2.94333333333333,82.3616666666667,8.61666666666667,981.033333333334
2016,25,15,71.4828333333333,1.08166666666667,28.8,15.68,3.15833333333333,87.96,8.82666666666666,980.363333333333,71.4828333333333,1.08166666666667,28.8,15.68,3.15833333333333,87.96,8.82666666666666,980.363333333333
2016,25,16,80.0711666666667,0.813333333333333,25.9116666666667,12.94,3.49,87.0583333333334,8.98,980.076666666665,80.0711666666667,0.813333333333333,25.9116666666667,12.94,3.49,87.0583333333334,8.98,980.076666666665
2016,25,17,89.8776666666667,0.761666666666667,3.72,1.80166666666667,3.675,89.055,7.91833333333333,980.438333333333,89.8776666666667,0.761666666666667,3.72,1.80166666666667,3.675,89.055,7.91833333333333,980.438333333333
2016,25,18,100.800666666667,0.398333333333333,-0.0233333333333333,0.206666666666667,3.55,90.9066666666667,7.68,980.503333333333,100.800666666667,0.398333333333333,-0.0233333333333333,0.206666666666667,3.55,90.9066666666667,7.68,980.503333333333
2016,25,19,112.033,0.471666666666666,0,0.213333333333333,3.60333333333333,92.83,6.41833333333333,980.515,112.033,0.471666666666666,0,0.213333333333333,3.60333333333333,92.83,6.41833333333333,980.515
2016,25,20,123.474333333333,1.39166666666667,0.0133333333333333,0.205,4.25833333333333,93.765,6.925,980.599999999999,123.474333333333,1.39166666666667,0.0133333333333333,0.205,4.25833333333333,93.765,6.925,980.599999999999
2016,25,21,134.794666666667,1.18166666666667,0.173333333333333,0.195,5.71333333333333,90.9616666666667,8.86666666666667,981.326666666667,134.794666666667,1.18166666666667,0.173333333333333,0.195,5.71333333333333,90.9616666666667,8.86666666666667,981.326666666667
2016,25,22,145.447166666667,-0.39,0.0416666666666667,0.203333333333333,4.45833333333333,85.5533333333333,11.4216666666667,982.788333333333,145.447166666667,-0.39,0.0416666666666667,0.203333333333333,4.45833333333333,85.5533333333333,11.4216666666667,982.788333333333
2016,25,23,154.2065,-0.608333333333333,-0.178333333333333,0.2,2.68833333333333,86.1266666666667,13.1166666666667,983.851666666667,154.2065,-0.608333333333333,-0.178333333333333,0.2,2.68833333333333,86.1266666666667,13.1166666666667,983.851666666667
2016,26,0,158.422166666667,-0.196666666666667,-0.278333333333333,0.2,0.946666666666665,88.2933333333333,13.5983333333333,984.793333333334,158.422166666667,-0.196666666666667,-0.278333333333333,0.2,0.946666666666665,88.2933333333333,13.5983333333333,984.793333333334
2016,26,1,155.676666666667,0.315,-0.13,0.2,0.75,85.0883333333333,12.675,985.466666666667,155.676666666667,0.315,-0.13,0.2,0.75,85.0883333333333,12.675,985.466666666667
2016,26,2,147.652,0.38,-0.123333333333333,0.208333333333333,0.571666666666667,83.155,11.6916666666667,986.558333333334,147.652,0.38,-0.123333333333333,0.208333333333333,0.571666666666667,83.155,11.6916666666667,986.558333333334
2016,26,3,137.274166666667,0.541666666666667,-0.05,0.201666666666667,0.376666666666667,82.4333333333333,10.065,987.44,137.274166666667,0.541666666666667,-0.05,0.201666666666667,0.376666666666667,82.4333333333333,10.065,987.44
2016,26,4,126.0345,0.66,-0.00166666666666667,0.201666666666666,0.348333333333333,82.5333333333333,9.80166666666667,988.288333333333,126.0345,0.66,-0.00166666666666667,0.201666666666666,0.348333333333333,82.5333333333333,9.80166666666667,988.288333333333
2016,26,5,114.576,0.654999999999999,-0.0516666666666667,0.2,0.185,83.3716666666666,8.98666666666667,989.198333333333,114.576,0.654999999999999,-0.0516666666666667,0.2,0.185,83.3716666666666,8.98666666666667,989.198333333333
2016,26,6,103.254666666667,0.663333333333333,-0.245,0.198333333333333,-0.316666666666667,80.3433333333333,10.1883333333333,990.2,103.254666666667,0.663333333333333,-0.245,0.198333333333333,-0.316666666666667,80.3433333333333,10.1883333333333,990.2
2016,26,7,92.2125,0.568333333333333,0.818333333333333,0.69,-0.498333333333333,80.7383333333334,9.13166666666667,991.436666666667,92.2125,0.568333333333333,0.818333333333333,0.69,-0.498333333333333,80.7383333333334,9.13166666666667,991.436666666667
2016,26,8,82.0871666666667,0.303333333333333,16.1366666666667,8.01166666666667,-1.00333333333333,81.0916666666667,9.52666666666667,992.543333333333,82.0871666666667,0.303333333333333,16.1366666666667,8.01166666666667,-1.00333333333333,81.0916666666667,9.52666666666667,992.543333333333
2016,26,9,73.1586666666667,0.543333333333333,47.565,23.03,-1.00833333333333,80.275,9.03333333333333,993.4,73.1586666666667,0.543333333333333,47.565,23.03,-1.00833333333333,80.275,9.03333333333333,993.4
2016,26,10,65.869,0.155,73.3833333333333,35.6383333333333,-1.03166666666667,81.0516666666667,9.35,994.301666666667,65.869,0.155,73.3833333333333,35.6383333333333,-1.03166666666667,81.0516666666667,9.35,994.301666666667
2016,26,11,60.911,0.106666666666667,100.643333333333,48.675,-1.43833333333333,77.2733333333333,10.44,995.086666666665,60.911,0.106666666666667,100.643333333333,48.675,-1.43833333333333,77.2733333333333,10.44,995.086666666665
2016,26,12,58.902,0.408333333333333,84.9566666666666,42.0166666666667,-1.595,76.89,9.76333333333333,995.071666666666,58.902,0.408333333333333,84.9566666666666,42.0166666666667,-1.595,76.89,9.76333333333333,995.071666666666
2016,26,13,60.1461666666667,0.598333333333333,90.7416666666667,44.285,-1.57333333333333,79.4233333333333,8.69,994.938333333334,60.1461666666667,0.598333333333333,90.7416666666667,44.285,-1.57333333333333,79.4233333333333,8.69,994.938333333334
2016,26,14,64.4505,0.761666666666667,69.21,33.9333333333333,-1.47,80.4283333333333,8.56,994.99,64.4505,0.761666666666667,69.21,33.9333333333333,-1.47,80.4283333333333,8.56,994.99
2016,26,15,71.247,0.815,63.3933333333333,29.9266666666667,-1.06166666666667,78.0666666666667,8.68666666666666,995.261666666668,71.247,0.815,63.3933333333333,29.9266666666667,-1.06166666666667,78.0666666666667,8.68666666666666,995.261666666668
2016,26,16,79.8505,-0.218333333333333,31.0683333333333,14.58,-1.67833333333333,76.1016666666667,9.83166666666667,996.076666666666,79.8505,-0.218333333333333,31.0683333333333,14.58,-1.67833333333333,76.1016666666667,9.83166666666667,996.076666666666
2016,26,17,89.6683333333333,0.588333333333333,4.42166666666666,2.26833333333333,-2.07166666666667,77.0016666666667,8.23333333333334,996.761666666668,89.6683333333333,0.588333333333333,4.42166666666666,2.26833333333333,-2.07166666666667,77.0016666666667,8.23333333333334,996.761666666668
2016,26,18,100.602666666667,1.2,-0.165,0.2,-1.96,75.72,9.115,997.301666666667,100.602666666667,1.2,-0.165,0.2,-1.96,75.72,9.115,997.301666666667
2016,26,19,111.842,1.27166666666667,0.0183333333333333,0.2,-1.77666666666667,75.4883333333334,6.93833333333333,997.888333333333,111.842,1.27166666666667,0.0183333333333333,0.2,-1.77666666666667,75.4883333333334,6.93833333333333,997.888333333333
2016,26,20,123.282666666667,1.54833333333333,0.146666666666667,0.2,-1.62,76.8983333333333,5.745,998.263333333334,123.282666666667,1.54833333333333,0.146666666666667,0.2,-1.62,76.8983333333333,5.745,998.263333333334
2016,26,21,134.598,1.27166666666667,0.06,0.2,-1.69166666666667,76.95,5.98166666666667,998.601666666665,134.598,1.27166666666667,0.06,0.2,-1.69166666666667,76.95,5.98166666666667,998.601666666665
2016,26,22,145.232166666667,1.315,0.05,0.2,-1.93333333333333,76.3466666666667,5.51666666666667,998.706666666666,145.232166666667,1.315,0.05,0.2,-1.93333333333333,76.3466666666667,5.51666666666667,998.706666666666
2016,26,23,153.9645,1.92833333333333,0.223333333333334,0.2,-1.79333333333333,75.385,4.82333333333333,999.156666666666,153.9645,1.92833333333333,0.223333333333334,0.2,-1.79333333333333,75.385,4.82333333333333,999.156666666666
2016,27,0,158.169666666667,1.79666666666667,0.223333333333333,0.2,-1.80333333333333,74.9166666666667,5.15666666666667,999.164999999999,158.169666666667,1.79666666666667,0.223333333333333,0.2,-1.80333333333333,74.9166666666667,5.15666666666667,999.164999999999
2016,27,1,155.470666666667,2.035,0.245,0.201666666666666,-2,77.4483333333333,4.28,998.993333333334,155.470666666667,2.035,0.245,0.201666666666666,-2,77.4483333333333,4.28,998.993333333334
2016,27,2,147.499333333333,1.93666666666667,0.173333333333333,0.2,-2.33,77.705,4.31333333333333,999.056666666665,147.499333333333,1.93666666666667,0.173333333333333,0.2,-2.33,77.705,4.31333333333333,999.056666666665
2016,27,3,137.151833333333,1.71166666666667,0.0583333333333333,0.2,-2.615,74.4483333333333,4.80833333333333,999.385,137.151833333333,1.71166666666667,0.0583333333333333,0.2,-2.615,74.4483333333333,4.80833333333333,999.385
2016,27,4,125.924333333333,1.905,0.0816666666666666,0.2,-2.64,75.5033333333333,4.175,999.768333333334,125.924333333333,1.905,0.0816666666666666,0.2,-2.64,75.5033333333333,4.175,999.768333333334
2016,27,5,114.466666666667,2.32333333333333,0.0383333333333333,0.211666666666667,-3.375,78.69,3.63,1000.065,114.466666666667,2.32333333333333,0.0383333333333333,0.211666666666667,-3.375,78.69,3.63,1000.065
2016,27,6,103.1375,3.44,-0.015,0.2,-3.27166666666666,76.2883333333333,2.81,1000.28166666667,103.1375,3.44,-0.015,0.2,-3.27166666666666,76.2883333333333,2.81,1000.28166666667
2016,27,7,92.0745,2.17,3.32,1.84,-3.485,81.4966666666667,2.02166666666667,1000.385,92.0745,2.17,3.32,1.84,-3.485,81.4966666666667,2.02166666666667,1000.385
2016,27,8,81.9376666666667,3.3,55.4266666666667,24.3816666666667,-3.28166666666666,80.2716666666667,1.82,1000.09333333333,81.9376666666667,3.3,55.4266666666667,24.3816666666667,-3.28166666666666,80.2716666666667,1.82,1000.09333333333
2016,27,9,72.9813333333333,4.915,153.473333333333,67.2983333333333,-2.2,67.9,2.645,999.895,72.9813333333333,4.915,153.473333333333,67.2983333333333,-2.2,67.9,2.645,999.895
2016,27,10,65.6635,8.08333333333333,236.511666666667,104.615,-1.325,60.01,4.33333333333333,999.636666666666,65.6635,8.08333333333333,236.511666666667,104.615,-1.325,60.01,4.33333333333333,999.636666666666
2016,27,11,60.6773333333333,24.995,274.878333333333,126.15,-0.946666666666666,59.1716666666667,4.59,999.266666666667,60.6773333333333,24.995,274.878333333333,126.15,-0.946666666666666,59.1716666666667,4.59,999.266666666667
2016,27,12,58.6496666666667,45.0483333333333,308.106666666667,145.623333333333,-0.763333333333333,60.6616666666667,4.26666666666667,998.253333333334,58.6496666666667,45.0483333333333,308.106666666667,145.623333333333,-0.763333333333333,60.6616666666667,4.26666666666667,998.253333333334
2016,27,13,59.8868333333333,271.535,249.058333333333,167.176666666667,-0.276666666666667,60.74,4.00666666666667,996.951666666667,59.8868333333333,271.535,249.058333333333,167.176666666667,-0.276666666666667,60.74,4.00666666666667,996.951666666667
2016,27,14,64.1976666666667,354.881666666667,203.521666666667,153.42,-0.135,64.93,5.865,995.565,64.1976666666667,354.881666666667,203.521666666667,153.42,-0.135,64.93,5.865,995.565
2016,27,15,71.0078333333333,321.46,144.405,104.613333333333,0.00166666666666667,68.1483333333333,6.99166666666667,994.635,71.0078333333333,321.46,144.405,104.613333333333,0.00166666666666667,68.1483333333333,6.99166666666667,994.635
2016,27,16,79.6285,416.321666666667,61.5866666666667,55.1883333333334,0.331666666666667,70.2516666666667,6.85166666666667,993.84,79.6285,416.321666666667,61.5866666666667,55.1883333333334,0.331666666666667,70.2516666666667,6.85166666666667,993.84
2016,27,17,89.4451666666667,132.793333333333,11.4433333333333,7.905,0.295,73.4566666666667,6.48166666666667,993.045,89.4451666666667,132.793333333333,11.4433333333333,7.905,0.295,73.4566666666667,6.48166666666667,993.045
2016,27,18,100.4035,0.336666666666667,-0.373333333333333,0.22,-0.333333333333333,78.4333333333333,6.54,992.473333333333,100.4035,0.336666666666667,-0.373333333333333,0.22,-0.333333333333333,78.4333333333333,6.54,992.473333333333
2016,27,19,111.6495,0.49,-0.165,0.2,-0.6,78.365,7.245,991.744999999999,111.6495,0.49,-0.165,0.2,-0.6,78.365,7.245,991.744999999999
2016,27,20,123.092,0.605,-0.0283333333333333,0.216666666666667,-0.421666666666667,78.07,7.95166666666667,990.768333333334,123.092,0.605,-0.0283333333333333,0.216666666666667,-0.421666666666667,78.07,7.95166666666667,990.768333333334
2016,27,21,134.398666666667,0.51,-0.0483333333333334,0.223333333333333,-0.2,78.5933333333333,7.99666666666667,990.095,134.398666666667,0.51,-0.0483333333333334,0.223333333333333,-0.2,78.5933333333333,7.99666666666667,990.095
2016,27,22,145.015166666667,0.405,-0.065,0.218333333333333,-0.0366666666666667,77.5466666666666,8.5,989.326666666667,145.015166666667,0.405,-0.065,0.218333333333333,-0.0366666666666667,77.5466666666666,8.5,989.326666666667
2016,27,23,153.717333333333,0.468333333333333,0.0166666666666667,0.211666666666666,0.0866666666666667,77.0116666666667,8.25166666666667,988.480000000001,153.717333333333,0.468333333333333,0.0166666666666667,0.211666666666666,0.0866666666666667,77.0116666666667,8.25166666666667,988.480000000001
2016,28,0,157.912666666667,0.501666666666666,-0.235,0.2,0.223333333333333,76.9916666666666,7.25333333333333,987.196666666667,157.912666666667,0.501666666666666,-0.235,0.2,0.223333333333333,76.9916666666666,7.25333333333333,987.196666666667
2016,28,1,155.257833333333,0.676666666666667,-0.0816666666666667,0.2,0.358333333333333,77.6366666666667,7.81166666666667,985.563333333333,155.257833333333,0.676666666666667,-0.0816666666666667,0.2,0.358333333333333,77.6366666666667,7.81166666666667,985.563333333333
2016,28,2,147.339833333333,0.54,-0.296666666666667,0.2,0.645000000000001,76.3516666666667,7.17666666666667,984.871666666666,147.339833333333,0.54,-0.296666666666667,0.2,0.645000000000001,76.3516666666667,7.17666666666667,984.871666666666
2016,28,3,137.023333333333,0.246666666666667,-0.355,0.2,0.441666666666666,77.2783333333333,7.92833333333333,983.928333333333,137.023333333333,0.246666666666667,-0.355,0.2,0.441666666666666,77.2783333333333,7.92833333333333,983.928333333333
2016,28,4,125.807,0.315,-0.385,0.2,0.133333333333333,79.0216666666666,7.25,983.238333333332,125.807,0.315,-0.385,0.2,0.133333333333333,79.0216666666666,7.25,983.238333333332
2016,28,5,114.35,0.366666666666667,-0.398333333333333,0.2,-0.336666666666667,81.27,6.22,983.058333333333,114.35,0.366666666666667,-0.398333333333333,0.2,-0.336666666666667,81.27,6.22,983.058333333333
2016,28,6,103.013666666667,0.445,-0.395,0.2,-0.674999999999999,82.8466666666667,5.92666666666667,982.868333333334,103.013666666667,0.445,-0.395,0.2,-0.674999999999999,82.8466666666667,5.92666666666667,982.868333333334
2016,28,7,91.9311666666667,55.805,4.44166666666667,3.31666666666667,-0.95,84.7533333333333,5.895,982.465,91.9311666666667,55.805,4.44166666666667,3.31666666666667,-0.95,84.7533333333333,5.895,982.465
2016,28,8,81.7825,564.783333333333,30.8616666666667,49.2433333333333,0.00999999999999995,83.47,5.555,982.088333333333,81.7825,564.783333333333,30.8616666666667,49.2433333333333,0.00999999999999995,83.47,5.555,982.088333333333
2016,28,9,72.799,789.67,47.1616666666667,120.365,2.77666666666667,74.4316666666667,8.36,982.01,72.799,789.67,47.1616666666667,120.365,2.77666666666667,74.4316666666667,8.36,982.01
2016,28,10,65.4505,871.736666666666,54.5016666666667,181.583333333333,3.585,72.8316666666667,8.61333333333333,982.01,65.4505,871.736666666666,54.5016666666667,181.583333333333,3.585,72.8316666666667,8.61333333333333,982.01
2016,28,11,60.4386666666667,916.081666666667,57.29,221.888333333333,4.60166666666667,70.0366666666666,9.35166666666666,981.58,60.4386666666667,916.081666666667,57.29,221.888333333333,4.60166666666667,70.0366666666666,9.35166666666666,981.58
2016,28,12,58.391,875.796666666667,76.42,233.081666666667,5.73666666666667,67.7383333333333,8.955,981.165,58.391,875.796666666667,76.42,233.081666666667,5.73666666666667,67.7383333333333,8.955,981.165
2016,28,13,59.6233333333333,719.593333333333,133.996666666667,215.676666666667,6.14666666666667,64.8866666666667,9.01,980.671666666666,59.6233333333333,719.593333333333,133.996666666667,215.676666666667,6.14666666666667,64.8866666666667,9.01,980.671666666666
2016,28,14,63.9403333333333,52.8283333333333,265.961666666667,127.481666666667,6.32333333333333,62.6233333333333,7.89333333333333,980.576666666666,63.9403333333333,52.8283333333333,265.961666666667,127.481666666667,6.32333333333333,62.6233333333333,7.89333333333333,980.576666666666
2016,28,15,70.7646666666667,1.305,101.315,46.2366666666667,5.67666666666666,66.0233333333334,7.08833333333333,981.158333333333,70.7646666666667,1.305,101.315,46.2366666666667,5.67666666666666,66.0233333333334,7.08833333333333,981.158333333333
2016,28,16,79.4031666666667,-0.365,27.91,13.1433333333333,5.04,70.4283333333333,6.71333333333333,981.656666666666,79.4031666666667,-0.365,27.91,13.1433333333333,5.04,70.4283333333333,6.71333333333333,981.656666666666
2016,28,17,89.2325,-0.025,3.50833333333333,1.86666666666667,3.76833333333333,73.2483333333333,6.315,982.355,89.2325,-0.025,3.50833333333333,1.86666666666667,3.76833333333333,73.2483333333333,6.315,982.355
2016,28,18,100.2025,0.55,-0.0883333333333333,0.2,2.72333333333333,75.43,6.49,983.221666666667,100.2025,0.55,-0.0883333333333333,0.2,2.72333333333333,75.43,6.49,983.221666666667
2016,28,19,111.454333333333,1.105,-0.045,0.2,2.09833333333333,75.525,7.12666666666667,984.035,111.454333333333,1.105,-0.045,0.2,2.09833333333333,75.525,7.12666666666667,984.035
2016,28,20,122.900166666667,1.20166666666667,-0.0133333333333333,0.2,1.705,78.6166666666667,6.395,984.43,122.900166666667,1.20166666666667,-0.0133333333333333,0.2,1.705,78.6166666666667,6.395,984.43
2016,28,21,134.198666666667,1.18333333333333,-0.0483333333333334,0.2,1.35333333333333,80.4716666666666,6.91,984.523333333333,134.198666666667,1.18333333333333,-0.0483333333333334,0.2,1.35333333333333,80.4716666666666,6.91,984.523333333333
2016,28,22,144.795333333333,1.345,0,0.198333333333333,1.135,79.27,7.14333333333334,984.771666666667,144.795333333333,1.345,0,0.198333333333333,1.135,79.27,7.14333333333334,984.771666666667
2016,28,23,153.4675,1.20833333333333,-0.00166666666666667,0.2,1.025,77.185,6.57833333333333,985.015,153.4675,1.20833333333333,-0.00166666666666667,0.2,1.025,77.185,6.57833333333333,985.015
2016,29,0,157.649666666667,1.23166666666667,0.0783333333333334,0.2,0.815,77.5216666666667,5.62166666666667,985.136666666666,157.649666666667,1.23166666666667,0.0783333333333334,0.2,0.815,77.5216666666667,5.62166666666667,985.136666666666
2016,29,1,155.037166666667,1.22,0.206666666666667,0.2,0.688333333333334,77.7116666666666,5.08166666666667,985.363333333333,155.037166666667,1.22,0.206666666666667,0.2,0.688333333333334,77.7116666666666,5.08166666666667,985.363333333333
2016,29,2,147.1735,1.13333333333333,-0.306666666666667,0.2,-0.135,77.7816666666667,5.29833333333334,985.939999999999,147.1735,1.13333333333333,-0.306666666666667,0.2,-0.135,77.7816666666667,5.29833333333334,985.939999999999
2016,29,3,136.887333333333,1.96666666666667,-0.4,0.205,-0.646666666666666,75.0916666666667,4.455,986.428333333334,136.887333333333,1.96666666666667,-0.4,0.205,-0.646666666666666,75.0916666666667,4.455,986.428333333334
2016,29,4,125.685,2.02333333333333,-0.4,0.203333333333333,-0.798333333333333,74.0766666666667,3.755,986.831666666666,125.685,2.02333333333333,-0.4,0.203333333333333,-0.798333333333333,74.0766666666667,3.755,986.831666666666
2016,29,5,114.228666666667,2.31333333333333,-0.365,0.215,-0.918333333333333,74.2683333333333,3.595,987.32,114.228666666667,2.31333333333333,-0.365,0.215,-0.918333333333333,74.2683333333333,3.595,987.32
2016,29,6,102.883833333333,2.42,-0.383333333333333,0.2,-1.235,74.96,3.73666666666667,988.048333333333,102.883833333333,2.42,-0.383333333333333,0.2,-1.235,74.96,3.73666666666667,988.048333333333
2016,29,7,91.7946666666667,8.96,5.01166666666667,2.71833333333333,-1.34333333333333,72.63,2.89833333333333,988.994999999999,91.7946666666667,8.96,5.01166666666667,2.71833333333333,-1.34333333333333,72.63,2.89833333333333,988.994999999999
2016,29,8,81.6215,270.678333333333,46.46,41.965,-1.645,73.8666666666667,2.83333333333333,989.558333333333,81.6215,270.678333333333,46.46,41.965,-1.645,73.8666666666667,2.83333333333333,989.558333333333
2016,29,9,72.6091666666667,754.303333333333,59.44,120.263333333333,-0.996666666666666,69.5866666666667,2.12833333333333,990.353333333333,72.6091666666667,754.303333333333,59.44,120.263333333333,-0.996666666666666,69.5866666666667,2.12833333333333,990.353333333333
2016,29,10,65.2331666666667,840.148333333333,79.31,183.24,0.29,61.4383333333333,1.14833333333333,990.828333333333,65.2331666666667,840.148333333333,79.31,183.24,0.29,61.4383333333333,1.14833333333333,990.828333333333
2016,29,11,60.1935,567.453333333334,208.456666666667,209.901666666667,0.588333333333333,61.6316666666667,1.83,990.863333333333,60.1935,567.453333333334,208.456666666667,209.901666666667,0.588333333333333,61.6316666666667,1.83,990.863333333333
2016,29,12,58.1271666666667,267.08,335.698333333333,210.151666666667,0.891666666666666,64.1216666666667,3.49,990.373333333334,58.1271666666667,267.08,335.698333333333,210.151666666667,0.891666666666666,64.1216666666667,3.49,990.373333333334
2016,29,13,59.3541666666667,31.0566666666667,323.185,152.146666666667,1.53333333333333,65.0183333333333,3.28833333333333,988.988333333333,59.3541666666667,31.0566666666667,323.185,152.146666666667,1.53333333333333,65.0183333333333,3.28833333333333,988.988333333333
2016,29,14,63.6795,673.47,130.2,185.548333333333,2.43333333333333,62.635,4.63833333333333,987.613333333334,63.6795,673.47,130.2,185.548333333333,2.43333333333333,62.635,4.63833333333333,987.613333333334
2016,29,15,70.5203333333333,767.73,63.6283333333333,138.351666666667,3.255,61.4083333333333,5.315,987.351666666668,70.5203333333333,767.73,63.6283333333333,138.351666666667,3.255,61.4083333333333,5.315,987.351666666668
2016,29,16,79.1768333333333,599.51,41.075,66.7866666666667,3.41666666666667,62.7116666666667,6.04333333333333,986.768333333333,79.1768333333333,599.51,41.075,66.7866666666667,3.41666666666667,62.7116666666667,6.04333333333333,986.768333333333
2016,29,17,89.0201666666667,160.658333333333,11.28,9.26166666666666,2.55166666666667,69.7016666666667,4.91,986.57,89.0201666666667,160.658333333333,11.28,9.26166666666666,2.55166666666667,69.7016666666667,4.91,986.57
2016,29,18,100.0015,0.161666666666667,-0.346666666666667,0.315,1.18333333333333,78.8433333333333,4.69333333333333,986.493333333334,100.0015,0.161666666666667,-0.346666666666667,0.315,1.18333333333333,78.8433333333333,4.69333333333333,986.493333333334
2016,29,19,111.260666666667,0.663333333333334,-0.241666666666667,0.255,1.10666666666667,79.6816666666667,6.55166666666666,985.711666666667,111.260666666667,0.663333333333334,-0.241666666666667,0.255,1.10666666666667,79.6816666666667,6.55166666666666,985.711666666667
2016,29,20,122.704666666667,0.436666666666666,-0.293333333333333,0.386666666666666,1.19833333333333,78.625,6.79833333333333,985.101666666667,122.704666666667,0.436666666666666,-0.293333333333333,0.386666666666666,1.19833333333333,78.625,6.79833333333333,985.101666666667
2016,29,21,133.997,0.721666666666666,-0.313333333333334,0.333333333333333,1.08166666666667,79.5533333333334,6.77,984.221666666667,133.997,0.721666666666666,-0.313333333333334,0.333333333333333,1.08166666666667,79.5533333333334,6.77,984.221666666667
2016,29,22,144.574833333333,0.658333333333333,-0.323333333333333,0.205,1.43,78.3883333333334,7.63333333333333,983.528333333333,144.574833333333,0.658333333333333,-0.323333333333333,0.205,1.43,78.3883333333334,7.63333333333333,983.528333333333
2016,29,23,153.214333333333,0.483333333333333,-0.343333333333334,0.201666666666667,1.43333333333333,79.5383333333333,6.55,982.975,153.214333333333,0.483333333333333,-0.343333333333334,0.201666666666667,1.43333333333333,79.5383333333333,6.55,982.975
2016,30,0,157.381666666667,1.025,-0.308333333333333,0.228333333333333,1.93,78.135,6.87333333333333,982.658333333333,157.381666666667,1.025,-0.308333333333333,0.228333333333333,1.93,78.135,6.87333333333333,982.658333333333
2016,30,1,154.809666666667,0.743333333333333,-0.316666666666667,0.213333333333333,1.85,80.4266666666667,6.67666666666667,981.743333333333,154.809666666667,0.743333333333333,-0.316666666666667,0.213333333333333,1.85,80.4266666666667,6.67666666666667,981.743333333333
2016,30,2,146.999,0.838333333333333,-0.295,0.205,2.13833333333333,79.8166666666666,7.07166666666666,981.135,146.999,0.838333333333333,-0.295,0.205,2.13833333333333,79.8166666666666,7.07166666666666,981.135
2016,30,3,136.745333333333,0.4,-0.331666666666667,0.358333333333333,2.06833333333333,80.5466666666667,5.95166666666667,980.686666666667,136.745333333333,0.4,-0.331666666666667,0.358333333333333,2.06833333333333,80.5466666666667,5.95166666666667,980.686666666667
2016,30,4,125.555666666667,0.766666666666667,-0.218333333333333,0.323333333333333,2,80.6733333333333,6.03833333333333,979.678333333333,125.555666666667,0.766666666666667,-0.218333333333333,0.323333333333333,2,80.6733333333333,6.03833333333333,979.678333333333
2016,30,5,114.100666666667,0.859999999999999,-0.265,0.00833333333333333,2.19166666666667,80.1716666666666,5.65833333333333,979.218333333333,114.100666666667,0.859999999999999,-0.265,0.00833333333333333,2.19166666666667,80.1716666666666,5.65833333333333,979.218333333333
2016,30,6,102.749166666667,0.588333333333333,-0.268333333333333,0.00666666666666667,2.18666666666667,80.3916666666667,4.325,979.581666666666,102.749166666667,0.588333333333333,-0.268333333333333,0.00666666666666667,2.18666666666667,80.3916666666667,4.325,979.581666666666
2016,30,7,91.6408333333333,48.7316666666667,6.10166666666667,3.57,1.79666666666667,82.0566666666667,3.75666666666667,980.04,91.6408333333333,48.7316666666667,6.10166666666667,3.57,1.79666666666667,82.0566666666667,3.75666666666667,980.04
2016,30,8,81.4538333333333,342.855,53.15,44.715,2.27333333333333,80.565,1.26666666666667,981.085,81.4538333333333,342.855,53.15,44.715,2.27333333333333,80.565,1.26666666666667,981.085
2016,30,9,72.4145,227.123333333333,139.518333333333,89.37,3.23666666666667,80.545,2.675,980.930000000001,72.4145,227.123333333333,139.518333333333,89.37,3.23666666666667,80.545,2.675,980.930000000001
2016,30,10,65.0095,303.403333333333,184.328333333333,140.486666666667,4.55833333333333,78.245,3.9,980.696666666667,65.0095,303.403333333333,184.328333333333,140.486666666667,4.55833333333333,78.245,3.9,980.696666666667
2016,30,11,59.9423333333333,579.42,189.698333333333,209.53,7.92833333333333,70.6933333333333,6.105,980.020000000001,59.9423333333333,579.42,189.698333333333,209.53,7.92833333333333,70.6933333333333,6.105,980.020000000001
2016,30,12,57.8581666666667,466.286666666667,188.741666666667,191.955,10.22,65.7733333333333,7.51,979.731666666666,57.8581666666667,466.286666666667,188.741666666667,191.955,10.22,65.7733333333333,7.51,979.731666666666
2016,30,13,59.0815,796.961666666667,113.586666666667,226.708333333333,11.0366666666667,61.7516666666667,6.63,979.455,59.0815,796.961666666667,113.586666666667,226.708333333333,11.0366666666667,61.7516666666667,6.63,979.455
2016,30,14,63.4153333333333,74.555,184.091666666667,97.85,11.26,62.5416666666667,4.235,979.311666666667,63.4153333333333,74.555,184.091666666667,97.85,11.26,62.5416666666667,4.235,979.311666666667
2016,30,15,70.2718333333333,46.015,114.291666666667,59.2966666666667,11.1283333333333,65.495,3.695,979.228333333334,70.2718333333333,46.015,114.291666666667,59.2966666666667,11.1283333333333,65.495,3.695,979.228333333334
2016,30,16,78.9481666666667,-1.33833333333333,54.8016666666667,24.7833333333333,9.87333333333333,71.6466666666667,2.83,979.698333333334,78.9481666666667,-1.33833333333333,54.8016666666667,24.7833333333333,9.87333333333333,71.6466666666667,2.83,979.698333333334
2016,30,17,88.8051666666667,4.60666666666667,9.3,4.35833333333333,9.32833333333334,74.6383333333333,1.675,980.300000000001,88.8051666666667,4.60666666666667,9.3,4.35833333333333,9.32833333333334,74.6383333333333,1.675,980.300000000001
2016,30,18,99.7985,-0.366666666666667,-0.116666666666667,0.355,8.82666666666666,76.97,1.83,980.913333333334,99.7985,-0.366666666666667,-0.116666666666667,0.355,8.82666666666666,76.97,1.83,980.913333333334
2016,30,19,111.064,-2.31333333333333,-0.38,0.215,8.01,79.94,2.49666666666667,980.961666666667,111.064,-2.31333333333333,-0.38,0.215,8.01,79.94,2.49666666666667,980.961666666667
2016,30,20,122.510833333333,0.28,-0.22,0.2,6.98333333333334,82.475,3.96666666666667,980.776666666667,122.510833333333,0.28,-0.22,0.2,6.98333333333334,82.475,3.96666666666667,980.776666666667
2016,30,21,133.793333333333,1.475,-0.0633333333333334,0.2,6.01333333333334,82.5783333333333,4.145,980.631666666666,133.793333333333,1.475,-0.0633333333333334,0.2,6.01333333333334,82.5783333333333,4.145,980.631666666666
2016,30,22,144.351166666667,1.1,0,0.2,5.91166666666667,80.7716666666666,4.22333333333333,980.366666666666,144.351166666667,1.1,0,0.2,5.91166666666667,80.7716666666666,4.22333333333333,980.366666666666
2016,30,23,152.958166666667,0.858333333333332,0,0.2,5.43,83.5166666666667,4.48166666666667,980.24,152.958166666667,0.858333333333332,0,0.2,5.43,83.5166666666667,4.48166666666667,980.24
2016,31,0,157.109666666667,1.655,0.04,0.2,5.32833333333333,88.21,4.27333333333333,979.656666666667,157.109666666667,1.655,0.04,0.2,5.32833333333333,88.21,4.27333333333333,979.656666666667
2016,31,1,154.5755,0.594999999999999,-0.0283333333333333,0.2,6.33833333333333,89.3266666666667,4.96333333333333,978.606666666667,154.5755,0.594999999999999,-0.0283333333333333,0.2,6.33833333333333,89.3266666666667,4.96333333333333,978.606666666667
2016,31,2,146.8175,0.44,-0.116666666666667,0.2,5.955,91.345,4.955,978.248333333333,146.8175,0.44,-0.116666666666667,0.2,5.955,91.345,4.955,978.248333333333
2016,31,3,136.596333333333,0.695,-0.158333333333333,0.2,5.56833333333334,93.0183333333333,5.495,977.550000000001,136.596333333333,0.695,-0.158333333333333,0.2,5.56833333333334,93.0183333333333,5.495,977.550000000001
2016,31,4,125.419833333333,0.0666666666666667,-0.228333333333333,0.2,5.15333333333333,93.8,4.92,976.851666666666,125.419833333333,0.0666666666666667,-0.228333333333333,0.2,5.15333333333333,93.8,4.92,976.851666666666
2016,31,5,113.9655,1.54666666666667,0.0733333333333333,0.2,5.78666666666667,94.355,4.775,976.516666666667,113.9655,1.54666666666667,0.0733333333333333,0.2,5.78666666666667,94.355,4.775,976.516666666667
2016,31,6,102.6075,0.941666666666666,0,0.196666666666666,7.10333333333333,93.2366666666667,6.58333333333333,976.496666666667,102.6075,0.941666666666666,0,0.196666666666666,7.10333333333333,93.2366666666667,6.58333333333333,976.496666666667
2016,31,7,91.4808333333333,26.635,11.765,3.39487179487179,8.31,92.1733333333334,7.55333333333333,976.405,91.4808333333333,26.635,11.765,3.39487179487179,8.31,92.1733333333334,7.55333333333333,976.405
2016,31,8,81.2796666666667,65.29,38.7433333333333,21.095,9.01333333333333,91.4,7.62666666666667,975.991666666666,81.2796666666667,65.29,38.7433333333333,21.095,9.01333333333333,91.4,7.62666666666667,975.991666666666
2016,31,9,72.2136666666667,6.89833333333334,125,57.9966666666667,10.3383333333333,89.5733333333333,8.68333333333333,975.460000000001,72.2136666666667,6.89833333333334,125,57.9966666666667,10.3383333333333,89.5733333333333,8.68333333333333,975.460000000001
2016,31,10,64.7798333333333,80.155,224.736666666667,117.28,12.44,84.3616666666667,11.425,975.406666666667,64.7798333333333,80.155,224.736666666667,117.28,12.44,84.3616666666667,11.425,975.406666666667
2016,31,11,59.6853333333333,117.726666666667,306.49,162.78,13.8916666666667,80.2233333333333,11.7833333333333,975.288333333333,59.6853333333333,117.726666666667,306.49,162.78,13.8916666666667,80.2233333333333,11.7833333333333,975.288333333333
2016,31,12,57.5838333333333,71.9833333333333,366.785,180.883333333333,14.995,75.2983333333333,12.1983333333333,974.855,57.5838333333333,71.9833333333333,366.785,180.883333333333,14.995,75.2983333333333,12.1983333333333,974.855
2016,31,13,58.8036666666667,0.53,134.856666666667,63.25,15.1383333333333,73.8066666666666,11.3616666666667,974.546666666666,58.8036666666667,0.53,134.856666666667,63.25,15.1383333333333,73.8066666666666,11.3616666666667,974.546666666666
2016,31,14,63.1475,21.5083333333333,174.688333333333,83.8983333333333,15.2,73.215,10.3516666666667,974.788333333333,63.1475,21.5083333333333,174.688333333333,83.8983333333333,15.2,73.215,10.3516666666667,974.788333333333
2016,31,15,70.0221666666667,-1.44,48.97,24.0683333333333,14.745,75.405,8.13,975.728333333333,70.0221666666667,-1.44,48.97,24.0683333333333,14.745,75.405,8.13,975.728333333333
2016,31,16,78.7175,-2.11166666666667,13.34,6.84166666666667,11.585,73.695,8.015,977.451666666666,78.7175,-2.11166666666667,13.34,6.84166666666667,11.585,73.695,8.015,977.451666666666
2016,31,17,88.5895,-0.924999999999999,3.29333333333333,1.82833333333333,9.69833333333334,74.95,7.20166666666667,979.106666666667,88.5895,-0.924999999999999,3.29333333333333,1.82833333333333,9.69833333333334,74.95,7.20166666666667,979.106666666667
2016,31,18,99.5943333333333,-0.963333333333334,-0.195,0.216666666666666,7.96833333333333,80.7433333333333,7.99,980.845,99.5943333333333,-0.963333333333334,-0.195,0.216666666666666,7.96833333333333,80.7433333333333,7.99,980.845
2016,31,19,110.868166666667,-0.386666666666667,-0.371666666666666,0.198333333333333,5.53,84.8983333333333,10.2366666666667,982.63,110.868166666667,-0.386666666666667,-0.371666666666666,0.198333333333333,5.53,84.8983333333333,10.2366666666667,982.63
2016,31,20,122.313833333333,0.193333333333333,-0.25,0.175,4.28,86.93,7.22666666666666,983.926666666667,122.313833333333,0.193333333333333,-0.25,0.175,4.28,86.93,7.22666666666666,983.926666666667
2016,31,21,133.588166666667,0.5,-0.00333333333333333,0.18,3.29833333333333,89.1933333333333,6.22166666666666,985.005000000001,133.588166666667,0.5,-0.00333333333333333,0.18,3.29833333333333,89.1933333333333,6.22166666666666,985.005000000001
2016,31,22,144.124333333333,1.58833333333333,0.07,0.26,2.33666666666667,91.2683333333333,4.63,985.673333333333,144.124333333333,1.58833333333333,0.07,0.26,2.33666666666667,91.2683333333333,4.63,985.673333333333
2016,31,23,152.6975,1.33833333333333,0.0483333333333333,0.333333333333333,1.77833333333333,91.915,4.62,986.333333333334,152.6975,1.33833333333333,0.0483333333333333,0.333333333333333,1.77833333333333,91.915,4.62,986.333333333334
2016,32,0,156.831,2.12166666666667,0.0616666666666667,0.31,1.61,92.0283333333334,4.34333333333333,986.7,156.831,2.12166666666667,0.0616666666666667,0.31,1.61,92.0283333333334,4.34333333333333,986.7
2016,32,1,154.335,2.125,0.045,0.29,1.38666666666667,92.3016666666666,4.38166666666667,986.888333333334,154.335,2.125,0.045,0.29,1.38666666666667,92.3016666666666,4.38166666666667,986.888333333334
2016,32,2,146.628833333333,1.82666666666667,-0.178333333333333,0.275,1.29833333333333,92.525,3.595,987.283333333334,146.628833333333,1.82666666666667,-0.178333333333333,0.275,1.29833333333333,92.525,3.595,987.283333333334
2016,32,3,136.439833333333,2.255,-0.0616666666666666,0.32,1.545,92.0616666666667,3.85666666666667,987.581666666666,136.439833333333,2.255,-0.0616666666666666,0.32,1.545,92.0616666666667,3.85666666666667,987.581666666666
2016,32,4,125.277,3.34166666666667,-0.273333333333333,0.22,1.06666666666667,93.4383333333333,3.09,987.939999999999,125.277,3.34166666666667,-0.273333333333333,0.22,1.06666666666667,93.4383333333333,3.09,987.939999999999
2016,32,5,113.8255,3.20166666666667,-0.265,0.228333333333333,0.715,94.205,2.1,988.416666666667,113.8255,3.20166666666667,-0.265,0.228333333333333,0.715,94.205,2.1,988.416666666667
2016,32,6,102.460333333333,3.33833333333333,-0.28,0.215,0.666666666666667,94.085,1.89,989.270000000001,102.460333333333,3.33833333333333,-0.28,0.215,0.666666666666667,94.085,1.89,989.270000000001
2016,32,7,91.3153333333333,3.49833333333333,3.115,2.03,0.821666666666668,91.7166666666667,2.66333333333333,989.861666666667,91.3153333333333,3.49833333333333,3.115,2.03,0.821666666666668,91.7166666666667,2.66333333333333,989.861666666667
2016,32,8,81.1005,7.88333333333334,50.21,23.0266666666667,0.805,91.0116666666667,1.55666666666667,990.545,81.1005,7.88333333333334,50.21,23.0266666666667,0.805,91.0116666666667,1.55666666666667,990.545
2016,32,9,72.007,6.055,117.706666666667,54.0516666666667,1.48833333333333,89.875,1.08833333333333,991.106666666667,72.007,6.055,117.706666666667,54.0516666666667,1.48833333333333,89.875,1.08833333333333,991.106666666667
2016,32,10,64.544,216.918333333333,229.658333333333,140.223333333333,2.73166666666667,84.565,1.44333333333333,992.081666666667,64.544,216.918333333333,229.658333333333,140.223333333333,2.73166666666667,84.565,1.44333333333333,992.081666666667
2016,32,11,59.4231666666667,261.671666666667,203.836666666667,148.601666666667,4.005,76.75,1.17666666666667,992.078333333334,59.4231666666667,261.671666666667,203.836666666667,148.601666666667,4.005,76.75,1.17666666666667,992.078333333334
2016,32,12,57.3046666666667,948.428333333334,67.035,241.09,6.64,63.28,0.628333333333333,991.734999999999,57.3046666666667,948.428333333334,67.035,241.09,6.64,63.28,0.628333333333333,991.734999999999
2016,32,13,58.5215,948.97,63.4583333333333,230.581666666667,7.98666666666667,57.9066666666667,0.837931034482759,991.373333333334,58.5215,948.97,63.4583333333333,230.581666666667,7.98666666666667,57.9066666666667,0.837931034482759,991.373333333334
2016,32,14,62.8761666666667,923.926666666667,58.3883333333333,197.678333333333,8.20833333333333,54.4016666666667,1.59,990.883333333333,62.8761666666667,923.926666666667,58.3883333333333,197.678333333333,8.20833333333333,54.4016666666667,1.59,990.883333333333
2016,32,15,69.5527083333333,819.917647058823,54.8026315789474,133.021739130435,9,43.5235294117647,1.41363636363636,990.185106382978,69.5527083333333,819.917647058823,54.8026315789474,133.021739130435,9,43.5235294117647,1.41363636363636,990.185106382978
2016,32,16,78.485,682.233333333334,38.7033333333333,71.7166666666667,8.81333333333333,42.5783333333333,1.74,990.596666666666,78.485,682.233333333334,38.7033333333333,71.7166666666667,8.81333333333333,42.5783333333333,1.74,990.596666666666
2016,32,17,88.3598333333333,206.903333333333,12.97,11.0233333333333,7.86,55.255,2.55,990.986666666666,88.3598333333333,206.903333333333,12.97,11.0233333333333,7.86,55.255,2.55,990.986666666666
2016,32,18,99.39,-1.055,-0.12,0.01,6.34333333333333,58.8183333333333,3.505,991.645,99.39,-1.055,-0.12,0.01,6.34333333333333,58.8183333333333,3.505,991.645
2016,32,19,110.671166666667,1.53166666666667,0.0116666666666667,0,5.39,63.9466666666666,3.84166666666667,991.845000000001,110.671166666667,1.53166666666667,0.0116666666666667,0,5.39,63.9466666666666,3.84166666666667,991.845000000001
2016,32,20,122.116333333333,2.23166666666667,-0.0316666666666667,0,4.38166666666667,66.0133333333333,3.45333333333333,991.885,122.116333333333,2.23166666666667,-0.0316666666666667,0,4.38166666666667,66.0133333333333,3.45333333333333,991.885
2016,32,21,133.382833333333,0.591666666666667,-0.065,0,3.29833333333333,70.5533333333333,3.81833333333333,991.635,133.382833333333,0.591666666666667,-0.065,0,3.29833333333333,70.5533333333333,3.81833333333333,991.635
2016,32,22,143.895666666667,0.99,-0.0416666666666667,0,2.87,72.7166666666667,3.84166666666667,992.113333333334,143.895666666667,0.99,-0.0416666666666667,0,2.87,72.7166666666667,3.84166666666667,992.113333333334
2016,32,23,152.433666666667,0.616666666666666,-0.0633333333333333,0,2.065,82.0583333333334,4.695,992.318333333332,152.433666666667,0.616666666666666,-0.0633333333333333,0,2.065,82.0583333333334,4.695,992.318333333332
2016,33,0,156.5485,0.636666666666667,-0.015,0,1.62,87.2066666666667,4.78833333333333,992.026666666666,156.5485,0.636666666666667,-0.015,0,1.62,87.2066666666667,4.78833333333333,992.026666666666
2016,33,1,154.086833333333,0.788333333333334,-0.00166666666666667,0,1.37333333333333,85.705,4.48333333333333,992.005,154.086833333333,0.788333333333334,-0.00166666666666667,0,1.37333333333333,85.705,4.48333333333333,992.005
2016,33,2,146.432833333333,1.40333333333333,0,0,1.42333333333333,84.715,4.43333333333333,991.815,146.432833333333,1.40333333333333,0,0,1.42333333333333,84.715,4.43333333333333,991.815
2016,33,3,136.276666666667,0.52,0,0,1.075,89.0066666666667,5.45,991.071666666667,136.276666666667,0.52,0,0,1.075,89.0066666666667,5.45,991.071666666667
2016,33,4,125.129666666667,1.01833333333333,0,0,0.875,90.6816666666667,6.58166666666667,989.761666666666,125.129666666667,1.01833333333333,0,0,0.875,90.6816666666667,6.58166666666667,989.761666666666
2016,33,5,113.679,1.11833333333333,0,0,1.36166666666667,87.9916666666666,7.01,989.181666666667,113.679,1.11833333333333,0,0,1.36166666666667,87.9916666666666,7.01,989.181666666667
2016,33,6,102.306833333333,1.07333333333333,0,0,1.99166666666666,85.09,7.345,988.773333333334,102.306833333333,1.07333333333333,0,0,1.99166666666666,85.09,7.345,988.773333333334
2016,33,7,91.1451666666667,0.951666666666667,2.79,1.45666666666667,2.505,82.0766666666667,10.0216666666667,987.126666666666,91.1451666666667,0.951666666666667,2.79,1.45666666666667,2.505,82.0766666666667,10.0216666666667,987.126666666666
2016,33,8,80.9158333333333,0.226666666666667,18.1533333333333,9.01166666666666,2.42,84.3033333333333,12.5,985.19,80.9158333333333,0.226666666666667,18.1533333333333,9.01166666666666,2.42,84.3033333333333,12.5,985.19
2016,33,9,71.7951666666667,0.858333333333333,28.8483333333333,15.0683333333333,2.99333333333334,83.9283333333333,12.635,983.141666666666,71.7951666666667,0.858333333333333,28.8483333333333,15.0683333333333,2.99333333333334,83.9283333333333,12.635,983.141666666666
2016,33,10,64.3031666666667,0.105,40.7316666666667,21.0983333333333,3.63333333333333,83.4183333333333,12.3116666666667,981.405,64.3031666666667,0.105,40.7316666666667,21.0983333333333,3.63333333333333,83.4183333333333,12.3116666666667,981.405
2016,33,11,59.1548333333333,1.71666666666667,41.2166666666667,21.78,4.625,83.66,11.7133333333333,979.718333333334,59.1548333333333,1.71666666666667,41.2166666666667,21.78,4.625,83.66,11.7133333333333,979.718333333334
2016,33,12,57.0196666666667,1.15666666666667,58.0983333333333,30.7483333333333,6.05166666666667,89.2283333333333,11.42,977.953333333333,57.0196666666667,1.15666666666667,58.0983333333333,30.7483333333333,6.05166666666667,89.2283333333333,11.42,977.953333333333
2016,33,13,58.2343333333333,1.65,61.3133333333333,32.1516666666667,7.70666666666667,93.715,10.425,976.12,58.2343333333333,1.65,61.3133333333333,32.1516666666667,7.70666666666667,93.715,10.425,976.12
2016,33,14,62.602,1.69,34.445,18.7083333333333,9.99666666666666,94.3833333333333,10.18,974.511666666667,62.602,1.69,34.445,18.7083333333333,9.99666666666666,94.3833333333333,10.18,974.511666666667
2016,33,15,69.5143333333333,1.59,61.6716666666667,30.8633333333333,11.9433333333333,93.0233333333334,12.1466666666667,973.221666666666,69.5143333333333,1.59,61.6716666666667,30.8633333333333,11.9433333333333,93.0233333333334,12.1466666666667,973.221666666666
2016,33,16,78.2516666666667,0.576666666666667,37.345,17.7066666666667,12.9166666666667,91.1266666666667,9.73,972.759999999999,78.2516666666667,0.576666666666667,37.345,17.7066666666667,12.9166666666667,91.1266666666667,9.73,972.759999999999
2016,33,17,88.1421666666667,0.475,18.81,8.18333333333333,13.7383333333333,89.715,9.11666666666667,972.346666666667,88.1421666666667,0.475,18.81,8.18333333333333,13.7383333333333,89.715,9.11666666666667,972.346666666667
2016,33,18,99.1848333333333,0.04,0.0283333333333333,0.0716666666666667,14.2383333333333,90.1566666666667,8.83166666666667,971.108333333333,99.1848333333333,0.04,0.0283333333333333,0.0716666666666667,14.2383333333333,90.1566666666667,8.83166666666667,971.108333333333
2016,33,19,110.472333333333,0.103333333333333,0,0.025,13.975,92.1216666666667,6.53833333333333,971.846666666667,110.472333333333,0.103333333333333,0,0.025,13.975,92.1216666666667,6.53833333333333,971.846666666667
2016,33,20,121.9175,-0.526666666666667,0,0.0133333333333333,13.3516666666667,94.3716666666667,2.98,972.42,121.9175,-0.526666666666667,0,0.0133333333333333,13.3516666666667,94.3716666666667,2.98,972.42
2016,33,21,133.175166666667,-0.511666666666667,-0.00833333333333333,0.02,12.7116666666667,94.4766666666667,1.55666666666667,972.855,133.175166666667,-0.511666666666667,-0.00833333333333333,0.02,12.7116666666667,94.4766666666667,1.55666666666667,972.855
2016,33,22,143.665833333333,0.653333333333334,0,0.0233333333333333,10.6516666666667,94.9516666666667,2.685,973.496666666667,143.665833333333,0.653333333333334,0,0.0233333333333333,10.6516666666667,94.9516666666667,2.685,973.496666666667
2016,33,23,152.167666666667,0.0166666666666667,-0.0166666666666667,0.0133333333333333,9.91000000000001,95.235,2.67166666666667,973.870000000001,152.167666666667,0.0166666666666667,-0.0166666666666667,0.0133333333333333,9.91000000000001,95.235,2.67166666666667,973.870000000001
2016,34,0,156.2605,0.18,-0.00333333333333333,0.01,9.385,95.3466666666667,2.12333333333333,974.016666666666,156.2605,0.18,-0.00333333333333333,0.01,9.385,95.3466666666667,2.12333333333333,974.016666666666
2016,34,1,153.833,-0.671666666666667,0,0.0183333333333333,7.89,95.4516666666666,3.58166666666667,974.083333333333,153.833,-0.671666666666667,0,0.0183333333333333,7.89,95.4516666666666,3.58166666666667,974.083333333333
2016,34,2,146.231166666667,-1.145,0,0.01,6.27,95.8933333333334,3.28833333333333,974.665000000001,146.231166666667,-1.145,0,0.01,6.27,95.8933333333334,3.28833333333333,974.665000000001
2016,34,3,136.108166666667,0.271666666666667,0,0.0133333333333333,4.93,96.5466666666667,4.70166666666667,975.363333333333,136.108166666667,0.271666666666667,0,0.0133333333333333,4.93,96.5466666666667,4.70166666666667,975.363333333333
2016,34,4,124.974833333333,0.958333333333333,0,0.00833333333333333,4.92833333333333,86.4916666666666,5.615,975.903333333334,124.974833333333,0.958333333333333,0,0.00833333333333333,4.92833333333333,86.4916666666666,5.615,975.903333333334
2016,34,5,113.527333333333,0.718333333333333,0,0.0166666666666667,3.94166666666666,79.13,7.42333333333333,976.808333333333,113.527333333333,0.718333333333333,0,0.0166666666666667,3.94166666666666,79.13,7.42333333333333,976.808333333333
2016,34,6,102.148333333333,-0.00666666666666668,0,0.05,2.68833333333333,79.4333333333333,7.70333333333333,977.421666666667,102.148333333333,-0.00666666666666668,0,0.05,2.68833333333333,79.4333333333333,7.70333333333333,977.421666666667
2016,34,7,90.9695,79.7683333333333,8.085,4.45084745762712,1.69833333333333,79.385,7.17833333333333,978.083333333333,90.9695,79.7683333333333,8.085,4.45084745762712,1.69833333333333,79.385,7.17833333333333,978.083333333333
2016,34,8,80.7263333333333,58.1833333333333,45.6033333333333,21.3446428571429,1.69,81.32,7.17833333333333,979.201666666666,80.7263333333333,58.1833333333333,45.6033333333333,21.3446428571429,1.69,81.32,7.17833333333333,979.201666666666
2016,34,9,71.5768333333333,1.24,58.945,27.735,2.73,76.9166666666667,9.63833333333333,980.498333333333,71.5768333333333,1.24,58.945,27.735,2.73,76.9166666666667,9.63833333333333,980.498333333333
2016,34,10,64.0556666666667,0.636666666666667,39.7266666666667,20.105,2.79833333333333,79.86,10.8033333333333,981.625,64.0556666666667,0.636666666666667,39.7266666666667,20.105,2.79833333333333,79.86,10.8033333333333,981.625
2016,34,11,58.8815,0.26,41.8283333333333,21.8866666666667,2.64666666666667,80.8233333333333,11.39,982.653333333334,58.8815,0.26,41.8283333333333,21.8866666666667,2.64666666666667,80.8233333333333,11.39,982.653333333334
2016,34,12,56.7293333333333,0.0816666666666667,61.425,31.1333333333333,1.75333333333333,86.5516666666667,12.3616666666667,983.418333333333,56.7293333333333,0.0816666666666667,61.425,31.1333333333333,1.75333333333333,86.5516666666667,12.3616666666667,983.418333333333
2016,34,13,57.9441666666667,0.726666666666667,63.76,32.125,1.27666666666667,86.4133333333333,12.4133333333333,983.991666666666,57.9441666666667,0.726666666666667,63.76,32.125,1.27666666666667,86.4133333333333,12.4133333333333,983.991666666666
2016,34,14,62.3246666666667,0.503333333333334,46.0366666666667,23.2883333333333,0.950000000000001,84.6033333333333,11.4316666666667,985.055,62.3246666666667,0.503333333333334,46.0366666666667,23.2883333333333,0.950000000000001,84.6033333333333,11.4316666666667,985.055
2016,34,15,69.2566666666667,0.436666666666667,60.5116666666667,28.8,-0.0633333333333333,83.28,11.1716666666667,986.515,69.2566666666667,0.436666666666667,60.5116666666667,28.8,-0.0633333333333333,83.28,11.1716666666667,986.515
2016,34,16,78.0156666666667,0.0533333333333333,30.9183333333333,14.6416666666667,-0.568333333333333,80.595,10.8816666666667,987.955,78.0156666666667,0.0533333333333333,30.9183333333333,14.6416666666667,-0.568333333333333,80.595,10.8816666666667,987.955
2016,34,17,87.9228333333333,0.22,4.75666666666666,2.40666666666667,-0.951666666666666,80.72,9.765,989.378333333333,87.9228333333333,0.22,4.75666666666666,2.40666666666667,-0.951666666666666,80.72,9.765,989.378333333333
2016,34,18,98.9785,0.878333333333332,0,0.015,-1.10333333333333,79.6816666666666,9.175,990.943333333333,98.9785,0.878333333333332,0,0.015,-1.10333333333333,79.6816666666666,9.175,990.943333333333
2016,34,19,110.273333333333,1.135,0,0.005,-1.34666666666667,77.5216666666667,8.91833333333333,992.251666666667,110.273333333333,1.135,0,0.005,-1.34666666666667,77.5216666666667,8.91833333333333,992.251666666667
2016,34,20,121.7185,0.989999999999999,0,0.00666666666666667,-1.38166666666667,78.555,8.71,992.978333333333,121.7185,0.989999999999999,0,0.00666666666666667,-1.38166666666667,78.555,8.71,992.978333333333
2016,34,21,132.966,0.906666666666666,0,0,-1.5,78.965,8.13166666666667,993.466666666666,132.966,0.906666666666666,0,0,-1.5,78.965,8.13166666666667,993.466666666666
2016,34,22,143.433,0.735,0,0,-1.93666666666667,76.3316666666667,9.47166666666667,994.05,143.433,0.735,0,0,-1.93666666666667,76.3316666666667,9.47166666666667,994.05
2016,34,23,151.898,1.28333333333333,0,0,-2.16666666666667,77.7266666666666,8.14666666666667,994.771666666667,151.898,1.28333333333333,0,0,-2.16666666666667,77.7266666666666,8.14666666666667,994.771666666667
2016,35,0,155.968166666667,1.27666666666667,0,0,-2.49666666666667,78.9,7.845,995.226666666668,155.968166666667,1.27666666666667,0,0,-2.49666666666667,78.9,7.845,995.226666666668
2016,35,1,153.573166666667,1.06666666666667,0,0,-2.87833333333333,79.335,7.87,995.569999999999,153.573166666667,1.06666666666667,0,0,-2.87833333333333,79.335,7.87,995.569999999999
2016,35,2,146.021166666667,0.838333333333333,0,0,-3.22,76.5883333333333,8.45166666666667,996.200000000001,146.021166666667,0.838333333333333,0,0,-3.22,76.5883333333333,8.45166666666667,996.200000000001
2016,35,3,135.932,0.741666666666666,0,0,-3.78333333333333,74.9683333333333,7.63833333333334,996.293333333334,135.932,0.741666666666666,0,0,-3.78333333333333,74.9683333333333,7.63833333333334,996.293333333334
2016,35,4,124.813833333333,0.851666666666667,0,0,-4.40333333333333,75.735,7.04833333333333,996.554999999999,124.813833333333,0.851666666666667,0,0,-4.40333333333333,75.735,7.04833333333333,996.554999999999
2016,35,5,113.368833333333,1.01166666666667,0,0,-4.91,74.2516666666667,6.85666666666667,997.003333333333,113.368833333333,1.01166666666667,0,0,-4.91,74.2516666666667,6.85666666666667,997.003333333333
2016,35,6,101.983666666667,1.25166666666667,0,0,-5.39,74.0683333333333,6.06833333333334,997.478333333333,101.983666666667,1.25166666666667,0,0,-5.39,74.0683333333333,6.06833333333334,997.478333333333
2016,35,7,90.7875,0.863333333333333,5.08333333333333,2.825,-5.61666666666666,76.2966666666667,7.12,998.461666666667,90.7875,0.863333333333333,5.08333333333333,2.825,-5.61666666666666,76.2966666666667,7.12,998.461666666667
2016,35,8,80.5286666666667,460.031666666667,48.26,52.69,-6.13666666666666,74.825,6.28833333333333,999.255,80.5286666666667,460.031666666667,48.26,52.69,-6.13666666666666,74.825,6.28833333333333,999.255
2016,35,9,71.3525,696.52,68.9466666666667,118.755,-5.85666666666667,71.0283333333333,6.03333333333333,999.716666666667,71.3525,696.52,68.9466666666667,118.755,-5.85666666666667,71.0283333333333,6.03333333333333,999.716666666667
2016,35,10,63.8033333333333,911.951666666667,67.3916666666667,193.303333333333,-5.01666666666667,68.25,5.34166666666667,999.936666666667,63.8033333333333,911.951666666667,67.3916666666667,193.303333333333,-5.01666666666667,68.25,5.34166666666667,999.936666666667
2016,35,11,58.6031666666667,974.143333333333,66.0916666666667,235.623333333333,-4.10333333333334,64.9583333333333,4.675,999.743333333333,58.6031666666667,974.143333333333,66.0916666666667,235.623333333333,-4.10333333333334,64.9583333333333,4.675,999.743333333333
2016,35,12,56.4355,980.363333333333,66.9533333333333,251.711666666667,-3.17833333333333,63.0433333333333,4.855,999.193333333333,56.4355,980.363333333333,66.9533333333333,251.711666666667,-3.17833333333333,63.0433333333333,4.855,999.193333333333
2016,35,13,57.6496666666667,970.226666666667,64.4833333333333,242.015,-2.26333333333333,60.3083333333334,4.75166666666667,998.694999999999,57.6496666666667,970.226666666667,64.4833333333333,242.015,-2.26333333333333,60.3083333333334,4.75166666666667,998.694999999999
2016,35,14,62.0443333333333,940.278333333333,60.4316666666667,206.291666666667,-1.27333333333333,59.0983333333333,3.665,998.441666666668,62.0443333333333,940.278333333333,60.4316666666667,206.291666666667,-1.27333333333333,59.0983333333333,3.665,998.441666666668
2016,35,15,68.9968333333333,867.813333333333,53.4116666666667,148.345,-0.461666666666667,57.5066666666667,4.00833333333333,998.648333333333,68.9968333333333,867.813333333333,53.4116666666667,148.345,-0.461666666666667,57.5066666666667,4.00833333333333,998.648333333333
2016,35,16,77.7795,704.011666666667,40.555,76.5416666666667,0.01,58.9033333333333,3.87333333333333,999.181666666667,77.7795,704.011666666667,40.555,76.5416666666667,0.01,58.9033333333333,3.87333333333333,999.181666666667
2016,35,17,87.7036666666667,249.86,14.3733333333333,12.5326086956522,-0.208333333333333,65.4833333333333,3.45,999.589999999999,87.7036666666667,249.86,14.3733333333333,12.5326086956522,-0.208333333333333,65.4833333333333,3.45,999.589999999999
2016,35,18,98.7713333333333,1.29666666666667,0.0583333333333333,0.0266666666666667,-0.896666666666667,76.4433333333334,2.745,999.763333333335,98.7713333333333,1.29666666666667,0.0583333333333333,0.0266666666666667,-0.896666666666667,76.4433333333334,2.745,999.763333333335
2016,35,19,110.0735,1.48666666666667,0,0,-1.08666666666667,80.0216666666667,3.68,1000.02166666667,110.0735,1.48666666666667,0,0,-1.08666666666667,80.0216666666667,3.68,1000.02166666667
2016,35,20,121.518666666667,0.871666666666666,0,0,-1.28833333333333,80.6883333333333,3.15,1000.19833333333,121.518666666667,0.871666666666666,0,0,-1.28833333333333,80.6883333333333,3.15,1000.19833333333
2016,35,21,132.755666666667,1.16166666666667,0,0,-1.81,83.395,3.31166666666667,1000.2,132.755666666667,1.16166666666667,0,0,-1.81,83.395,3.31166666666667,1000.2
2016,35,22,143.198166666667,1.05833333333333,0,0,-1.93166666666667,79.8866666666666,3.83333333333333,1000.18,143.198166666667,1.05833333333333,0,0,-1.93166666666667,79.8866666666666,3.83333333333333,1000.18
2016,35,23,151.626166666667,0.814999999999999,0,0,-2.12333333333334,80.245,4.15666666666667,1000.1,151.626166666667,0.814999999999999,0,0,-2.12333333333334,80.245,4.15666666666667,1000.1
2016,36,0,155.6715,0.801666666666666,0,0,-2.40166666666667,82.405,4.16333333333333,1000.18666666667,155.6715,0.801666666666666,0,0,-2.40166666666667,82.405,4.16333333333333,1000.18666666667
2016,36,1,153.305666666667,0.938333333333332,0,0,-2.49166666666667,81.105,4.39333333333333,1000.08666666667,153.305666666667,0.938333333333332,0,0,-2.49166666666667,81.105,4.39333333333333,1000.08666666667
2016,36,2,145.805166666667,0.949999999999999,0,0,-2.605,80.6533333333333,4.69,1000.155,145.805166666667,0.949999999999999,0,0,-2.605,80.6533333333333,4.69,1000.155
2016,36,3,135.748833333333,0.799999999999999,0,0,-2.745,81.2616666666667,4.58,999.843333333334,135.748833333333,0.799999999999999,0,0,-2.745,81.2616666666667,4.58,999.843333333334
2016,36,4,124.647333333333,0.703333333333333,0,0,-2.855,81.75,4.7,1000.10833333333,124.647333333333,0.703333333333333,0,0,-2.855,81.75,4.7,1000.10833333333
2016,36,5,113.204333333333,0.774999999999999,0,0,-3.29166666666667,83.7483333333333,3.93333333333333,1000.51666666667,113.204333333333,0.774999999999999,0,0,-3.29166666666667,83.7483333333333,3.93333333333333,1000.51666666667
2016,36,6,101.813166666667,1.75666666666667,0,0,-3.66166666666666,87.4,4.64,1001.20666666667,101.813166666667,1.75666666666667,0,0,-3.66166666666666,87.4,4.64,1001.20666666667
2016,36,7,90.6023333333333,2.44833333333333,6.51166666666667,3.19,-3.5,89.315,6.025,1001.825,90.6023333333333,2.44833333333333,6.51166666666667,3.19,-3.5,89.315,6.025,1001.825
2016,36,8,80.3278333333333,223.91,87.0383333333333,47.301724137931,-3.44666666666667,86.9,4.295,1002.61333333333,80.3278333333333,223.91,87.0383333333333,47.301724137931,-3.44666666666667,86.9,4.295,1002.61333333333
2016,36,9,71.1238333333333,3.26,111.043333333333,49.6216666666667,-3.065,81.5583333333334,5.99666666666667,1003.105,71.1238333333333,3.26,111.043333333333,49.6216666666667,-3.065,81.5583333333334,5.99666666666667,1003.105
2016,36,10,63.5451666666667,2.75333333333333,126.446666666667,58.06,-2.62666666666667,80.5916666666667,4.71666666666667,1003.38333333333,63.5451666666667,2.75333333333333,126.446666666667,58.06,-2.62666666666667,80.5916666666667,4.71666666666667,1003.38333333333
2016,36,11,58.3186666666667,2.01666666666667,174.425,79.6283333333333,-2.34666666666667,79.365,4.16166666666667,1003.58,58.3186666666667,2.01666666666667,174.425,79.6283333333333,-2.34666666666667,79.365,4.16166666666667,1003.58
2016,36,12,56.1361666666667,5.24333333333333,258.646666666667,117.216666666667,-1.87666666666667,76.0016666666666,3.69333333333333,1003.015,56.1361666666667,5.24333333333333,258.646666666667,117.216666666667,-1.87666666666667,76.0016666666666,3.69333333333333,1003.015
2016,36,13,57.3511666666667,40.5266666666667,283.641666666667,133.793333333333,-1.275,72.66,2.96333333333333,1002.51333333333,57.3511666666667,40.5266666666667,283.641666666667,133.793333333333,-1.275,72.66,2.96333333333333,1002.51333333333
2016,36,14,61.7611666666667,68.5883333333333,231.891666666667,114.563333333333,-0.766666666666666,70.735,2.92833333333333,1002.385,61.7611666666667,68.5883333333333,231.891666666667,114.563333333333,-0.766666666666666,70.735,2.92833333333333,1002.385
2016,36,15,68.7358333333333,82.9566666666667,176.226666666667,88.4883333333334,-0.496666666666666,69.9883333333333,2.74166666666667,1002.42666666667,68.7358333333333,82.9566666666667,176.226666666667,88.4883333333334,-0.496666666666666,69.9883333333333,2.74166666666667,1002.42666666667
2016,36,16,77.5406666666667,59.0583333333333,98.595,45.4431034482759,-0.183333333333333,68.63,2.59333333333333,1002.66166666667,77.5406666666667,59.0583333333333,98.595,45.4431034482759,-0.183333333333333,68.63,2.59333333333333,1002.66166666667
2016,36,17,87.4826666666667,47.4916666666667,16.3366666666667,7.00943396226415,-0.368333333333333,70.3766666666667,2.05,1002.79166666667,87.4826666666667,47.4916666666667,16.3366666666667,7.00943396226415,-0.368333333333333,70.3766666666667,2.05,1002.79166666667
2016,36,18,98.564,1.88666666666667,0.0433333333333333,0.0233333333333333,-0.718333333333333,76.1333333333333,1.08039215686275,1002.33166666667,98.564,1.88666666666667,0.0433333333333333,0.0233333333333333,-0.718333333333333,76.1333333333333,1.08039215686275,1002.33166666667
2016,36,19,109.8735,2.43666666666667,0,0,-1.30666666666667,83.0166666666666,1.675,1002.44833333333,109.8735,2.43666666666667,0,0,-1.30666666666667,83.0166666666666,1.675,1002.44833333333
2016,36,20,121.318166666667,4.29666666666667,0,0,-1.68833333333333,82.775,1.53965517241379,1002.43166666667,121.318166666667,4.29666666666667,0,0,-1.68833333333333,82.775,1.53965517241379,1002.43166666667
2016,36,21,132.543833333333,2.09666666666667,0,0,-1.97333333333333,83.7016666666667,0.8875,1001.65666666667,132.543833333333,2.09666666666667,0,0,-1.97333333333333,83.7016666666667,0.8875,1001.65666666667
2016,36,22,142.961333333333,2.62166666666667,0,0,-2.43333333333333,89.9416666666666,1.625,1001.67666666667,142.961333333333,2.62166666666667,0,0,-2.43333333333333,89.9416666666666,1.625,1001.67666666667
2016,36,23,151.349166666667,2.45666666666666,0,0,-2.67833333333333,87.4433333333333,1.47,1001.33166666667,151.349166666667,2.45666666666666,0,0,-2.67833333333333,87.4433333333333,1.47,1001.33166666667
2016,37,0,155.37,1.55166666666667,0,0,-3.145,88.1033333333333,2.31333333333333,1000.805,155.37,1.55166666666667,0,0,-3.145,88.1033333333333,2.31333333333333,1000.805
2016,37,1,153.033833333333,2.47166666666667,0,0,-3.565,90.01,1.84833333333333,1000.43333333333,153.033833333333,2.47166666666667,0,0,-3.565,90.01,1.84833333333333,1000.43333333333
2016,37,2,145.582166666667,2.31333333333333,0,0,-4.055,91.81,1.29,1000.53833333333,145.582166666667,2.31333333333333,0,0,-4.055,91.81,1.29,1000.53833333333
2016,37,3,135.559666666667,1.94666666666667,0,0,-4.385,92.4016666666667,2.485,1000.51166666667,135.559666666667,1.94666666666667,0,0,-4.385,92.4016666666667,2.485,1000.51166666667
2016,37,4,124.473,1.65833333333333,0,0,-4.42333333333333,91.145,2.44166666666667,1000.47666666667,124.473,1.65833333333333,0,0,-4.42333333333333,91.145,2.44166666666667,1000.47666666667
2016,37,5,113.034666666667,3.17666666666667,0,0,-4.265,91.8216666666667,1.9,1000.17666666667,113.034666666667,3.17666666666667,0,0,-4.265,91.8216666666667,1.9,1000.17666666667
2016,37,6,101.638166666667,2.625,0,0,-3.28333333333333,90.4866666666666,1.99,1000.235,101.638166666667,2.625,0,0,-3.28333333333333,90.4866666666666,1.99,1000.235
2016,37,7,90.4101666666667,2.96833333333333,8.16,4.21833333333333,-2.97333333333333,90.44,1.86,1000.63,90.4101666666667,2.96833333333333,8.16,4.21833333333333,-2.97333333333333,90.44,1.86,1000.63
2016,37,8,80.1203333333333,328.828333333333,59.92,53.0933333333333,-2.62,90.0233333333334,2.18833333333333,1000.91666666667,80.1203333333333,328.828333333333,59.92,53.0933333333333,-2.62,90.0233333333334,2.18833333333333,1000.91666666667
2016,37,9,70.8903333333333,740.163333333333,68.1566666666667,129.108333333333,-1.17666666666667,84.8066666666667,3.70333333333333,1000.82666666667,70.8903333333333,740.163333333333,68.1566666666667,129.108333333333,-1.17666666666667,84.8066666666667,3.70333333333333,1000.82666666667
2016,37,10,63.2816666666667,848.061666666667,76.5516666666667,190.468333333333,0.555,79.46,4.46333333333333,1000.55,63.2816666666667,848.061666666667,76.5516666666667,190.468333333333,0.555,79.46,4.46333333333333,1000.55
2016,37,11,58.0298333333333,876.93,88.835,229.766666666667,2.32666666666667,74.0383333333333,4.59,999.913333333334,58.0298333333333,876.93,88.835,229.766666666667,2.32666666666667,74.0383333333333,4.59,999.913333333334
2016,37,12,55.832,888.305,92.2683333333333,245.265,3.94,67.5466666666667,4.45666666666667,998.713333333334,55.832,888.305,92.2683333333333,245.265,3.94,67.5466666666667,4.45666666666667,998.713333333334
2016,37,13,57.0485,881.305,89.075,235.298333333333,5.475,60.6866666666667,5.15666666666667,997.875,57.0485,881.305,89.075,235.298333333333,5.475,60.6866666666667,5.15666666666667,997.875
2016,37,14,61.4745,840.543333333333,84.3666666666666,199.861666666667,6.635,54.3033333333333,5.78,996.908333333333,61.4745,840.543333333333,84.3666666666666,199.861666666667,6.635,54.3033333333333,5.78,996.908333333333
2016,37,15,68.4726666666667,730.19,80.3483333333333,140.881666666667,7.31,53.2333333333333,5.99,996.401666666668,68.4726666666667,730.19,80.3483333333333,140.881666666667,7.31,53.2333333333333,5.99,996.401666666668
2016,37,16,77.3013333333333,559.536666666667,56.9916666666667,71.93,7.54666666666667,59.1266666666667,4.59,996.275,77.3013333333333,559.536666666667,56.9916666666667,71.93,7.54666666666667,59.1266666666667,4.59,996.275
2016,37,17,87.2501666666667,171.801666666667,18.7016666666667,13.1533333333333,6.23166666666666,69.7116666666666,3.77833333333333,995.905000000001,87.2501666666667,171.801666666667,18.7016666666667,13.1533333333333,6.23166666666666,69.7116666666666,3.77833333333333,995.905000000001
2016,37,18,98.3558333333333,-0.976666666666667,0.0833333333333333,0.0416666666666667,4.71,73.4,4.28666666666667,995.883333333334,98.3558333333333,-0.976666666666667,0.0833333333333333,0.0416666666666667,4.71,73.4,4.28666666666667,995.883333333334
2016,37,19,109.673166666667,0.835,0,0,3.40333333333333,77.4616666666667,3.845,995.746666666666,109.673166666667,0.835,0,0,3.40333333333333,77.4616666666667,3.845,995.746666666666
2016,37,20,121.117,0.983333333333332,0,0,2.66666666666666,78.8533333333333,3.73666666666667,995.481666666667,121.117,0.983333333333332,0,0,2.66666666666666,78.8533333333333,3.73666666666667,995.481666666667
2016,37,21,132.3315,1.67,0,0,2.68833333333333,75.8283333333333,3.83333333333333,994.998333333334,132.3315,1.67,0,0,2.68833333333333,75.8283333333333,3.83333333333333,994.998333333334
2016,37,22,142.7225,1.16,0,0,2.08666666666667,77.6833333333333,4.05833333333334,994.520000000001,142.7225,1.16,0,0,2.08666666666667,77.6833333333333,4.05833333333334,994.520000000001
2016,37,23,151.070333333333,1.565,0,0,1.73666666666667,78.3916666666667,4.13166666666667,994.091666666667,151.070333333333,1.565,0,0,1.73666666666667,78.3916666666667,4.13166666666667,994.091666666667
2016,38,0,155.0645,1.45333333333333,0,0,1.15333333333333,80.9583333333333,3.76166666666667,993.736666666667,155.0645,1.45333333333333,0,0,1.15333333333333,80.9583333333333,3.76166666666667,993.736666666667
2016,38,1,152.7545,1.10333333333333,0,0,0.881666666666666,80.89,3.945,993.393333333334,152.7545,1.10333333333333,0,0,0.881666666666666,80.89,3.945,993.393333333334
2016,38,2,145.352833333333,1.79833333333333,0,0,1.26,78.3483333333333,4.62333333333333,993.171666666666,145.352833333333,1.79833333333333,0,0,1.26,78.3483333333333,4.62333333333333,993.171666666666
2016,38,3,135.364666666667,1.115,0,0,1.80833333333333,75.6133333333333,5.64666666666667,992.576666666667,135.364666666667,1.115,0,0,1.80833333333333,75.6133333333333,5.64666666666667,992.576666666667
2016,38,4,124.295333333333,0.934999999999999,0,0,2.14333333333333,73.895,6.09666666666666,991.498333333333,124.295333333333,0.934999999999999,0,0,2.14333333333333,73.895,6.09666666666666,991.498333333333
2016,38,5,112.859,0.62,0,0,2.01666666666667,74.8666666666667,6.12,990.371666666667,112.859,0.62,0,0,2.01666666666667,74.8666666666667,6.12,990.371666666667
2016,38,6,101.456333333333,0.91,0,0,2.04333333333333,73.3066666666667,5.71333333333333,989.681666666666,101.456333333333,0.91,0,0,2.04333333333333,73.3066666666667,5.71333333333333,989.681666666666
2016,38,7,90.2141666666667,31.195,13.6916666666667,5.06315789473684,1.93833333333333,75.475,5.24333333333333,989.013333333334,90.2141666666667,31.195,13.6916666666667,5.06315789473684,1.93833333333333,75.475,5.24333333333333,989.013333333334
2016,38,8,79.908,100.496666666667,65.655,37.6066666666667,2.27833333333333,73.7866666666667,6.56166666666667,988.493333333334,79.908,100.496666666667,65.655,37.6066666666667,2.27833333333333,73.7866666666667,6.56166666666667,988.493333333334
2016,38,9,70.6501666666667,681.508333333333,75.5933333333333,128.123333333333,3.205,69.4383333333333,7.19,987.88,70.6501666666667,681.508333333333,75.5933333333333,128.123333333333,3.205,69.4383333333333,7.19,987.88
2016,38,10,63.0136666666667,810.352542372881,89.5833333333333,192.045,4.765,65.405,8.88333333333333,987.301666666667,63.0136666666667,810.352542372881,89.5833333333333,192.045,4.765,65.405,8.88333333333333,987.301666666667
2016,38,11,57.7361666666667,763.886666666666,131.188333333333,227.858333333333,6.525,61.9883333333333,9.94166666666666,986.405,57.7361666666667,763.886666666666,131.188333333333,227.858333333333,6.525,61.9883333333333,9.94166666666666,986.405
2016,38,12,55.5238333333333,761.341666666667,142.543333333333,242.565,7.9,56.875,10.7416666666667,985.2,55.5238333333333,761.341666666667,142.543333333333,242.565,7.9,56.875,10.7416666666667,985.2
2016,38,13,56.7423333333333,678.943333333333,168.906666666667,229.96,8.43833333333333,56.1783333333333,11.7733333333333,984.443333333333,56.7423333333333,678.943333333333,168.906666666667,229.96,8.43833333333333,56.1783333333333,11.7733333333333,984.443333333333
2016,38,14,61.1856666666667,244.515,239.585,155.295,8.25333333333332,55.9916666666667,10.8183333333333,983.968333333334,61.1856666666667,244.515,239.585,155.295,8.25333333333332,55.9916666666667,10.8183333333333,983.968333333334
2016,38,15,68.2083333333333,60.565,182.68,90.6816666666666,8.19333333333334,59.0833333333333,9.31333333333333,983.936666666667,68.2083333333333,60.565,182.68,90.6816666666666,8.19333333333334,59.0833333333333,9.31333333333333,983.936666666667
2016,38,16,77.0606666666667,29.7566666666667,95.5466666666667,44.98,7.23666666666667,63.1916666666666,8.54666666666667,984.513333333332,77.0606666666667,29.7566666666667,95.5466666666667,44.98,7.23666666666667,63.1916666666666,8.54666666666667,984.513333333332
2016,38,17,87.0273333333333,167.863333333333,33.1416666666667,12.6432432432432,6.47166666666667,68.0616666666667,6.69833333333333,984.641666666666,87.0273333333333,167.863333333333,33.1416666666667,12.6432432432432,6.47166666666667,68.0616666666667,6.69833333333333,984.641666666666
2016,38,18,98.1471666666667,-0.705,0.0783333333333334,0.0483333333333333,4.45666666666667,75.3966666666667,4.90666666666667,984.728333333332,98.1471666666667,-0.705,0.0783333333333334,0.0483333333333333,4.45666666666667,75.3966666666667,4.90666666666667,984.728333333332
2016,38,19,109.470166666667,1.085,0,0,3.83166666666666,77.1233333333334,5.08166666666667,984.473333333334,109.470166666667,1.085,0,0,3.83166666666666,77.1233333333334,5.08166666666667,984.473333333334
2016,38,20,120.915166666667,1.15666666666667,0,0,4.05,75.7516666666667,5.12,984.085,120.915166666667,1.15666666666667,0,0,4.05,75.7516666666667,5.12,984.085
2016,38,21,132.1165,0.541666666666667,0,0,3.82833333333333,76.0383333333333,4.30166666666667,983.728333333332,132.1165,0.541666666666667,0,0,3.82833333333333,76.0383333333333,4.30166666666667,983.728333333332
2016,38,22,142.481666666667,1.38333333333333,0,0,3.115,77.6433333333334,6.09833333333333,983.413333333334,142.481666666667,1.38333333333333,0,0,3.115,77.6433333333334,6.09833333333333,983.413333333334
2016,38,23,150.787666666667,1.685,0,0,2.92833333333333,78.67,3.88666666666667,982.896666666666,150.787666666667,1.685,0,0,2.92833333333333,78.67,3.88666666666667,982.896666666666
2016,39,0,154.755166666667,0.13,0,0,2.08333333333333,84.5666666666667,3.36166666666667,982.026666666666,154.755166666667,0.13,0,0,2.08333333333333,84.5666666666667,3.36166666666667,982.026666666666
2016,39,1,152.4705,1.39666666666667,0,0,1.08833333333333,87.5416666666667,3.84833333333333,981.216666666666,152.4705,1.39666666666667,0,0,1.08833333333333,87.5416666666667,3.84833333333333,981.216666666666
2016,39,2,145.117166666667,1.11833333333333,0,0,0.695,84.2516666666667,4.93166666666667,980.828333333334,145.117166666667,1.11833333333333,0,0,0.695,84.2516666666667,4.93166666666667,980.828333333334
2016,39,3,135.163166666667,1.78666666666667,0,0,0.0833333333333333,85.94,3.96166666666667,980.430000000001,135.163166666667,1.78666666666667,0,0,0.0833333333333333,85.94,3.96166666666667,980.430000000001
2016,39,4,124.109,1.47833333333333,0,0,0.0116666666666667,87.3783333333333,4.96666666666667,980.071666666667,124.109,1.47833333333333,0,0,0.0116666666666667,87.3783333333333,4.96666666666667,980.071666666667
2016,39,5,112.677666666667,1.90666666666666,0,0,0.113333333333333,88.42,3.88666666666667,979.833333333334,112.677666666667,1.90666666666666,0,0,0.113333333333333,88.42,3.88666666666667,979.833333333334
2016,39,6,101.270666666667,2.16833333333333,0,0,0.208333333333333,91.7083333333333,4.47333333333333,979.638333333333,101.270666666667,2.16833333333333,0,0,0.208333333333333,91.7083333333333,4.47333333333333,979.638333333333
2016,39,7,90.0126666666667,1.52833333333333,2.07333333333333,1.00333333333333,0.0916666666666666,88.235,6.46666666666667,979.731666666668,90.0126666666667,1.52833333333333,2.07333333333333,1.00333333333333,0.0916666666666666,88.235,6.46666666666667,979.731666666668
2016,39,8,79.6908333333333,0.721666666666667,19.3283333333333,9.32666666666666,-0.941666666666667,83.9216666666666,8.71,980.183333333333,79.6908333333333,0.721666666666667,19.3283333333333,9.32666666666666,-0.941666666666667,83.9216666666666,8.71,980.183333333333
2016,39,9,70.4056666666667,0.11,56.1566666666667,27.1333333333333,-2.77666666666667,75.545,11.4266666666667,980.921666666666,70.4056666666667,0.11,56.1566666666667,27.1333333333333,-2.77666666666667,75.545,11.4266666666667,980.921666666666
2016,39,10,62.741,-0.536666666666667,141.113333333333,66.1983333333333,-4.27333333333333,78.645,12.405,981.523333333333,62.741,-0.536666666666667,141.113333333333,66.1983333333333,-4.27333333333333,78.645,12.405,981.523333333333
2016,39,11,57.4376666666667,7.26666666666667,212.825,101.033333333333,-4.65,80.17,11.18,982,57.4376666666667,7.26666666666667,212.825,101.033333333333,-4.65,80.17,11.18,982
2016,39,12,55.2111666666667,5.23166666666667,248.29,114.895,-4.44666666666667,73.2216666666666,10.1966666666667,981.863333333335,55.2111666666667,5.23166666666667,248.29,114.895,-4.44666666666667,73.2216666666666,10.1966666666667,981.863333333335
2016,39,13,56.4333333333333,0.0883333333333333,142.086666666667,67.745,-5.115,75.0833333333333,9.825,981.898333333334,56.4333333333333,0.0883333333333333,142.086666666667,67.745,-5.115,75.0833333333333,9.825,981.898333333334
2016,39,14,60.8943333333333,0.055,113.041666666667,54.7483333333333,-5.58,83.3266666666667,9.3,982.285,60.8943333333333,0.055,113.041666666667,54.7483333333333,-5.58,83.3266666666667,9.3,982.285
2016,39,15,67.941,1.28166666666667,154.783333333333,73.6466666666667,-6.02666666666667,86.0333333333333,9.94166666666667,982.886666666667,67.941,1.28166666666667,154.783333333333,73.6466666666667,-6.02666666666667,86.0333333333333,9.94166666666667,982.886666666667
2016,39,16,76.8193333333333,21.1583333333333,127.443333333333,59.5233333333333,-5.70833333333333,76.58,9.38,983.445,76.8193333333333,21.1583333333333,127.443333333333,59.5233333333333,-5.70833333333333,76.58,9.38,983.445
2016,39,17,86.8058333333333,1.11022302462516e-17,16.8816666666667,7.82,-6.00333333333333,82.3533333333333,8.825,984.096666666667,86.8058333333333,1.11022302462516e-17,16.8816666666667,7.82,-6.00333333333333,82.3533333333333,8.825,984.096666666667
2016,39,18,97.9385,1.05666666666667,0.085,0.03,-6.36166666666666,82.72,8.56833333333333,984.711666666667,97.9385,1.05666666666667,0.085,0.03,-6.36166666666666,82.72,8.56833333333333,984.711666666667
2016,39,19,109.268166666667,1.03333333333333,0,0,-6.54,82.095,8.34166666666667,984.793333333332,109.268166666667,1.03333333333333,0,0,-6.54,82.095,8.34166666666667,984.793333333332
2016,39,20,120.711666666667,1.135,0,0,-6.74833333333333,82.365,8.24333333333333,984.593333333333,120.711666666667,1.135,0,0,-6.74833333333333,82.365,8.24333333333333,984.593333333333
2016,39,21,131.900666666667,1.08,0,0,-6.93,84.0733333333333,8.155,984.365,131.900666666667,1.08,0,0,-6.93,84.0733333333333,8.155,984.365
2016,39,22,142.2395,1.05166666666667,0,0,-7.03333333333333,83.8683333333334,8.35333333333334,984.171666666666,142.2395,1.05166666666667,0,0,-7.03333333333333,83.8683333333334,8.35333333333334,984.171666666666
2016,39,23,150.503,1.10333333333333,0,0,-7.135,82.3016666666667,8.70166666666666,984.006666666667,150.503,1.10333333333333,0,0,-7.135,82.3016666666667,8.70166666666666,984.006666666667
2016,40,0,154.4415,1.03833333333333,0,0,-7.33666666666666,81.155,8.80833333333333,983.756666666666,154.4415,1.03833333333333,0,0,-7.33666666666666,81.155,8.80833333333333,983.756666666666
2016,40,1,152.181166666667,0.950000000000001,0,0,-7.57833333333334,77.5233333333334,8.47333333333333,983.553333333334,152.181166666667,0.950000000000001,0,0,-7.57833333333334,77.5233333333334,8.47333333333333,983.553333333334
2016,40,2,144.874833333333,1.2,0,0,-7.76833333333334,77.6616666666667,7.80166666666667,983.276666666666,144.874833333333,1.2,0,0,-7.76833333333334,77.6616666666667,7.80166666666667,983.276666666666
2016,40,3,134.954166666667,1.19333333333333,0,0,-7.79166666666666,78.945,7.77,983.081666666666,134.954166666667,1.19333333333333,0,0,-7.79166666666666,78.945,7.77,983.081666666666
2016,40,4,123.918333333333,1.195,0,0,-7.89333333333333,80.145,7.84666666666667,983.088333333333,123.918333333333,1.195,0,0,-7.89333333333333,80.145,7.84666666666667,983.088333333333
2016,40,5,112.490833333333,1.2,0,0,-7.82500000000001,80.3666666666667,7.53166666666666,983.448333333333,112.490833333333,1.2,0,0,-7.82500000000001,80.3666666666667,7.53166666666666,983.448333333333
2016,40,6,101.078166666667,1.02833333333333,0,0,-7.89333333333333,79.4883333333333,7.81333333333333,983.92,101.078166666667,1.02833333333333,0,0,-7.89333333333333,79.4883333333333,7.81333333333333,983.92
2016,40,7,89.8071666666667,0.941666666666667,16.3916666666667,6.65666666666667,-8.27666666666666,80.6583333333333,7.755,984.566666666667,89.8071666666667,0.941666666666667,16.3916666666667,6.65666666666667,-8.27666666666666,80.6583333333333,7.755,984.566666666667
2016,40,8,79.4681666666667,51.2666666666667,110.838333333333,52.4866666666667,-8.48166666666667,82.615,8.255,985.2,79.4681666666667,51.2666666666667,110.838333333333,52.4866666666667,-8.48166666666667,82.615,8.255,985.2
2016,40,9,70.1553333333333,28.95,219.335,102.831666666667,-8.46833333333333,80.5483333333333,8.91,985.52,70.1553333333333,28.95,219.335,102.831666666667,-8.46833333333333,80.5483333333333,8.91,985.52
2016,40,10,62.462,2.55833333333333,239.538333333333,113.836666666667,-8.43333333333333,79.38,9.405,985.988333333333,62.462,2.55833333333333,239.538333333333,113.836666666667,-8.43333333333333,79.38,9.405,985.988333333333
2016,40,11,57.1348333333333,3.195,316.24,151.343333333333,-8.325,78.6016666666667,9.57166666666667,986.286666666667,57.1348333333333,3.195,316.24,151.343333333333,-8.325,78.6016666666667,9.57166666666667,986.286666666667
2016,40,12,54.8933333333333,9.845,367.921666666667,175.871666666667,-8.305,77.475,9.33666666666667,986.253333333333,54.8933333333333,9.845,367.921666666667,175.871666666667,-8.305,77.475,9.33666666666667,986.253333333333
2016,40,13,56.1208333333333,33.9816666666667,384.188333333333,186.626666666667,-8.25166666666667,75.145,9.41,986.281666666668,56.1208333333333,33.9816666666667,384.188333333333,186.626666666667,-8.25166666666667,75.145,9.41,986.281666666668
2016,40,14,60.5998333333333,1.465,283.396666666667,131.576666666667,-8,70.1083333333333,10.3,986.713333333334,60.5998333333333,1.465,283.396666666667,131.576666666667,-8,70.1083333333333,10.3,986.713333333334
2016,40,15,67.6735,0.903333333333333,194.318333333333,90.1516666666667,-7.84333333333333,68.7166666666667,10.3316666666667,987.438333333334,67.6735,0.903333333333333,194.318333333333,90.1516666666667,-7.84333333333333,68.7166666666667,10.3316666666667,987.438333333334
2016,40,16,76.577,0.138333333333333,109.038333333333,50.5033333333333,-7.88,72.11,9.29833333333334,988.293333333333,76.577,0.138333333333333,109.038333333333,50.5033333333333,-7.88,72.11,9.29833333333334,988.293333333333
2016,40,17,86.5841666666667,0.145,25.3916666666667,11.1051724137931,-8.07333333333334,70.9116666666667,9.03166666666667,988.894999999999,86.5841666666667,0.145,25.3916666666667,11.1051724137931,-8.07333333333334,70.9116666666667,9.03166666666667,988.894999999999
2016,40,18,97.7281666666667,0.925,0.118333333333333,0.055,-8.25333333333333,73.995,8.49166666666667,989.578333333333,97.7281666666667,0.925,0.118333333333333,0.055,-8.25333333333333,73.995,8.49166666666667,989.578333333333
2016,40,19,109.067166666667,0.831666666666667,-0.0233333333333333,0,-8.745,82.1516666666667,8.19666666666667,990.039999999999,109.067166666667,0.831666666666667,-0.0233333333333333,0,-8.745,82.1516666666667,8.19666666666667,990.039999999999
2016,40,20,120.507166666667,0.828333333333334,-0.0166666666666667,0,-9.22166666666666,81.5416666666667,8.21833333333333,990.148333333332,120.507166666667,0.828333333333334,-0.0166666666666667,0,-9.22166666666666,81.5416666666667,8.21833333333333,990.148333333332
2016,40,21,131.684333333333,0.623333333333332,-0.123333333333333,0,-9.49666666666668,73.5016666666667,9.50666666666667,990.303333333334,131.684333333333,0.623333333333332,-0.123333333333333,0,-9.49666666666668,73.5016666666667,9.50666666666667,990.303333333334
2016,40,22,141.994166666667,0.793333333333333,-0.0633333333333333,0,-9.81166666666666,79.0833333333333,8.69333333333333,990.388333333334,141.994166666667,0.793333333333333,-0.0633333333333333,0,-9.81166666666666,79.0833333333333,8.69333333333333,990.388333333334
2016,40,23,150.215333333333,0.91,-0.1,0,-9.87666666666666,76.8816666666666,9.28333333333333,990.525,150.215333333333,0.91,-0.1,0,-9.87666666666666,76.8816666666666,9.28333333333333,990.525
2016,41,0,154.1235,0.425,-0.165,0,-10.0966666666667,73.08,8.855,990.485,154.1235,0.425,-0.165,0,-10.0966666666667,73.08,8.855,990.485
2016,41,1,151.885166666667,0.536666666666666,-0.06,0,-10.59,73.445,7.93166666666667,990.608333333333,151.885166666667,0.536666666666666,-0.06,0,-10.59,73.445,7.93166666666667,990.608333333333
2016,41,2,144.6265,0.418333333333333,-0.0166666666666667,0,-11.4183333333333,74.6383333333333,7.945,991.076666666665,144.6265,0.418333333333333,-0.0166666666666667,0,-11.4183333333333,74.6383333333333,7.945,991.076666666665
2016,41,3,134.7405,0.826666666666667,0.178333333333333,0,-12.0466666666667,76.5583333333333,6.49,990.970000000001,134.7405,0.826666666666667,0.178333333333333,0,-12.0466666666667,76.5583333333333,6.49,990.970000000001
2016,41,4,123.7225,1.23666666666667,0.3,0,-12.4566666666667,77.6466666666667,6.41666666666667,991.364999999999,123.7225,1.23666666666667,0.3,0,-12.4566666666667,77.6466666666667,6.41666666666667,991.364999999999
2016,41,5,112.298666666667,1.08333333333333,0.318333333333334,0,-12.795,77.8116666666667,5.88166666666667,991.631666666667,112.298666666667,1.08333333333333,0.318333333333334,0,-12.795,77.8116666666667,5.88166666666667,991.631666666667
2016,41,6,100.8795,0.523333333333333,0.0283333333333333,0,-13.975,81.675,4.645,992.024999999999,100.8795,0.523333333333333,0.0283333333333333,0,-13.975,81.675,4.645,992.024999999999
2016,41,7,89.5831666666667,181.263333333333,10.9233333333333,8.75333333333333,-14.2466666666667,82.0383333333333,3.815,992.106666666667,89.5831666666667,181.263333333333,10.9233333333333,8.75333333333333,-14.2466666666667,82.0383333333333,3.815,992.106666666667
2016,41,8,79.2396666666667,697.045,59.6233333333333,79.0266666666667,-12.5816666666667,75.3183333333333,7.135,992.77,79.2396666666667,697.045,59.6233333333333,79.0266666666667,-12.5816666666667,75.3183333333333,7.135,992.77
2016,41,9,69.9015,743.24,93.905,149.013333333333,-11.65,69.5833333333333,8.065,993.413333333333,69.9015,743.24,93.905,149.013333333333,-11.65,69.5833333333333,8.065,993.413333333333
2016,41,10,62.179,765.821666666667,142.54,211.416666666667,-10.9133333333333,65.9233333333333,6.74666666666667,993.503333333333,62.179,765.821666666667,142.54,211.416666666667,-10.9133333333333,65.9233333333333,6.74666666666667,993.503333333333
2016,41,11,56.8251666666667,429.66,303.326666666667,234.758333333333,-10.0833333333333,62.1016666666667,6.375,993.203333333332,56.8251666666667,429.66,303.326666666667,234.758333333333,-10.0833333333333,62.1016666666667,6.375,993.203333333332
2016,41,12,54.5721666666667,234.685,370.043333333333,223.723333333333,-8.98666666666667,59.6883333333333,6.49166666666667,992.976666666667,54.5721666666667,234.685,370.043333333333,223.723333333333,-8.98666666666667,59.6883333333333,6.49166666666667,992.976666666667
2016,41,13,55.8043333333333,77.4716666666667,377.216666666667,189.443333333333,-8.24833333333334,57.01,5.80833333333333,992.085,55.8043333333333,77.4716666666667,377.216666666667,189.443333333333,-8.24833333333334,57.01,5.80833333333333,992.085
2016,41,14,60.305,143.441666666667,322.188333333333,174.788333333333,-7.575,55.7716666666667,5.82666666666667,991.833333333334,60.305,143.441666666667,322.188333333333,174.788333333333,-7.575,55.7716666666667,5.82666666666667,991.833333333334
2016,41,15,67.4036666666667,13.575,207.256666666667,97.235,-7.43,59.1633333333333,6.79,992.064999999999,67.4036666666667,13.575,207.256666666667,97.235,-7.43,59.1633333333333,6.79,992.064999999999
2016,41,16,76.3341666666667,0.04,93.8933333333334,42.9433333333333,-7.27333333333333,58.0816666666667,6.21166666666667,992.42,76.3341666666667,0.04,93.8933333333334,42.9433333333333,-7.27333333333333,58.0816666666667,6.21166666666667,992.42
2016,41,17,86.359,-0.04,18.9666666666667,8.68166666666667,-7.34833333333333,57.255,6.33833333333333,993.061666666667,86.359,-0.04,18.9666666666667,8.68166666666667,-7.34833333333333,57.255,6.33833333333333,993.061666666667
2016,41,18,97.5195,0.763333333333334,0.173333333333333,0.0683333333333333,-7.485,58.9466666666667,5.91833333333333,993.654999999999,97.5195,0.763333333333334,0.173333333333333,0.0683333333333333,-7.485,58.9466666666667,5.91833333333333,993.654999999999
2016,41,19,108.863,1.19333333333333,0,0,-7.59000000000001,60.8466666666667,5.85833333333333,994.236666666667,108.863,1.19333333333333,0,0,-7.59000000000001,60.8466666666667,5.85833333333333,994.236666666667
2016,41,20,120.303333333333,1.20666666666667,0.015,0,-7.80166666666666,61.3466666666667,4.84166666666667,994.738333333333,120.303333333333,1.20666666666667,0.015,0,-7.80166666666666,61.3466666666667,4.84166666666667,994.738333333333
2016,41,21,131.4665,1.615,-0.226666666666667,0,-8.59333333333333,67.235,3.89833333333333,995.02,131.4665,1.615,-0.226666666666667,0,-8.59333333333333,67.235,3.89833333333333,995.02
2016,41,22,141.746833333333,3.71833333333333,-0.313333333333334,0,-9.13166666666667,72.0883333333334,3.14333333333333,995.213333333334,141.746833333333,3.71833333333333,-0.313333333333334,0,-9.13166666666667,72.0883333333334,3.14333333333333,995.213333333334
2016,41,23,149.925,4.91833333333334,-0.21,0,-9.56166666666667,73.6683333333334,3.17333333333333,995.376666666667,149.925,4.91833333333334,-0.21,0,-9.56166666666667,73.6683333333334,3.17333333333333,995.376666666667
2016,42,0,153.801833333333,6.32666666666667,0.201666666666667,0,-9.76333333333333,78.4666666666667,2.43333333333333,995.378333333334,153.801833333333,6.32666666666667,0.201666666666667,0,-9.76333333333333,78.4666666666667,2.43333333333333,995.378333333334
2016,42,1,151.583666666667,4.39,-0.258333333333334,0,-9.67166666666667,77.9316666666667,2.07833333333333,995.631666666666,151.583666666667,4.39,-0.258333333333334,0,-9.67166666666667,77.9316666666667,2.07833333333333,995.631666666666
2016,42,2,144.371833333333,2.81833333333333,-0.193333333333333,0,-9.77833333333333,70.6833333333333,3.57333333333333,995.978333333333,144.371833333333,2.81833333333333,-0.193333333333333,0,-9.77833333333333,70.6833333333333,3.57333333333333,995.978333333333
2016,42,3,134.521166666667,2.98666666666667,-0.143333333333333,0,-10.015,72.01,3.22166666666667,996.525,134.521166666667,2.98666666666667,-0.143333333333333,0,-10.015,72.01,3.22166666666667,996.525
2016,42,4,123.519833333333,1.62166666666667,-0.375,0,-10.285,72.725,3.81833333333333,997.156666666667,123.519833333333,1.62166666666667,-0.375,0,-10.285,72.725,3.81833333333333,997.156666666667
2016,42,5,112.100833333333,2.31166666666667,-0.373333333333333,0,-11.175,75.325,3.07166666666667,998.078333333334,112.100833333333,2.31166666666667,-0.373333333333333,0,-11.175,75.325,3.07166666666667,998.078333333334
2016,42,6,100.677166666667,2.205,-0.333333333333333,0,-11.8466666666667,80.3333333333333,3.71833333333333,998.578333333334,100.677166666667,2.205,-0.333333333333333,0,-11.8466666666667,80.3333333333333,3.71833333333333,998.578333333334
2016,42,7,89.368,202.19,11.035,9.49833333333333,-12.12,76.4133333333334,2.44166666666666,999.463333333334,89.368,202.19,11.035,9.49833333333333,-12.12,76.4133333333334,2.44166666666666,999.463333333334
2016,42,8,79.0065,710.826666666667,41.6533333333333,74.7866666666667,-11.19,71.4183333333333,1.86333333333333,1000.145,79.0065,710.826666666667,41.6533333333333,74.7866666666667,-11.19,71.4183333333333,1.86333333333333,1000.145
2016,42,9,69.6418333333333,887.295,58.5583333333333,155.021666666667,-9.905,58.0933333333334,4.605,1000.75166666667,69.6418333333333,887.295,58.5583333333333,155.021666666667,-9.905,58.0933333333334,4.605,1000.75166666667
2016,42,10,61.8908333333333,962.58,67.7716666666667,221.351666666667,-8.90333333333333,51.185,4.115,1001.24666666667,61.8908333333333,962.58,67.7716666666667,221.351666666667,-8.90333333333333,51.185,4.115,1001.24666666667
2016,42,11,56.512,993.866666666667,72.2266666666667,262.953333333333,-8.1,46.2583333333333,3.32833333333333,1001.18166666667,56.512,993.866666666667,72.2266666666667,262.953333333333,-8.1,46.2583333333333,3.32833333333333,1001.18166666667
2016,42,12,54.2471666666667,1003.90666666667,71.865,277.513333333333,-7.21,45.445,2.615,1000.87333333333,54.2471666666667,1003.90666666667,71.865,277.513333333333,-7.21,45.445,2.615,1000.87333333333
2016,42,13,55.4843333333333,994.45,68.4566666666667,265.081666666667,-6.27833333333333,43.8533333333333,1.995,1000.24833333333,55.4843333333333,994.45,68.4566666666667,265.081666666667,-6.27833333333333,43.8533333333333,1.995,1000.24833333333
2016,42,14,60.0065,962.621666666667,64.12,227.86,-5.65,45.0333333333333,2.38166666666667,999.923333333334,60.0065,962.621666666667,64.12,227.86,-5.65,45.0333333333333,2.38166666666667,999.923333333334
2016,42,15,67.133,846.158333333333,71.3283333333333,167.293333333333,-5.22166666666667,44.38,2.2,999.883333333334,67.133,846.158333333333,71.3283333333333,167.293333333333,-5.22166666666667,44.38,2.2,999.883333333334
2016,42,16,76.0896666666667,474.751666666667,73.995,82.21,-5.14666666666667,46.14,1.92666666666667,1000.02,76.0896666666667,474.751666666667,73.995,82.21,-5.14666666666667,46.14,1.92666666666667,1000.02
2016,42,17,86.1235,3.80833333333333,29.72,13.65,-5.645,47.0466666666667,1.17833333333333,1000.08,86.1235,3.80833333333333,29.72,13.65,-5.645,47.0466666666667,1.17833333333333,1000.08
2016,42,18,97.3086666666667,4.28166666666666,0.181666666666667,0.103333333333333,-5.69833333333333,46.625,0.728333333333334,1000.19333333333,97.3086666666667,4.28166666666666,0.181666666666667,0.103333333333333,-5.69833333333333,46.625,0.728333333333334,1000.19333333333
2016,42,19,108.6605,1.31333333333333,-0.171666666666667,0,-5.87,53.0816666666667,2.10166666666667,999.998333333333,108.6605,1.31333333333333,-0.171666666666667,0,-5.87,53.0816666666667,2.10166666666667,999.998333333333
2016,42,20,120.096833333333,1.065,-0.246666666666667,0,-6.02,56.4133333333334,2.37666666666667,999.594999999999,120.096833333333,1.065,-0.246666666666667,0,-6.02,56.4133333333334,2.37666666666667,999.594999999999
2016,42,21,131.2465,2.12333333333333,0,0,-6.18333333333333,64.3783333333333,1.52166666666667,999.53,131.2465,2.12333333333333,0,0,-6.18333333333333,64.3783333333333,1.52166666666667,999.53
2016,42,22,141.498666666667,2.10833333333333,0,0,-6.09333333333334,64.845,1.50833333333333,999.418333333334,141.498666666667,2.10833333333333,0,0,-6.09333333333334,64.845,1.50833333333333,999.418333333334
2016,42,23,149.6315,2,0,0,-5.96333333333333,62.6,1.805,998.945000000001,149.6315,2,0,0,-5.96333333333333,62.6,1.805,998.945000000001
2016,43,0,153.4765,1.655,-0.0766666666666667,0,-5.89666666666667,64.8083333333333,2.11,998.293333333333,153.4765,1.655,-0.0766666666666667,0,-5.89666666666667,64.8083333333333,2.11,998.293333333333
2016,43,1,151.278833333333,2.25833333333333,-0.0316666666666667,0,-6.07166666666666,67.075,1.595,997.596666666666,151.278833333333,2.25833333333333,-0.0316666666666667,0,-6.07166666666666,67.075,1.595,997.596666666666
2016,43,2,144.1115,2.37666666666667,0,0,-5.94333333333333,66.6533333333334,1.35,997.038333333333,144.1115,2.37666666666667,0,0,-5.94333333333333,66.6533333333334,1.35,997.038333333333
2016,43,3,134.294666666667,2.63333333333333,-0.00166666666666667,0,-5.895,70.4383333333333,1.63666666666667,996.84,134.294666666667,2.63333333333333,-0.00166666666666667,0,-5.895,70.4383333333333,1.63666666666667,996.84
2016,43,4,123.311666666667,1.26,-0.0999999999999999,0,-6.28,79.2066666666666,3.165,996.466666666667,123.311666666667,1.26,-0.0999999999999999,0,-6.28,79.2066666666666,3.165,996.466666666667
2016,43,5,111.898166666667,1.23166666666667,-0.0133333333333333,0,-6.57500000000001,88.595,3.07,996.361666666667,111.898166666667,1.23166666666667,-0.0133333333333333,0,-6.57500000000001,88.595,3.07,996.361666666667
2016,43,6,100.470666666667,1.34333333333333,0,0,-6.71833333333333,91.3466666666667,3.07166666666667,996.688333333333,100.470666666667,1.34333333333333,0,0,-6.71833333333333,91.3466666666667,3.07166666666667,996.688333333333
2016,43,7,89.1481666666667,1.80666666666667,7.18,3.70333333333333,-6.49833333333333,90.6183333333334,3.01,996.815,89.1481666666667,1.80666666666667,7.18,3.70333333333333,-6.49833333333333,90.6183333333334,3.01,996.815
2016,43,8,78.769,1.85,54.3983333333333,26.1166666666667,-6.09833333333333,89.5866666666667,3.65833333333333,996.816666666667,78.769,1.85,54.3983333333333,26.1166666666667,-6.09833333333333,89.5866666666667,3.65833333333333,996.816666666667
2016,43,9,69.3773333333333,1.03833333333333,117.098333333333,55.6933333333333,-5.48666666666667,88.1416666666667,5.36833333333333,996.431666666667,69.3773333333333,1.03833333333333,117.098333333333,55.6933333333333,-5.48666666666667,88.1416666666667,5.36833333333333,996.431666666667
2016,43,10,61.5978333333333,1.91166666666667,158.75,76.125,-4.92833333333334,82.545,7.69833333333333,996.981666666666,61.5978333333333,1.91166666666667,158.75,76.125,-4.92833333333334,82.545,7.69833333333333,996.981666666666
2016,43,11,56.194,0.685,180.53,86.76,-4.53166666666667,79.7883333333334,7.86333333333333,997.053333333334,56.194,0.685,180.53,86.76,-4.53166666666667,79.7883333333334,7.86333333333333,997.053333333334
2016,43,12,53.9171666666667,0.01,110.73,55.2933333333333,-4.19,80.6616666666667,8.93833333333333,996.828333333335,53.9171666666667,0.01,110.73,55.2933333333333,-4.19,80.6616666666667,8.93833333333333,996.828333333335
2016,43,13,55.162,4.20333333333333,189.331666666667,88.9266666666667,-4.05166666666667,77.9766666666667,10.0516666666667,996.718333333332,55.162,4.20333333333333,189.331666666667,88.9266666666667,-4.05166666666667,77.9766666666667,10.0516666666667,996.718333333332
2016,43,14,59.7066666666667,182.685,235.646666666667,141.195,-3.71,66.4683333333333,10.6383333333333,996.841666666667,59.7066666666667,182.685,235.646666666667,141.195,-3.71,66.4683333333333,10.6383333333333,996.841666666667
2016,43,15,66.8606666666667,223.841666666667,143.863333333333,96.0366666666666,-3.89,59.4716666666667,10.3516666666667,997.255,66.8606666666667,223.841666666667,143.863333333333,96.0366666666666,-3.89,59.4716666666667,10.3516666666667,997.255
2016,43,16,75.845,436.858333333333,80.335,76.5116666666666,-3.41833333333333,49.9383333333333,11.5166666666667,997.868333333333,75.845,436.858333333333,80.335,76.5116666666666,-3.41833333333333,49.9383333333333,11.5166666666667,997.868333333333
2016,43,17,85.8993333333333,325.12,24.07,22.065,-4.02833333333333,47.3933333333333,10.7183333333333,998.796666666666,85.8993333333333,325.12,24.07,22.065,-4.02833333333333,47.3933333333333,10.7183333333333,998.796666666666
2016,43,18,97.0986666666667,-0.0383333333333334,0.155,0.178333333333333,-5.48999999999999,46.675,9.46166666666667,999.925,97.0986666666667,-0.0383333333333334,0.155,0.178333333333333,-5.48999999999999,46.675,9.46166666666667,999.925
2016,43,19,108.4565,-0.025,-0.383333333333333,0,-6.56666666666667,48.1316666666667,9.37833333333334,1001.30333333333,108.4565,-0.025,-0.383333333333333,0,-6.56666666666667,48.1316666666667,9.37833333333334,1001.30333333333
2016,43,20,119.892166666667,0.0483333333333333,-0.385,0,-7.885,56.2,9.655,1002.31333333333,119.892166666667,0.0483333333333333,-0.385,0,-7.885,56.2,9.655,1002.31333333333
2016,43,21,131.026333333333,0.0766666666666667,-0.4,0,-8.995,58.63,10.4433333333333,1003.315,131.026333333333,0.0766666666666667,-0.4,0,-8.995,58.63,10.4433333333333,1003.315
2016,43,22,141.2475,0.38,-0.396666666666666,0,-9.81666666666666,63.0233333333333,9.83333333333333,1004.18833333333,141.2475,0.38,-0.396666666666666,0,-9.81666666666666,63.0233333333333,9.83333333333333,1004.18833333333
2016,43,23,149.336,0.403333333333333,-0.283333333333333,0,-10.545,66.66,8.20166666666667,1004.76166666667,149.336,0.403333333333333,-0.283333333333333,0,-10.545,66.66,8.20166666666667,1004.76166666667
2016,44,0,153.147333333333,0.401666666666666,-0.0183333333333333,0,-11.1933333333333,70.095,7.09166666666667,1005.69166666667,153.147333333333,0.401666666666666,-0.0183333333333333,0,-11.1933333333333,70.095,7.09166666666667,1005.69166666667
2016,44,1,150.968,1.15166666666667,-0.281666666666667,0,-11.6683333333333,69,7.37666666666667,1006.17166666667,150.968,1.15166666666667,-0.281666666666667,0,-11.6683333333333,69,7.37666666666667,1006.17166666667
2016,44,2,143.845666666667,0.738333333333333,-0.386666666666666,0,-12.2483333333333,59.9116666666667,7.46333333333334,1007.10666666667,143.845666666667,0.738333333333333,-0.386666666666666,0,-12.2483333333333,59.9116666666667,7.46333333333334,1007.10666666667
2016,44,3,134.062333333333,0.685,-0.4,0,-13.06,57.705,7.68333333333334,1007.525,134.062333333333,0.685,-0.4,0,-13.06,57.705,7.68333333333334,1007.525
2016,44,4,123.098166666667,1.065,-0.4,0,-13.6083333333333,59.55,6.51,1008.13333333333,123.098166666667,1.065,-0.4,0,-13.6083333333333,59.55,6.51,1008.13333333333
2016,44,5,111.689833333333,1.17,-0.4,0,-14.1683333333333,61.95,5.835,1008.78166666667,111.689833333333,1.17,-0.4,0,-14.1683333333333,61.95,5.835,1008.78166666667
2016,44,6,100.258333333333,1.37833333333333,-0.341666666666667,0,-14.765,59.3983333333334,4.57,1009.30666666667,100.258333333333,1.37833333333333,-0.341666666666667,0,-14.765,59.3983333333334,4.57,1009.30666666667
2016,44,7,88.9231666666667,246.41,14.7983333333333,11.3381818181818,-15.235,66.4183333333333,2.89,1009.91333333333,88.9231666666667,246.41,14.7983333333333,11.3381818181818,-15.235,66.4183333333333,2.89,1009.91333333333
2016,44,8,78.5273333333333,416.645,88.3183333333333,69.4916666666667,-14.4183333333333,56.22,4.39666666666667,1010.47166666667,78.5273333333333,416.645,88.3183333333333,69.4916666666667,-14.4183333333333,56.22,4.39666666666667,1010.47166666667
2016,44,9,69.108,839.435,72.4966666666666,156.531666666667,-13.595,49.7416666666667,5.18833333333333,1010.78833333333,69.108,839.435,72.4966666666666,156.531666666667,-13.595,49.7416666666667,5.18833333333333,1010.78833333333
2016,44,10,61.301,981.313333333334,63.6683333333333,224.898333333333,-12.4683333333333,49.0316666666667,4.435,1010.74833333333,61.301,981.313333333334,63.6683333333333,224.898333333333,-12.4683333333333,49.0316666666667,4.435,1010.74833333333
2016,44,11,55.873,1016.82333333333,66.0883333333333,267.498333333333,-11.1933333333333,43.6583333333333,4.22166666666667,1010.62,55.873,1016.82333333333,66.0883333333333,267.498333333333,-11.1933333333333,43.6583333333333,4.22166666666667,1010.62
2016,44,12,53.5836666666667,1027.94333333333,67.2583333333333,283.608333333333,-10.1216666666667,40.885,3.88833333333333,1009.91833333333,53.5836666666667,1027.94333333333,67.2583333333333,283.608333333333,-10.1216666666667,40.885,3.88833333333333,1009.91833333333
2016,44,13,54.8366666666667,1003.07666666667,74.5833333333334,272.671666666667,-9.12833333333333,41.7016666666667,3.69666666666667,1009.1,54.8366666666667,1003.07666666667,74.5833333333334,272.671666666667,-9.12833333333333,41.7016666666667,3.69666666666667,1009.1
2016,44,14,59.403,881.38,94.26,228.521666666667,-8.39,39.775,3.60166666666667,1008.44,59.403,881.38,94.26,228.521666666667,-8.39,39.775,3.60166666666667,1008.44
2016,44,15,66.5876666666667,577.951666666666,132.848333333333,153.441666666667,-7.95833333333333,40.4183333333333,3.485,1007.98666666667,66.5876666666667,577.951666666666,132.848333333333,153.441666666667,-7.95833333333333,40.4183333333333,3.485,1007.98666666667
2016,44,16,75.5996666666667,235.133333333333,89.5083333333334,66.565,-7.78666666666666,40.2083333333333,3.28666666666667,1007.72666666667,75.5996666666667,235.133333333333,89.5083333333334,66.565,-7.78666666666666,40.2083333333333,3.28666666666667,1007.72666666667
2016,44,17,85.676,21.94,32.1,14.8266666666667,-7.98166666666667,39.24,2.33333333333333,1007.26833333333,85.676,21.94,32.1,14.8266666666667,-7.98166666666667,39.24,2.33333333333333,1007.26833333333
2016,44,18,96.8881666666667,5.69166666666666,0.13,0.1,-8.07,40.1466666666667,0.735,1006.86833333333,96.8881666666667,5.69166666666666,0.13,0.1,-8.07,40.1466666666667,0.735,1006.86833333333
2016,44,19,108.253166666667,2.61833333333333,-0.0783333333333333,0,-8.115,43.5233333333333,1.13166666666667,1006.69333333333,108.253166666667,2.61833333333333,-0.0783333333333333,0,-8.115,43.5233333333333,1.13166666666667,1006.69333333333
2016,44,20,119.684,1.47,-0.0983333333333334,0,-8.30166666666667,52.66,2.14,1006.265,119.684,1.47,-0.0983333333333334,0,-8.30166666666667,52.66,2.14,1006.265
2016,44,21,130.805,0.431666666666666,-0.4,0,-8.54833333333334,54.9016666666666,4.30166666666667,1005.72333333333,130.805,0.431666666666666,-0.4,0,-8.54833333333334,54.9016666666666,4.30166666666667,1005.72333333333
2016,44,22,140.995,0.538333333333333,-0.386666666666666,0,-8.63166666666667,55.5733333333333,4.33166666666667,1005.17666666667,140.995,0.538333333333333,-0.386666666666666,0,-8.63166666666667,55.5733333333333,4.33166666666667,1005.17666666667
2016,44,23,149.0375,0.641666666666667,-0.356666666666667,0,-8.64500000000001,54.9466666666667,4.11666666666667,1004.72833333333,149.0375,0.641666666666667,-0.356666666666667,0,-8.64500000000001,54.9466666666667,4.11666666666667,1004.72833333333
2016,45,0,152.814333333333,1.015,-0.286666666666667,0,-8.56833333333334,55,4.07833333333333,1004.46333333333,152.814333333333,1.015,-0.286666666666667,0,-8.56833333333334,55,4.07833333333333,1004.46333333333
2016,45,1,150.651666666667,0.998333333333334,-0.331666666666667,0,-8.49333333333333,54.935,3.75333333333333,1004.29666666667,150.651666666667,0.998333333333334,-0.331666666666667,0,-8.49333333333333,54.935,3.75333333333333,1004.29666666667
2016,45,2,143.573166666667,0.479999999999999,-0.386666666666667,0,-8.50333333333333,56.1466666666667,4.22333333333333,1003.81666666667,143.573166666667,0.479999999999999,-0.386666666666667,0,-8.50333333333333,56.1466666666667,4.22333333333333,1003.81666666667
2016,45,3,133.826166666667,0.486666666666666,-0.365,0,-8.54333333333334,58.47,4.83333333333333,1003.35166666667,133.826166666667,0.486666666666666,-0.365,0,-8.54333333333334,58.47,4.83333333333333,1003.35166666667
2016,45,4,122.879,-0.231666666666667,-0.355,0,-9.26166666666667,73.5233333333333,5.615,1002.935,122.879,-0.231666666666667,-0.355,0,-9.26166666666667,73.5233333333333,5.615,1002.935
2016,45,5,111.4765,0.398333333333333,-0.251666666666667,0,-9.78833333333334,86.71,6.36166666666667,1002.33,111.4765,0.398333333333333,-0.251666666666667,0,-9.78833333333334,86.71,6.36166666666667,1002.33
2016,45,6,100.0395,0.4,-0.12,0,-9.71666666666667,84.9516666666666,7.99666666666666,1001.31833333333,100.0395,0.4,-0.12,0,-9.71666666666667,84.9516666666666,7.99666666666666,1001.31833333333
2016,45,7,88.6936666666667,0.415,9.84833333333333,4.63333333333333,-9.51333333333333,84.5783333333333,9.32666666666667,999.726666666667,88.6936666666667,0.415,9.84833333333333,4.63333333333333,-9.51333333333333,84.5783333333333,9.32666666666667,999.726666666667
2016,45,8,78.2805,0.238333333333333,47.1033333333333,23.145,-9.23333333333334,83.18,10.755,998.485,78.2805,0.238333333333333,47.1033333333333,23.145,-9.23333333333334,83.18,10.755,998.485
2016,45,9,68.8351666666667,0.148333333333333,43.5966666666667,23.5966666666667,-8.865,82.9883333333333,9.84,998.125,68.8351666666667,0.148333333333333,43.5966666666667,23.5966666666667,-8.865,82.9883333333333,9.84,998.125
2016,45,10,60.9993333333333,0.18,77.635,42.3383333333333,-8.35333333333333,82.355,9.75,997.723333333333,60.9993333333333,0.18,77.635,42.3383333333333,-8.35333333333333,82.355,9.75,997.723333333333
2016,45,11,55.5465,0.118333333333333,113.883333333333,63.0316666666667,-8.26166666666667,87.565,9.675,996.235,55.5465,0.118333333333333,113.883333333333,63.0316666666667,-8.26166666666667,87.565,9.675,996.235
2016,45,12,53.2466666666667,-0.396666666666667,146.858333333333,83.5383333333334,-8.07166666666667,89.26,9.06166666666667,995.473333333333,53.2466666666667,-0.396666666666667,146.858333333333,83.5383333333334,-8.07166666666667,89.26,9.06166666666667,995.473333333333
2016,45,13,54.5078333333333,0.846666666666666,317.131666666667,167.348333333333,-7.64,88.6816666666667,8.71333333333333,994.145,54.5078333333333,0.846666666666666,317.131666666667,167.348333333333,-7.64,88.6816666666667,8.71333333333333,994.145
2016,45,14,59.0993333333333,0.885,333.718333333333,169.253333333333,-7.27,86.66,8.95166666666666,992.905,59.0993333333333,0.885,333.718333333333,169.253333333333,-7.27,86.66,8.95166666666666,992.905
2016,45,15,66.3138333333333,0.305,192.165,98.43,-7.19666666666666,85.405,10.1,991.784999999999,66.3138333333333,0.305,192.165,98.43,-7.19666666666666,85.405,10.1,991.784999999999
2016,45,16,75.354,0.281666666666667,62.41,33.5666666666667,-7.155,85.7483333333333,10.295,991.294999999999,75.354,0.281666666666667,62.41,33.5666666666667,-7.155,85.7483333333333,10.295,991.294999999999
2016,45,17,85.452,0.868333333333333,11.55,6.25166666666667,-7.13,86.4133333333333,8.93666666666666,991.22,85.452,0.868333333333333,11.55,6.25166666666667,-7.13,86.4133333333333,8.93666666666666,991.22
2016,45,18,96.6775,0.3,0.136666666666667,0.0683333333333333,-6.99833333333333,86.31,8.42333333333333,991.09,96.6775,0.3,0.136666666666667,0.0683333333333333,-6.99833333333333,86.31,8.42333333333333,991.09
2016,45,19,108.048166666667,0.386666666666666,-0.00166666666666667,0,-6.86833333333333,87.2783333333334,7.785,991.091666666666,108.048166666667,0.386666666666666,-0.00166666666666667,0,-6.86833333333333,87.2783333333334,7.785,991.091666666666
2016,45,20,119.4785,0.398333333333333,0,0,-6.89999999999999,90.33,7.63833333333333,990.808333333333,119.4785,0.398333333333333,0,0,-6.89999999999999,90.33,7.63833333333333,990.808333333333
2016,45,21,130.582666666667,0.499999999999999,0,0,-6.91166666666666,93.1,6.70333333333333,990.706666666666,130.582666666667,0.499999999999999,0,0,-6.91166666666666,93.1,6.70333333333333,990.706666666666
2016,45,22,140.7405,0.713333333333333,0,0,-6.75666666666667,94.5966666666666,5.70166666666667,990.685,140.7405,0.713333333333333,0,0,-6.75666666666667,94.5966666666666,5.70166666666667,990.685
2016,45,23,148.735333333333,0.779999999999999,0,0,-6.48666666666666,95.5716666666667,5.52666666666667,990.03,148.735333333333,0.779999999999999,0,0,-6.48666666666666,95.5716666666667,5.52666666666667,990.03
2016,46,0,152.479333333333,0.789999999999999,0,0,-6.155,95.4966666666667,5.22166666666667,989.391666666667,152.479333333333,0.789999999999999,0,0,-6.155,95.4966666666667,5.22166666666667,989.391666666667
2016,46,1,150.331,0.799999999999999,0,0,-5.96333333333333,95.48,4.73,988.941666666667,150.331,0.799999999999999,0,0,-5.96333333333333,95.48,4.73,988.941666666667
2016,46,2,143.296,0.799999999999999,0,0,-5.75666666666666,95.475,4.18333333333333,988.446666666667,143.296,0.799999999999999,0,0,-5.75666666666666,95.475,4.18333333333333,988.446666666667
2016,46,3,133.582166666667,0.878333333333334,0,0,-5.51166666666666,95.5733333333334,3.73,987.765,133.582166666667,0.878333333333334,0,0,-5.51166666666666,95.5733333333334,3.73,987.765
2016,46,4,122.654333333333,0.823333333333332,0,0,-5.115,95.7433333333334,3.84666666666667,987.371666666667,122.654333333333,0.823333333333332,0,0,-5.115,95.7433333333334,3.84666666666667,987.371666666667
2016,46,5,111.257833333333,0.808333333333333,0,0,-4.82333333333334,95.8233333333333,3.61666666666667,987.466666666667,111.257833333333,0.808333333333333,0,0,-4.82333333333334,95.8233333333333,3.61666666666667,987.466666666667
2016,46,6,99.8175,1.22166666666667,0,0,-4.47166666666667,95.8949999999999,3.26166666666667,987.518333333333,99.8175,1.22166666666667,0,0,-4.47166666666667,95.8949999999999,3.26166666666667,987.518333333333
2016,46,7,88.4475,1.40833333333333,7.67333333333333,4.05166666666667,-4.18833333333333,95.9066666666666,3.05333333333333,987.575000000001,88.4475,1.40833333333333,7.67333333333333,4.05166666666667,-4.18833333333333,95.9066666666666,3.05333333333333,987.575000000001
2016,46,8,78.0291666666667,1.60833333333333,69.0383333333333,34.85,-3.80166666666667,96.0316666666667,3.77166666666667,987.830000000001,78.0291666666667,1.60833333333333,69.0383333333333,34.85,-3.80166666666667,96.0316666666667,3.77166666666667,987.830000000001
2016,46,9,68.558,1.64333333333333,146.1,73.4616666666666,-3.24666666666666,96.0316666666667,4.36,987.699999999999,68.558,1.64333333333333,146.1,73.4616666666666,-3.24666666666666,96.0316666666667,4.36,987.699999999999
2016,46,10,60.6938333333333,1.22833333333333,267.345,131.98,-2.725,96.0683333333334,4.76666666666667,987.538333333333,60.6938333333333,1.22833333333333,267.345,131.98,-2.725,96.0683333333334,4.76666666666667,987.538333333333
2016,46,11,55.2155,0.93,259.643333333333,129.985,-2.33,96.3466666666667,3.89666666666667,987.168333333333,55.2155,0.93,259.643333333333,129.985,-2.33,96.3466666666667,3.89666666666667,987.168333333333
2016,46,12,52.9056666666667,1.05166666666667,238.878333333333,119.725,-1.95333333333333,96.2316666666667,2.95333333333333,986.353333333334,52.9056666666667,1.05166666666667,238.878333333333,119.725,-1.95333333333333,96.2316666666667,2.95333333333333,986.353333333334
2016,46,13,54.1768333333333,1.285,225.123333333333,111.546666666667,-1.64166666666667,95.7216666666667,2.23166666666667,985.565000000001,54.1768333333333,1.285,225.123333333333,111.546666666667,-1.64166666666667,95.7216666666667,2.23166666666667,985.565000000001
2016,46,14,58.7938333333333,-0.128333333333333,138.596666666667,70.095,-1.47833333333333,95.2233333333334,2.73166666666667,985.531666666666,58.7938333333333,-0.128333333333333,138.596666666667,70.095,-1.47833333333333,95.2233333333334,2.73166666666667,985.531666666666
2016,46,15,66.0385,0.186666666666667,122.64,60.85,-1.64,95.5683333333334,2.96333333333333,985.555,66.0385,0.186666666666667,122.64,60.85,-1.64,95.5683333333334,2.96333333333333,985.555
2016,46,16,75.1075,0.786666666666667,70.575,34.5433333333333,-1.46166666666667,95.5683333333333,1.72666666666667,985.286666666667,75.1075,0.786666666666667,70.575,34.5433333333333,-1.46166666666667,95.5683333333333,1.72666666666667,985.286666666667
2016,46,17,85.2276666666667,1.08333333333333,16.4916666666667,7.80166666666667,-1.44,95.8516666666667,2.24,985.229999999999,85.2276666666667,1.08333333333333,16.4916666666667,7.80166666666667,-1.44,95.8516666666667,2.24,985.229999999999
2016,46,18,96.4675,2.97333333333333,0.38,0.133333333333333,-1.28,96.26,2.42,984.885000000001,96.4675,2.97333333333333,0.38,0.133333333333333,-1.28,96.26,2.42,984.885000000001
2016,46,19,107.844833333333,3.3,0,0,-1.45833333333333,95.7183333333333,1.84,984.623333333333,107.844833333333,3.3,0,0,-1.45833333333333,95.7183333333333,1.84,984.623333333333
2016,46,20,119.269666666667,3.18166666666667,0,0,-1.61333333333333,95.7283333333333,2.18666666666667,984.711666666667,119.269666666667,3.18166666666667,0,0,-1.61333333333333,95.7283333333333,2.18666666666667,984.711666666667
2016,46,21,130.3585,3.06,0,0,-1.48666666666667,94.895,3.40166666666667,984.754999999999,130.3585,3.06,0,0,-1.48666666666667,94.895,3.40166666666667,984.754999999999
2016,46,22,140.484666666667,3.095,0,0,-1.52666666666667,93.8499999999999,1.96,984.336666666666,140.484666666667,3.095,0,0,-1.52666666666667,93.8499999999999,1.96,984.336666666666
2016,46,23,148.432666666667,1.47833333333333,-0.0333333333333333,0,-1.88166666666667,93.5616666666667,1.76666666666667,983.866666666666,148.432666666667,1.47833333333333,-0.0333333333333333,0,-1.88166666666667,93.5616666666667,1.76666666666667,983.866666666666
2016,47,0,152.139333333333,4.47666666666667,0,0,-1.43166666666667,89.5566666666666,2.415,983.816666666667,152.139333333333,4.47666666666667,0,0,-1.43166666666667,89.5566666666666,2.415,983.816666666667
2016,47,1,150.0055,1.93166666666666,-0.115,0,-2.35166666666667,88.0866666666666,2.69,984.189999999999,150.0055,1.93166666666666,-0.115,0,-2.35166666666667,88.0866666666666,2.69,984.189999999999
2016,47,2,143.013,3.935,-0.118333333333333,0,-3.21166666666667,86.0533333333333,1.60166666666667,984.081666666667,143.013,3.935,-0.118333333333333,0,-3.21166666666667,86.0533333333333,1.60166666666667,984.081666666667
2016,47,3,133.332833333333,3.08,-0.12,0,-4.11,88.5,0.998333333333333,983.916666666667,133.332833333333,3.08,-0.12,0,-4.11,88.5,0.998333333333333,983.916666666667
2016,47,4,122.424,7.18,0,0,-3.775,86.44,1.74833333333333,983.768333333332,122.424,7.18,0,0,-3.775,86.44,1.74833333333333,983.768333333332
2016,47,5,111.034333333333,4.31166666666667,-0.13,0,-5.36833333333333,90.93,1.98166666666667,983.896666666666,111.034333333333,4.31166666666667,-0.13,0,-5.36833333333333,90.93,1.98166666666667,983.896666666666
2016,47,6,99.5903333333333,4.04,-0.005,0,-6.03666666666667,92.8766666666667,2.7,984.011666666667,99.5903333333333,4.04,-0.005,0,-6.03666666666667,92.8766666666667,2.7,984.011666666667
2016,47,7,88.2106666666667,7.51333333333333,12.5583333333333,5.63518518518519,-5.30666666666666,90.125,2.305,984.041666666667,88.2106666666667,7.51333333333333,12.5583333333333,5.63518518518519,-5.30666666666666,90.125,2.305,984.041666666667
2016,47,8,77.7735,8.92333333333333,96.7483333333333,45.3516666666667,-4.44666666666667,90.1883333333333,2.635,984.178333333332,77.7735,8.92333333333333,96.7483333333333,45.3516666666667,-4.44666666666667,90.1883333333333,2.635,984.178333333332
2016,47,9,68.2761666666667,154.248333333333,212.12,122.123333333333,-3.33,88.3633333333333,2.34,984.173333333332,68.2761666666667,154.248333333333,212.12,122.123333333333,-3.33,88.3633333333333,2.34,984.173333333332
2016,47,10,60.3826666666667,616.488333333333,215.21,225.993333333333,-1.65166666666667,85.1866666666667,2.35166666666667,984.355000000001,60.3826666666667,616.488333333333,215.21,225.993333333333,-1.65166666666667,85.1866666666667,2.35166666666667,984.355000000001
2016,47,11,54.8818333333333,655.941666666667,192.608333333333,247.373333333333,-0.416666666666667,82.395,2.66833333333333,984.378333333334,54.8818333333333,655.941666666667,192.608333333333,247.373333333333,-0.416666666666667,82.395,2.66833333333333,984.378333333334
2016,47,12,52.5623333333333,837.583333333334,131.748333333333,271.96,0.945,78.5033333333333,3.47166666666667,984.07,52.5623333333333,837.583333333334,131.748333333333,271.96,0.945,78.5033333333333,3.47166666666667,984.07
2016,47,13,53.8433333333333,860.97,119.95,264.401666666667,1.47166666666667,78.5666666666667,4.60333333333333,983.968333333333,53.8433333333333,860.97,119.95,264.401666666667,1.47166666666667,78.5666666666667,4.60333333333333,983.968333333333
2016,47,14,58.4855,795.235,135.481666666667,230.821666666667,2.10333333333333,77.7183333333333,4.75,984.173333333334,58.4855,795.235,135.481666666667,230.821666666667,2.10333333333333,77.7183333333333,4.75,984.173333333334
2016,47,15,65.7631666666667,739.558333333333,123.678333333333,175.503333333333,2.67833333333333,76.9783333333334,3.80666666666667,984.638333333334,65.7631666666667,739.558333333333,123.678333333333,175.503333333333,2.67833333333333,76.9783333333334,3.80666666666667,984.638333333334
2016,47,16,74.8613333333333,141.24,133.716666666667,71.1637931034483,2.50166666666667,77.7866666666667,2.515,985.306666666667,74.8613333333333,141.24,133.716666666667,71.1637931034483,2.50166666666667,77.7866666666667,2.515,985.306666666667
2016,47,17,85.0033333333333,12.1933333333333,30.7133333333333,14.6,1.93166666666667,81.4266666666667,1.91333333333333,986.058333333334,85.0033333333333,12.1933333333333,30.7133333333333,14.6,1.93166666666667,81.4266666666667,1.91333333333333,986.058333333334
2016,47,18,96.2435,3.28666666666667,0.365,0.193333333333333,1.12833333333333,85.14,1.57166666666667,986.915,96.2435,3.28666666666667,0.365,0.193333333333333,1.12833333333333,85.14,1.57166666666667,986.915
2016,47,19,107.639666666667,2.96833333333333,0,0,0.938333333333333,85.2766666666667,0.89,987.875,107.639666666667,2.96833333333333,0,0,0.938333333333333,85.2766666666667,0.89,987.875
2016,47,20,119.061333333333,3.68,0,0,0.953333333333333,85.275,1.55,988.566666666666,119.061333333333,3.68,0,0,0.953333333333333,85.275,1.55,988.566666666666
2016,47,21,130.1335,3.465,-0.0133333333333333,0,0.711666666666667,89.2516666666667,2.195,989.263333333333,130.1335,3.465,-0.0133333333333333,0,0.711666666666667,89.2516666666667,2.195,989.263333333333
2016,47,22,140.226166666667,2.905,0,0,0.610000000000001,90.2149999999999,3.05666666666667,989.571666666666,140.226166666667,2.905,0,0,0.610000000000001,90.2149999999999,3.05666666666667,989.571666666666
2016,47,23,148.125833333333,1.34333333333333,0,0,0.446666666666666,89.0133333333333,5.525,990.151666666667,148.125833333333,1.34333333333333,0,0,0.446666666666666,89.0133333333333,5.525,990.151666666667
2016,48,0,151.796666666667,2.02666666666667,0,0,0.3,88.4783333333333,5.09666666666667,991.033333333334,151.796666666667,2.02666666666667,0,0,0.3,88.4783333333333,5.09666666666667,991.033333333334
2016,48,1,149.6755,1.915,0,0,0.291666666666667,86.77,5.08166666666667,991.731666666667,149.6755,1.915,0,0,0.291666666666667,86.77,5.08166666666667,991.731666666667
2016,48,2,142.724333333333,2.08166666666666,-0.04,0,0.106666666666667,85.8433333333333,5.03166666666667,992.536666666667,142.724333333333,2.08166666666666,-0.04,0,0.106666666666667,85.8433333333333,5.03166666666667,992.536666666667
2016,48,3,133.08,1.73,-0.0116666666666667,0,-0.0666666666666667,83.0266666666667,5.41666666666667,993.029999999999,133.08,1.73,-0.0116666666666667,0,-0.0666666666666667,83.0266666666667,5.41666666666667,993.029999999999
2016,48,4,122.1895,1.58166666666667,-0.173333333333333,0,-0.378333333333333,80.7316666666667,4.33,993.485,122.1895,1.58166666666667,-0.173333333333333,0,-0.378333333333333,80.7316666666667,4.33,993.485
2016,48,5,110.806,3.28833333333333,-0.00666666666666667,0,-0.958333333333333,82.35,3.23666666666667,994.111666666666,110.806,3.28833333333333,-0.00666666666666667,0,-0.958333333333333,82.35,3.23666666666667,994.111666666666
2016,48,6,99.359,3.66833333333334,0.0116666666666667,0.00166666666666667,-0.938333333333333,78.2933333333333,3.62833333333333,994.92,99.359,3.66833333333334,0.0116666666666667,0.00166666666666667,-0.938333333333333,78.2933333333333,3.62833333333333,994.92
2016,48,7,87.9693333333333,97.9366666666667,23.5433333333333,7.686,-1.11666666666667,78.6433333333333,2.36333333333333,995.881666666667,87.9693333333333,97.9366666666667,23.5433333333333,7.686,-1.11666666666667,78.6433333333333,2.36333333333333,995.881666666667
2016,48,8,77.5131666666667,64.5233333333333,79.4833333333333,34.0375,-0.0266666666666667,77.4683333333333,2.085,997.148333333333,77.5131666666667,64.5233333333333,79.4833333333333,34.0375,-0.0266666666666667,77.4683333333333,2.085,997.148333333333
2016,48,9,67.9901666666667,4.14833333333333,102.796666666667,47.1316666666667,0.64,75.2883333333334,1.09666666666667,998.086666666667,67.9901666666667,4.14833333333333,102.796666666667,47.1316666666667,0.64,75.2883333333334,1.09666666666667,998.086666666667
2016,48,10,60.0693333333333,3.24666666666667,184.386666666667,83.37,0.953333333333334,71.2683333333334,1.84666666666667,998.515,60.0693333333333,3.24666666666667,184.386666666667,83.37,0.953333333333334,71.2683333333334,1.84666666666667,998.515
2016,48,11,54.5436666666667,2.165,243.765,109.668333333333,1.27166666666667,65.51,2.02,998.818333333334,54.5436666666667,2.165,243.765,109.668333333333,1.27166666666667,65.51,2.02,998.818333333334
2016,48,12,52.2136666666667,0.743333333333334,163.723333333333,76.3316666666667,1.52166666666667,66.6,2.92166666666667,998.936666666667,52.2136666666667,0.743333333333334,163.723333333333,76.3316666666667,1.52166666666667,66.6,2.92166666666667,998.936666666667
2016,48,13,53.5071666666667,1.10333333333333,114.051666666667,54.305,1.65,68.6716666666667,2.44166666666667,998.74,53.5071666666667,1.10333333333333,114.051666666667,54.305,1.65,68.6716666666667,2.44166666666667,998.74
2016,48,14,58.1771666666667,1.155,83.29,40.3366666666667,1.67333333333333,69.3233333333333,2.46666666666667,998.989999999999,58.1771666666667,1.155,83.29,40.3366666666667,1.67333333333333,69.3233333333333,2.46666666666667,998.989999999999
2016,48,15,65.4861666666667,0.856666666666667,72.09,34.345,1.67166666666667,70.75,2.91833333333333,999.486666666666,65.4861666666667,0.856666666666667,72.09,34.345,1.67166666666667,70.75,2.91833333333333,999.486666666666
2016,48,16,74.6146666666667,0.328333333333333,70.8066666666666,32.1983333333333,0.8,78.3083333333334,3.29833333333333,999.653333333332,74.6146666666667,0.328333333333333,70.8066666666666,32.1983333333333,0.8,78.3083333333334,3.29833333333333,999.653333333332
2016,48,17,84.7908333333333,1.17166666666667,25.9316666666667,11.6983333333333,0.535,79.2,2.46333333333333,999.968333333333,84.7908333333333,1.17166666666667,25.9316666666667,11.6983333333333,0.535,79.2,2.46333333333333,999.968333333333
2016,48,18,96.0215,3.33166666666667,0.525,0.221666666666667,0.15,81.755,2.095,1000.455,96.0215,3.33166666666667,0.525,0.221666666666667,0.15,81.755,2.095,1000.455
2016,48,19,107.435333333333,0.741666666666667,0,0,-0.288333333333333,84.63,2.395,1000.52666666667,107.435333333333,0.741666666666667,0,0,-0.288333333333333,84.63,2.395,1000.52666666667
2016,48,20,118.853166666667,1.635,0,0,-0.486666666666666,85.3416666666667,2.77333333333333,1000.74166666667,118.853166666667,1.635,0,0,-0.486666666666666,85.3416666666667,2.77333333333333,1000.74166666667
2016,48,21,129.907833333333,1.44833333333333,0,0,-0.403333333333333,85.5466666666667,2.825,1001.21333333333,129.907833333333,1.44833333333333,0,0,-0.403333333333333,85.5466666666667,2.825,1001.21333333333
2016,48,22,139.967666666667,1.01333333333333,0,0,-0.378333333333333,83.8616666666667,2.82166666666667,1001.32666666667,139.967666666667,1.01333333333333,0,0,-0.378333333333333,83.8616666666667,2.82166666666667,1001.32666666667
2016,48,23,147.817666666667,0.791666666666666,0,0,-0.506666666666667,85.0083333333334,3.38333333333333,1001.44,147.817666666667,0.791666666666666,0,0,-0.506666666666667,85.0083333333334,3.38333333333333,1001.44
2016,49,0,151.451333333333,0.866666666666666,0,0,-0.733333333333333,86.1433333333333,3.22333333333333,1001.41833333333,151.451333333333,0.866666666666666,0,0,-0.733333333333333,86.1433333333333,3.22333333333333,1001.41833333333
2016,49,1,149.341833333333,0.828333333333334,0,0,-1.135,87.745,2.95333333333333,1001.77333333333,149.341833333333,0.828333333333334,0,0,-1.135,87.745,2.95333333333333,1001.77333333333
2016,49,2,142.431333333333,0.911666666666666,0,0,-1.27333333333333,89.8633333333333,3.25,1001.54333333333,142.431333333333,0.911666666666666,0,0,-1.27333333333333,89.8633333333333,3.25,1001.54333333333
2016,49,3,132.821,1.735,0,0,-1.06666666666667,88.3966666666667,3.74666666666667,1001.49666666667,132.821,1.735,0,0,-1.06666666666667,88.3966666666667,3.74666666666667,1001.49666666667
2016,49,4,121.950666666667,0.828333333333333,0,0,-0.413333333333333,83.5516666666667,4.75,1001.36833333333,121.950666666667,0.828333333333333,0,0,-0.413333333333333,83.5516666666667,4.75,1001.36833333333
2016,49,5,110.573666666667,0.441666666666667,-0.0433333333333333,0,-0.566666666666667,85.6733333333333,4.76,1001.90833333333,110.573666666667,0.441666666666667,-0.0433333333333333,0,-0.566666666666667,85.6733333333333,4.76,1001.90833333333
2016,49,6,99.1231666666667,0.541666666666667,-0.00166666666666667,0.005,-0.635000000000001,86.2116666666667,5.47666666666667,1001.955,99.1231666666667,0.541666666666667,-0.00166666666666667,0.005,-0.635000000000001,86.2116666666667,5.47666666666667,1001.955
2016,49,7,87.711,9.75,19.7866666666667,9.03833333333333,-0.81,87.6116666666667,5.55,1002.35,87.711,9.75,19.7866666666667,9.03833333333333,-0.81,87.6116666666667,5.55,1002.35
2016,49,8,77.2485,19.3183333333333,104.066666666667,48.5216666666667,-0.13,85.8516666666666,6.83333333333334,1002.165,77.2485,19.3183333333333,104.066666666667,48.5216666666667,-0.13,85.8516666666666,6.83333333333334,1002.165
2016,49,9,67.6998333333333,163.301666666667,197.955,116.868333333333,1.24333333333333,81.9316666666667,7.53,1002.35,67.6998333333333,163.301666666667,197.955,116.868333333333,1.24333333333333,81.9316666666667,7.53,1002.35
2016,49,10,59.7506666666667,145.278333333333,269.168333333333,152.956666666667,2.61166666666667,77.5083333333333,8.52666666666667,1001.95666666667,59.7506666666667,145.278333333333,269.168333333333,152.956666666667,2.61166666666667,77.5083333333333,8.52666666666667,1001.95666666667
2016,49,11,54.2016666666667,352.315,293.155,221.015,4.05,74.7316666666667,9.89,1001.17166666667,54.2016666666667,352.315,293.155,221.015,4.05,74.7316666666667,9.89,1001.17166666667
2016,49,12,51.8628333333333,458.056666666667,253.171666666667,234.408333333333,5.11,72.2583333333334,11.9633333333333,999.666666666666,51.8628333333333,458.056666666667,253.171666666667,234.408333333333,5.11,72.2583333333334,11.9633333333333,999.666666666666
2016,49,13,53.1683333333333,112.658333333333,310.978333333333,169.93,5.75166666666667,71.1833333333333,11.5083333333333,998.401666666667,53.1683333333333,112.658333333333,310.978333333333,169.93,5.75166666666667,71.1833333333333,11.5083333333333,998.401666666667
2016,49,14,57.8668333333333,144.196666666667,296.458333333333,163.35,6.48666666666667,67.7866666666666,11.935,996.643333333334,57.8668333333333,144.196666666667,296.458333333333,163.35,6.48666666666667,67.7866666666666,11.935,996.643333333334
2016,49,15,65.2096666666667,333.031666666667,173.446666666667,139.42,6.85499999999999,65.9816666666667,11.8333333333333,995.323333333334,65.2096666666667,333.031666666667,173.446666666667,139.42,6.85499999999999,65.9816666666667,11.8333333333333,995.323333333334
2016,49,16,74.3686666666667,31.305,116.65,56.4866666666667,6.56999999999999,67.7566666666666,11.415,993.608333333334,74.3686666666667,31.305,116.65,56.4866666666667,6.56999999999999,67.7566666666666,11.415,993.608333333334
2016,49,17,84.5766666666667,13.88,34.575,16.3296296296296,6.10666666666666,67.08,11.2766666666667,992.39,84.5766666666667,13.88,34.575,16.3296296296296,6.10666666666666,67.08,11.2766666666667,992.39
2016,49,18,95.802,0.131666666666667,0.858333333333333,0.288333333333333,5.57666666666667,70.0033333333333,10.135,991.636666666667,95.802,0.131666666666667,0.858333333333333,0.288333333333333,5.57666666666667,70.0033333333333,10.135,991.636666666667
2016,49,19,107.230333333333,0.4,0,0,5.74,69.01,10.8483333333333,990.623333333334,107.230333333333,0.4,0,0,5.74,69.01,10.8483333333333,990.623333333334
2016,49,20,118.642833333333,-0.185,0,0,5.44666666666667,70.1366666666666,10.2516666666667,990.168333333333,118.642833333333,-0.185,0,0,5.44666666666667,70.1366666666666,10.2516666666667,990.168333333333
2016,49,21,129.6805,0.396666666666667,0,0,5.34333333333334,70.8,10.1033333333333,989.461666666666,129.6805,0.396666666666667,0,0,5.34333333333334,70.8,10.1033333333333,989.461666666666
2016,49,22,139.704833333333,0.363333333333333,0,0,5.73666666666667,70.8866666666667,9.635,989.106666666667,139.704833333333,0.363333333333333,0,0,5.73666666666667,70.8866666666667,9.635,989.106666666667
2016,49,23,147.505833333333,-0.015,0,0,5.68166666666667,72.0183333333333,8.61666666666667,988.465,147.505833333333,-0.015,0,0,5.68166666666667,72.0183333333333,8.61666666666667,988.465
2016,50,0,151.101666666667,0.568333333333333,0,0,5.795,70.7066666666667,8.53,987.445,151.101666666667,0.568333333333333,0,0,5.795,70.7066666666667,8.53,987.445
2016,50,1,149.003333333333,0.398333333333333,0,0,6.435,68.4883333333334,9.27833333333333,986.156666666667,149.003333333333,0.398333333333333,0,0,6.435,68.4883333333334,9.27833333333333,986.156666666667
2016,50,2,142.132333333333,0.233333333333333,0,0,6.17666666666666,70.01,8.725,985.285,142.132333333333,0.233333333333333,0,0,6.17666666666666,70.01,8.725,985.285
2016,50,3,132.556666666667,0.676666666666667,0,0,6.95,67.7783333333333,10.3233333333333,984.09,132.556666666667,0.676666666666667,0,0,6.95,67.7783333333333,10.3233333333333,984.09
2016,50,4,121.706,0.276666666666667,0,0,7.02666666666667,69.72,9.565,983.043333333334,121.706,0.276666666666667,0,0,7.02666666666667,69.72,9.565,983.043333333334
2016,50,5,110.335833333333,0.358333333333333,0,0,7.48666666666667,69.75,9,982.448333333333,110.335833333333,0.358333333333333,0,0,7.48666666666667,69.75,9,982.448333333333
2016,50,6,98.8833333333333,0.055,0.0333333333333333,0.02,7.675,70.45,8.72,982.071666666667,98.8833333333333,0.055,0.0333333333333333,0.02,7.675,70.45,8.72,982.071666666667
2016,50,7,87.4611666666667,44.8216666666667,27.225,13.565,8.585,67.67,10.3383333333333,981.734999999999,87.4611666666667,44.8216666666667,27.225,13.565,8.585,67.67,10.3383333333333,981.734999999999
2016,50,8,76.9805,90.4033333333334,116.763333333333,59.9683333333333,10.3666666666667,64.835,12.3066666666667,981.338333333333,76.9805,90.4033333333334,116.763333333333,59.9683333333333,10.3666666666667,64.835,12.3066666666667,981.338333333333
2016,50,9,67.406,34.4216666666667,186.98,89.5183333333333,11.6183333333333,64.4266666666667,13.1916666666667,981.065,67.406,34.4216666666667,186.98,89.5183333333333,11.6183333333333,64.4266666666667,13.1916666666667,981.065
2016,50,10,59.4293333333333,32.0666666666667,246.92,118.575,12.8366666666667,62.9916666666667,14.9566666666667,981.161666666665,59.4293333333333,32.0666666666667,246.92,118.575,12.8366666666667,62.9916666666667,14.9566666666667,981.161666666665
2016,50,11,53.8561666666667,283.848333333333,318.99,214.441666666667,14.38,62.495,15.335,981.385000000001,53.8561666666667,283.848333333333,318.99,214.441666666667,14.38,62.495,15.335,981.385000000001
2016,50,12,51.5105,236.103333333333,329.235,207.595,15.9416666666667,61.58,16.0483333333333,981.131666666666,51.5105,236.103333333333,329.235,207.595,15.9416666666667,61.58,16.0483333333333,981.131666666666
2016,50,13,52.8281666666667,278.153333333333,267.691666666667,187.38,16.9466666666667,49.3816666666667,15.5,982.053333333334,52.8281666666667,278.153333333333,267.691666666667,187.38,16.9466666666667,49.3816666666667,15.5,982.053333333334
2016,50,14,57.555,794.515,107.21,221.273333333333,17.0483333333333,38.1766666666667,14.635,982.491666666666,57.555,794.515,107.21,221.273333333333,17.0483333333333,38.1766666666667,14.635,982.491666666666
2016,50,15,64.9316666666667,721.023333333333,86.0366666666666,165.568333333333,16.6716666666667,38.8,14.6333333333333,983.086666666666,64.9316666666667,721.023333333333,86.0366666666666,165.568333333333,16.6716666666667,38.8,14.6333333333333,983.086666666666
2016,50,16,74.1211666666667,727.556666666667,51.7766666666667,104,16.3916666666667,36.805,13.18,983.788333333334,74.1211666666667,727.556666666667,51.7766666666667,104,16.3916666666667,36.805,13.18,983.788333333334
2016,50,17,84.3621666666667,192.446666666667,28.8633333333333,23.8142857142857,14.7733333333333,41.7566666666667,9.63,985.073333333333,84.3621666666667,192.446666666667,28.8633333333333,23.8142857142857,14.7733333333333,41.7566666666667,9.63,985.073333333333
2016,50,18,95.5808333333333,-1.70333333333333,0.513333333333334,0.415,12.4933333333333,48.7333333333333,7.36166666666666,986.403333333333,95.5808333333333,-1.70333333333333,0.513333333333334,0.415,12.4933333333333,48.7333333333333,7.36166666666666,986.403333333333
2016,50,19,107.025333333333,-2.23333333333333,-0.318333333333333,0,10.21,56.4066666666667,4.98166666666667,987.735000000001,107.025333333333,-2.23333333333333,-0.318333333333333,0,10.21,56.4066666666667,4.98166666666667,987.735000000001
2016,50,20,118.432333333333,-0.401666666666667,-0.193333333333333,0,8.32166666666667,63.465,5.31,988.503333333333,118.432333333333,-0.401666666666667,-0.193333333333333,0,8.32166666666667,63.465,5.31,988.503333333333
2016,50,21,129.452333333333,-0.291666666666667,-0.00333333333333333,0,7.165,68.135,5.35,989.195000000001,129.452333333333,-0.291666666666667,-0.00333333333333333,0,7.165,68.135,5.35,989.195000000001
2016,50,22,139.442,1.26166666666667,0,0,6.72333333333333,68.3916666666667,6.555,989.358333333335,139.442,1.26166666666667,0,0,6.72333333333333,68.3916666666667,6.555,989.358333333335
2016,50,23,147.193,-0.0283333333333333,-0.0233333333333333,0,6.54,65.8666666666667,6.02833333333333,989.55,147.193,-0.0283333333333333,-0.0233333333333333,0,6.54,65.8666666666667,6.02833333333333,989.55
2016,51,0,150.750166666667,0.135,-0.0283333333333333,0,6.31,62.8616666666666,4.82,989.683333333332,150.750166666667,0.135,-0.0283333333333333,0,6.31,62.8616666666666,4.82,989.683333333332
2016,51,1,148.660833333333,1.335,0,0,6.78666666666667,56.4716666666667,4.65833333333333,989.42,148.660833333333,1.335,0,0,6.78666666666667,56.4716666666667,4.65833333333333,989.42
2016,51,2,141.8285,0.355,0,0,4.59333333333333,67.79,5.295,988.838333333332,141.8285,0.355,0,0,4.59333333333333,67.79,5.295,988.838333333332
2016,51,3,132.286833333333,0.733333333333333,0,0,3.71,71.545,4.68166666666667,988.318333333333,132.286833333333,0.733333333333333,0,0,3.71,71.545,4.68166666666667,988.318333333333
2016,51,4,121.456166666667,0.885,0,0,3.73333333333333,70.0633333333333,5.17,988.028333333334,121.456166666667,0.885,0,0,3.73333333333333,70.0633333333333,5.17,988.028333333334
2016,51,5,110.094,1.32333333333333,0,0,4.08,69.5783333333333,5.61666666666667,987.951666666667,110.094,1.32333333333333,0,0,4.08,69.5783333333333,5.61666666666667,987.951666666667
2016,51,6,98.638,0.841666666666667,0.035,0.0283333333333333,4.25833333333333,71.24,5.65333333333333,988.063333333333,98.638,0.841666666666667,0.035,0.0283333333333333,4.25833333333333,71.24,5.65333333333333,988.063333333333
2016,51,7,87.2086666666667,181.591666666667,18.79,15.3033333333333,4.755,72.6100000000001,5.63,988.413333333333,87.2086666666667,181.591666666667,18.79,15.3033333333333,4.755,72.6100000000001,5.63,988.413333333333
2016,51,8,76.7091666666667,623.935,55.0683333333333,82.5,6.3,69.2233333333333,5.995,988.896666666667,76.7091666666667,623.935,55.0683333333333,82.5,6.3,69.2233333333333,5.995,988.896666666667
2016,51,9,67.1078333333333,808.4,69.2516666666666,159.016666666667,9.47333333333333,60.44,6.99166666666667,988.851666666667,67.1078333333333,808.4,69.2516666666666,159.016666666667,9.47333333333333,60.44,6.99166666666667,988.851666666667
2016,51,10,59.1028333333333,901.637288135593,72.0254237288135,221.73,14.05,40.6233333333333,7.08833333333333,988.870000000001,59.1028333333333,901.637288135593,72.0254237288135,221.73,14.05,40.6233333333333,7.08833333333333,988.870000000001
2016,51,11,53.5076666666667,939.885,75.0733333333333,262.581666666667,15.615,32.7683333333333,6.57166666666667,988.625,53.5076666666667,939.885,75.0733333333333,262.581666666667,15.615,32.7683333333333,6.57166666666667,988.625
2016,51,12,51.1531666666667,949.628333333333,77.3483333333333,278.435,16.89,32.9333333333333,6.66166666666667,988.186666666667,51.1531666666667,949.628333333333,77.3483333333333,278.435,16.89,32.9333333333333,6.66166666666667,988.186666666667
2016,51,13,52.4848333333333,941.83,77.1016666666667,268.498333333333,18.4016666666667,30.0266666666667,5.48333333333333,987.463333333333,52.4848333333333,941.83,77.1016666666667,268.498333333333,18.4016666666667,30.0266666666667,5.48333333333333,987.463333333333
2016,51,14,57.2423333333333,916.798333333334,71.995,233.923333333333,19.345,28.8016666666667,5.22166666666667,986.845,57.2423333333333,916.798333333334,71.995,233.923333333333,19.345,28.8016666666667,5.22166666666667,986.845
2016,51,15,64.6541666666667,852.845,66.5566666666667,176.533333333333,20.3416666666667,25.305,4.85666666666667,986.701666666666,64.6541666666667,852.845,66.5566666666667,176.533333333333,20.3416666666667,25.305,4.85666666666667,986.701666666666
2016,51,16,73.8738333333333,705.765,58.0216666666667,103.296666666667,20.225,26.955,4.22166666666667,987.014999999999,73.8738333333333,705.765,58.0216666666667,103.296666666667,20.225,26.955,4.22166666666667,987.014999999999
2016,51,17,84.1463333333333,341.753333333333,32.84,29.605,18.5916666666667,35.5783333333333,2.77,987.565,84.1463333333333,341.753333333333,32.84,29.605,18.5916666666667,35.5783333333333,2.77,987.565
2016,51,18,95.3613333333333,-0.973333333333333,1.01333333333333,0.595,17.515,36.7816666666667,2.47666666666667,988.086666666665,95.3613333333333,-0.973333333333333,1.01333333333333,0.595,17.515,36.7816666666667,2.47666666666667,988.086666666665
2016,51,19,106.820333333333,-2.365,-0.383333333333333,0,15.8033333333333,38.64,3.10833333333333,988.316666666668,106.820333333333,-2.365,-0.383333333333333,0,15.8033333333333,38.64,3.10833333333333,988.316666666668
2016,51,20,118.223166666667,-0.661666666666667,-0.118333333333333,0,11.6816666666667,52.855,1.51166666666667,988.636666666667,118.223166666667,-0.661666666666667,-0.118333333333333,0,11.6816666666667,52.855,1.51166666666667,988.636666666667
2016,51,21,129.222833333333,-1.43833333333333,-0.385,0,11.7033333333333,50.205,4.69666666666667,988.615,129.222833333333,-1.43833333333333,-0.385,0,11.7033333333333,50.205,4.69666666666667,988.615
2016,51,22,139.1765,1.90833333333333,-0.035,0,8.40666666666666,64.13,6.85333333333333,988.524999999999,139.1765,1.90833333333333,-0.035,0,8.40666666666666,64.13,6.85333333333333,988.524999999999
2016,51,23,146.877333333333,1.06,-0.0666666666666667,0,7.43333333333333,71.4533333333333,6.65,988.643333333332,146.877333333333,1.06,-0.0666666666666667,0,7.43333333333333,71.4533333333333,6.65,988.643333333332
2016,52,0,150.396333333333,-0.295,-0.19,0,6.205,75.7716666666667,5.52,988.816666666667,150.396333333333,-0.295,-0.19,0,6.205,75.7716666666667,5.52,988.816666666667
2016,52,1,148.314166666667,0.506666666666667,-0.111666666666667,0,5.73,76.3516666666667,5.39666666666667,989.189999999999,148.314166666667,0.506666666666667,-0.111666666666667,0,5.73,76.3516666666667,5.39666666666667,989.189999999999
2016,52,2,141.521166666667,-0.665,-0.185,0,4.55666666666667,79.75,4.825,989.624999999999,141.521166666667,-0.665,-0.185,0,4.55666666666667,79.75,4.825,989.624999999999
2016,52,3,132.013333333333,0.528333333333333,-0.225,0,2.82333333333333,85.7983333333333,3.96166666666667,989.408333333334,132.013333333333,0.528333333333333,-0.225,0,2.82333333333333,85.7983333333333,3.96166666666667,989.408333333334
2016,52,4,121.201833333333,1.27,-0.188333333333333,0,1.80333333333333,88.1066666666667,4.14666666666667,989.516666666667,121.201833333333,1.27,-0.188333333333333,0,1.80333333333333,88.1066666666667,4.14666666666667,989.516666666667
2016,52,5,109.847666666667,1.40166666666667,-0.118333333333333,0,0.870000000000001,90.035,4.215,990.378333333333,109.847666666667,1.40166666666667,-0.118333333333333,0,0.870000000000001,90.035,4.215,990.378333333333
2016,52,6,98.3895,2.46666666666667,0.0233333333333333,0.045,0.571666666666667,90.5266666666666,4.67833333333333,990.91,98.3895,2.46666666666667,0.0233333333333333,0.045,0.571666666666667,90.5266666666666,4.67833333333333,990.91
2016,52,7,86.9388333333333,187.928333333333,19.8266666666667,16.6433333333333,0.778333333333333,89.8133333333333,5.42,991.316666666667,86.9388333333333,187.928333333333,19.8266666666667,16.6433333333333,0.778333333333333,89.8133333333333,5.42,991.316666666667
2016,52,8,76.4323333333333,622.691666666667,54.3566666666667,83.47,2.83666666666667,82.76,4.79,991.43,76.4323333333333,622.691666666667,54.3566666666667,83.47,2.83666666666667,82.76,4.79,991.43
2016,52,9,66.806,782.381666666667,75.1716666666667,159.516666666667,4.70333333333333,75.8416666666667,5.58833333333333,991.756666666667,66.806,782.381666666667,75.1716666666667,159.516666666667,4.70333333333333,75.8416666666667,5.58833333333333,991.756666666667
2016,52,10,58.7735,859.518333333334,87.745,222.528333333333,6.37333333333333,68.9033333333334,5.98666666666667,992.161666666666,58.7735,859.518333333334,87.745,222.528333333333,6.37333333333333,68.9033333333334,5.98666666666667,992.161666666666
2016,52,11,53.1548333333333,910.525,90.1433333333333,264.953333333333,7.71833333333334,64.6016666666667,5.79833333333333,992.346666666667,53.1548333333333,910.525,90.1433333333333,264.953333333333,7.71833333333334,64.6016666666667,5.79833333333333,992.346666666667
2016,52,12,50.7928333333333,884.063333333333,112.86,280.173333333333,8.83333333333334,61.5016666666667,5.97833333333334,992.188333333333,50.7928333333333,884.063333333333,112.86,280.173333333333,8.83333333333334,61.5016666666667,5.97833333333334,992.188333333333
2016,52,13,52.1395,434.701666666667,201.215,202.313333333333,8.825,64.0383333333333,6.60666666666667,992.001666666667,52.1395,434.701666666667,201.215,202.313333333333,8.825,64.0383333333333,6.60666666666667,992.001666666667
2016,52,14,56.9286666666667,284.941666666667,227.741666666667,165.533333333333,8.9,64.4766666666667,7.45666666666667,991.988333333333,56.9286666666667,284.941666666667,227.741666666667,165.533333333333,8.9,64.4766666666667,7.45666666666667,991.988333333333
2016,52,15,64.3755,182.528333333333,217.218333333333,127.416666666667,7.57,69.0966666666666,7.95666666666667,992.805,64.3755,182.528333333333,217.218333333333,127.416666666667,7.57,69.0966666666666,7.95666666666667,992.805
2016,52,16,73.6266666666667,145.766666666667,141.836666666667,78.665,6.70166666666667,71.0116666666667,7.08666666666667,993.291666666667,73.6266666666667,145.766666666667,141.836666666667,78.665,6.70166666666667,71.0116666666667,7.08666666666667,993.291666666667
2016,52,17,83.9305,1.73,21.23,9.62333333333333,6.18333333333333,72.7266666666667,6.85333333333333,993.773333333334,83.9305,1.73,21.23,9.62333333333333,6.18333333333333,72.7266666666667,6.85333333333333,993.773333333334
2016,52,18,95.1455,1.09333333333333,0.37,0.205,5.69333333333333,75.4083333333333,4.60166666666666,994.638333333333,95.1455,1.09333333333333,0.37,0.205,5.69333333333333,75.4083333333333,4.60166666666666,994.638333333333
2016,52,19,106.615166666667,0.618333333333334,0,0,5.53833333333333,77.8533333333333,4.57333333333333,995.185000000001,106.615166666667,0.618333333333334,0,0,5.53833333333333,77.8533333333333,4.57333333333333,995.185000000001
2016,52,20,118.011166666667,0.233333333333333,0,0,4.60833333333334,78.9133333333333,5.55833333333333,995.676666666667,118.011166666667,0.233333333333333,0,0,4.60833333333334,78.9133333333333,5.55833333333333,995.676666666667
2016,52,21,128.992666666667,0.298333333333333,0,0,3.73,79.31,5.55,995.838333333335,128.992666666667,0.298333333333333,0,0,3.73,79.31,5.55,995.838333333335
2016,52,22,138.9105,0.61,0,0,2.75166666666667,81.4616666666666,5.37,996.061666666666,138.9105,0.61,0,0,2.75166666666667,81.4616666666666,5.37,996.061666666666
2016,52,23,146.559333333333,0.853333333333333,0,0,1.68333333333333,82.9716666666666,5.87666666666667,996.16,146.559333333333,0.853333333333333,0,0,1.68333333333333,82.9716666666666,5.87666666666667,996.16
2016,53,0,150.0385,1.31166666666667,0,0,1.21166666666667,84.5183333333333,5.69,996.498333333333,150.0385,1.31166666666667,0,0,1.21166666666667,84.5183333333333,5.69,996.498333333333
2016,53,1,147.964333333333,1.57333333333333,0,0,1.15,84.345,5.58666666666667,996.345,147.964333333333,1.57333333333333,0,0,1.15,84.345,5.58666666666667,996.345
2016,53,2,141.208666666667,1.74666666666667,0,0,0.868333333333333,84.1183333333334,5.83333333333333,996.198333333333,141.208666666667,1.74666666666667,0,0,0.868333333333333,84.1183333333334,5.83333333333333,996.198333333333
2016,53,3,131.734333333333,1.40333333333333,0,0,0.608333333333334,81.8983333333333,5.21166666666667,996.246666666667,131.734333333333,1.40333333333333,0,0,0.608333333333334,81.8983333333333,5.21166666666667,996.246666666667
2016,53,4,120.943,1.54333333333333,0,0,0.243333333333333,79.5683333333333,5.29833333333333,996.206666666666,120.943,1.54333333333333,0,0,0.243333333333333,79.5683333333333,5.29833333333333,996.206666666666
2016,53,5,109.596,1.8,-0.136666666666667,0,0.116666666666667,79.68,3.47666666666667,996.206666666666,109.596,1.8,-0.136666666666667,0,0.116666666666667,79.68,3.47666666666667,996.206666666666
2016,53,6,98.136,2.68,-0.0733333333333332,0.045,-0.886666666666667,86.0016666666667,2.42166666666667,996.42,98.136,2.68,-0.0733333333333332,0.045,-0.886666666666667,86.0016666666667,2.42166666666667,996.42
2016,53,7,86.6785,219.733333333333,21.4016666666667,19.2616666666667,-0.69,84.555,1.43666666666667,996.381666666668,86.6785,219.733333333333,21.4016666666667,19.2616666666667,-0.69,84.555,1.43666666666667,996.381666666668
2016,53,8,76.1523333333333,640.141666666667,57.2466666666667,87.6733333333333,0.355,81.2633333333333,3.83666666666667,995.89,76.1523333333333,640.141666666667,57.2466666666667,87.6733333333333,0.355,81.2633333333333,3.83666666666667,995.89
2016,53,9,66.5011666666667,650.586666666667,120.331666666667,156.26,2.085,71.025,4.20833333333333,995.853333333334,66.5011666666667,650.586666666667,120.331666666667,156.26,2.085,71.025,4.20833333333333,995.853333333334
2016,53,10,58.4415,368.555,274.293333333333,202.101666666667,3.04166666666667,66.9783333333333,4.05333333333333,995.681666666666,58.4415,368.555,274.293333333333,202.101666666667,3.04166666666667,66.9783333333333,4.05333333333333,995.681666666666
2016,53,11,52.7993333333333,160.51,402.025,216.106666666667,4.30333333333333,62.5816666666667,2.715,995.621666666666,52.7993333333333,160.51,402.025,216.106666666667,4.30333333333333,62.5816666666667,2.715,995.621666666666
2016,53,12,50.4303333333333,222.95,395.835,228.486666666667,5.89166666666667,58.495,1.41333333333333,995.455,50.4303333333333,222.95,395.835,228.486666666667,5.89166666666667,58.495,1.41333333333333,995.455
2016,53,13,51.792,611.785,199.176666666667,242.27,6.57,56.59,1.67,994.431666666667,51.792,611.785,199.176666666667,242.27,6.57,56.59,1.67,994.431666666667
2016,53,14,56.6145,839.505,108.1,235.078333333333,7.27333333333333,53.92,2.34833333333333,993.286666666667,56.6145,839.505,108.1,235.078333333333,7.27333333333333,53.92,2.34833333333333,993.286666666667
2016,53,15,64.0976666666667,795.34,87.125,177.641666666667,7.88333333333333,52.2016666666667,2.15333333333333,992.719999999999,64.0976666666667,795.34,87.125,177.641666666667,7.88333333333333,52.2016666666667,2.15333333333333,992.719999999999
2016,53,16,73.381,680.045,65.2883333333333,104.906666666667,7.68000000000001,53.605,3.71666666666667,992.203333333333,73.381,680.045,65.2883333333333,104.906666666667,7.68000000000001,53.605,3.71666666666667,992.203333333333
2016,53,17,83.7138333333333,357.551666666667,33.4333333333333,31.2233333333333,7.17833333333334,56.725,3.51166666666667,992.158333333333,83.7138333333333,357.551666666667,33.4333333333333,31.2233333333333,7.17833333333334,56.725,3.51166666666667,992.158333333333
2016,53,18,94.9148333333333,3.92833333333333,1.66833333333333,0.775,5.57166666666667,64.3666666666667,4.075,992.593333333332,94.9148333333333,3.92833333333333,1.66833333333333,0.775,5.57166666666667,64.3666666666667,4.075,992.593333333332
2016,53,19,106.409333333333,0.505,0,0,4.565,67.2283333333334,3.905,992.850000000001,106.409333333333,0.505,0,0,4.565,67.2283333333334,3.905,992.850000000001
2016,53,20,117.799,1.89833333333333,0,0,3.67333333333333,70.9983333333333,3.98833333333333,992.981666666667,117.799,1.89833333333333,0,0,3.67333333333333,70.9983333333333,3.98833333333333,992.981666666667
2016,53,21,128.761166666667,1.05833333333333,0,0,3.165,73.8783333333333,3.785,993.016666666666,128.761166666667,1.05833333333333,0,0,3.165,73.8783333333333,3.785,993.016666666666
2016,53,22,138.642,0.523333333333333,0,0,2.34166666666667,76.405,4.05166666666667,992.953333333334,138.642,0.523333333333333,0,0,2.34166666666667,76.405,4.05166666666667,992.953333333334
2016,53,23,146.239333333333,1.83,0,0,1.85166666666667,77.4783333333333,4.14166666666667,992.980000000001,146.239333333333,1.83,0,0,1.85166666666667,77.4783333333333,4.14166666666667,992.980000000001
2016,54,0,149.678666666667,1.63333333333333,0,0,1.925,75.345,4.47166666666667,992.691666666666,149.678666666667,1.63333333333333,0,0,1.925,75.345,4.47166666666667,992.691666666666
2016,54,1,147.611166666667,0.741666666666666,0,0,1.585,75.52,5.67833333333334,992.448333333334,147.611166666667,0.741666666666666,0,0,1.585,75.52,5.67833333333334,992.448333333334
2016,54,2,140.890666666667,0.605,-0.0133333333333333,0,0.815000000000001,79.3933333333334,5.43333333333334,991.983333333333,140.890666666667,0.605,-0.0133333333333333,0,0.815000000000001,79.3933333333334,5.43333333333334,991.983333333333
2016,54,3,131.450333333333,0.973333333333333,0,0,0.4,81.2266666666666,3.97833333333333,991.603333333332,131.450333333333,0.973333333333333,0,0,0.4,81.2266666666666,3.97833333333333,991.603333333332
2016,54,4,120.680333333333,1.66666666666667,-0.00833333333333333,0,-0.0366666666666667,82.1166666666667,3.74333333333333,991.724999999999,120.680333333333,1.66666666666667,-0.00833333333333333,0,-0.0366666666666667,82.1166666666667,3.74333333333333,991.724999999999
2016,54,5,109.341833333333,2.44166666666667,0,0,-0.650000000000001,84.105,4.355,991.383333333333,109.341833333333,2.44166666666667,0,0,-0.650000000000001,84.105,4.355,991.383333333333
2016,54,6,97.8805,2.25,0.258333333333333,0.085,-0.921666666666667,83.0866666666666,4.655,991.974999999999,97.8805,2.25,0.258333333333333,0.085,-0.921666666666667,83.0866666666666,4.655,991.974999999999
2016,54,7,86.415,119.721666666667,36.9283333333333,20.1651162790698,-0.813333333333333,81.3283333333333,4.47666666666667,992.408333333333,86.415,119.721666666667,36.9283333333333,20.1651162790698,-0.813333333333333,81.3283333333333,4.47666666666667,992.408333333333
2016,54,8,75.8696666666667,250.283333333333,112.671666666667,75.4833333333333,0.118333333333333,75.2566666666667,5.15166666666667,992.945,75.8696666666667,250.283333333333,112.671666666667,75.4833333333333,0.118333333333333,75.2566666666667,5.15166666666667,992.945
2016,54,9,66.1926666666667,616.203333333333,130.146666666667,159.153333333333,1.73166666666667,67.0166666666667,5.49333333333333,992.498333333333,66.1926666666667,616.203333333333,130.146666666667,159.153333333333,1.73166666666667,67.0166666666667,5.49333333333333,992.498333333333
2016,54,10,58.1046666666667,680.033333333333,149.01,212.111666666667,4.10666666666667,56.6533333333333,5.93666666666667,991.875000000001,58.1046666666667,680.033333333333,149.01,212.111666666667,4.10666666666667,56.6533333333333,5.93666666666667,991.875000000001
2016,54,11,52.4405,645.561666666666,197.195,248.61,5.59833333333333,52.685,6.37,991.545,52.4405,645.561666666666,197.195,248.61,5.59833333333333,52.685,6.37,991.545
2016,54,12,50.0655,705.088333333333,191.638333333333,270.293333333333,6.83166666666667,49.0316666666667,5.95666666666667,990.791666666667,50.0655,705.088333333333,191.638333333333,270.293333333333,6.83166666666667,49.0316666666667,5.95666666666667,990.791666666667
2016,54,13,51.4438333333333,653.668333333334,201.565,256.055,7.89833333333333,47.2733333333333,6.14833333333333,989.601666666667,51.4438333333333,653.668333333334,201.565,256.055,7.89833333333333,47.2733333333333,6.14833333333333,989.601666666667
2016,54,14,56.2981666666667,389.615,264.058333333333,203.686666666667,8.46166666666667,46.6,6.90333333333333,988.713333333333,56.2981666666667,389.615,264.058333333333,203.686666666667,8.46166666666667,46.6,6.90333333333333,988.713333333333
2016,54,15,63.819,126.661666666667,216.943333333333,119.351666666667,8.41,48.8466666666667,7.47,988.443333333334,63.819,126.661666666667,216.943333333333,119.351666666667,8.41,48.8466666666667,7.47,988.443333333334
2016,54,16,73.1343333333333,-0.196666666666667,95.9333333333334,42.8583333333333,7.82333333333334,51.1366666666666,8.90333333333333,987.741666666666,73.1343333333333,-0.196666666666667,95.9333333333334,42.8583333333333,7.82333333333334,51.1366666666666,8.90333333333333,987.741666666666
2016,54,17,83.4968333333333,-0.896666666666667,29.8383333333333,13.0216666666667,6.855,56.025,9.045,987.141666666666,83.4968333333333,-0.896666666666667,29.8383333333333,13.0216666666667,6.855,56.025,9.045,987.141666666666
2016,54,18,94.6985,0.215,0.593333333333333,0.35,5.97833333333334,57.3083333333333,8.54333333333333,987.033333333333,94.6985,0.215,0.593333333333333,0.35,5.97833333333334,57.3083333333333,8.54333333333333,987.033333333333
2016,54,19,106.204166666667,0.336666666666667,-0.128333333333333,0,5.55833333333333,56.3016666666667,8.85166666666667,987.028333333333,106.204166666667,0.336666666666667,-0.128333333333333,0,5.55833333333333,56.3016666666667,8.85166666666667,987.028333333333
2016,54,20,117.588166666667,0.3,-0.243333333333333,0,5.08333333333333,59.3883333333333,8.96666666666667,986.8,117.588166666667,0.3,-0.243333333333333,0,5.08333333333333,59.3883333333333,8.96666666666667,986.8
2016,54,21,128.5295,0.0416666666666667,-0.34,0,3.64166666666667,71.12,8.17833333333333,986.711666666667,128.5295,0.0416666666666667,-0.34,0,3.64166666666667,71.12,8.17833333333333,986.711666666667
2016,54,22,138.371666666667,0.523333333333333,-0.321666666666667,0,2.86166666666667,72.6733333333333,9.28,985.326666666666,138.371666666667,0.523333333333333,-0.321666666666667,0,2.86166666666667,72.6733333333333,9.28,985.326666666666
2016,54,23,145.917333333333,1.22666666666667,-0.0816666666666667,0,3.01333333333333,67.3183333333333,9.99,983.845,145.917333333333,1.22666666666667,-0.0816666666666667,0,3.01333333333333,67.3183333333333,9.99,983.845
2016,55,0,149.315666666667,1.05333333333333,-0.315,0,2.85333333333333,65.2566666666667,11.065,982.326666666667,149.315666666667,1.05333333333333,-0.315,0,2.85333333333333,65.2566666666667,11.065,982.326666666667
2016,55,1,147.254166666667,0.799999999999999,-0.366666666666666,0,2.48333333333333,67.0216666666667,11.285,980.788333333333,147.254166666667,0.799999999999999,-0.366666666666666,0,2.48333333333333,67.0216666666667,11.285,980.788333333333
2016,55,2,140.57,0.798333333333334,-0.398333333333333,0,2.03,68.9883333333333,12.3366666666667,978.933333333333,140.57,0.798333333333334,-0.398333333333333,0,2.03,68.9883333333333,12.3366666666667,978.933333333333
2016,55,3,131.1625,0.783333333333333,-0.378333333333333,0,2.01666666666667,66.2916666666667,13.2416666666667,977.439999999999,131.1625,0.783333333333333,-0.378333333333333,0,2.01666666666667,66.2916666666667,13.2416666666667,977.439999999999
2016,55,4,120.412666666667,-0.255,-0.198333333333333,0,1.51333333333333,73.46,12.765,976.211666666667,120.412666666667,-0.255,-0.198333333333333,0,1.51333333333333,73.46,12.765,976.211666666667
2016,55,5,109.082833333333,0.445,0,0,1.36,76.9066666666667,13.6883333333333,974.886666666667,109.082833333333,0.445,0,0,1.36,76.9066666666667,13.6883333333333,974.886666666667
2016,55,6,97.62,-0.0866666666666667,0,0,0.458333333333333,86.4466666666667,15.8183333333333,973.523333333333,97.62,-0.0866666666666667,0,0,0.458333333333333,86.4466666666667,15.8183333333333,973.523333333333
2016,55,7,86.135,0.346666666666667,3.405,1.79,0.00833333333333333,90.7716666666666,16.8216666666667,972.92,86.135,0.346666666666667,3.405,1.79,0.00833333333333333,90.7716666666666,16.8216666666667,972.92
2016,55,8,75.5831666666667,0.565,17.52,9.65666666666667,-0.0233333333333333,91.6816666666667,16.1533333333333,972.916666666667,75.5831666666667,0.565,17.52,9.65666666666667,-0.0233333333333333,91.6816666666667,16.1533333333333,972.916666666667
2016,55,9,65.881,0.168333333333333,40.7733333333333,23.1516666666667,-0.15,93.9933333333334,16.7766666666667,972.204999999999,65.881,0.168333333333333,40.7733333333333,23.1516666666667,-0.15,93.9933333333334,16.7766666666667,972.204999999999
2016,55,10,57.7651666666667,-0.0233333333333333,126.065,69.6733333333333,-0.191666666666667,94.71,17.585,972.136666666667,57.7651666666667,-0.0233333333333333,126.065,69.6733333333333,-0.191666666666667,94.71,17.585,972.136666666667
2016,55,11,52.0786666666667,1.58333333333333,153.936666666667,86.3983333333333,0.101666666666667,93.1083333333333,17.4083333333333,972.135000000001,52.0786666666667,1.58333333333333,153.936666666667,86.3983333333333,0.101666666666667,93.1083333333333,17.4083333333333,972.135000000001
2016,55,12,49.6971666666667,1.755,162.23,90.0016666666667,0.17,94.1816666666667,16.9816666666667,972.108333333333,49.6971666666667,1.755,162.23,90.0016666666667,0.17,94.1816666666667,16.9816666666667,972.108333333333
2016,55,13,51.0935,0.366666666666667,142.75,79.6166666666666,-0.121666666666667,95.8316666666666,18.8166666666667,971.885,51.0935,0.366666666666667,142.75,79.6166666666666,-0.121666666666667,95.8316666666666,18.8166666666667,971.885
2016,55,14,55.9823333333333,1.05833333333333,173.458333333333,92.4633333333334,0.0783333333333333,93.8666666666666,19.2583333333333,972.273333333333,55.9823333333333,1.05833333333333,173.458333333333,92.4633333333334,0.0783333333333333,93.8666666666666,19.2583333333333,972.273333333333
2016,55,15,63.5395,2.24333333333333,149.596666666667,76.63,0.488333333333334,90.7066666666667,18.9916666666667,973.073333333333,63.5395,2.24333333333333,149.596666666667,76.63,0.488333333333334,90.7066666666667,18.9916666666667,973.073333333333
2016,55,16,72.8885,1.77,83.4816666666667,41.965,0.674999999999999,90.5183333333333,17.1416666666667,974.296666666667,72.8885,1.77,83.4816666666667,41.965,0.674999999999999,90.5183333333333,17.1416666666667,974.296666666667
2016,55,17,83.2803333333333,0.879999999999999,20.55,10.0666666666667,0.771666666666666,91.75,16,975.715,83.2803333333333,0.879999999999999,20.55,10.0666666666667,0.771666666666666,91.75,16,975.715
2016,55,18,94.483,1.50166666666667,1.00833333333333,0.401666666666667,1.025,89.9833333333333,15.0133333333333,977.525,94.483,1.50166666666667,1.00833333333333,0.401666666666667,1.025,89.9833333333333,15.0133333333333,977.525
2016,55,19,105.999,1.56833333333333,-0.00333333333333333,0,0.971666666666666,88.6233333333333,14.875,978.711666666667,105.999,1.56833333333333,-0.00333333333333333,0,0.971666666666666,88.6233333333333,14.875,978.711666666667
2016,55,20,117.375333333333,1.00333333333333,-0.0316666666666667,0,0.71,89.3883333333333,13.1416666666667,979.751666666666,117.375333333333,1.00333333333333,-0.0316666666666667,0,0.71,89.3883333333333,13.1416666666667,979.751666666666
2016,55,21,128.295,1.51,-0.0233333333333333,0,0.715,85.9933333333333,12.9383333333333,980.505,128.295,1.51,-0.0233333333333333,0,0.715,85.9933333333333,12.9383333333333,980.505
2016,55,22,138.1,1.59333333333333,0,0,1.08,78.5316666666667,11.3283333333333,981.221666666667,138.1,1.59333333333333,0,0,1.08,78.5316666666667,11.3283333333333,981.221666666667
2016,55,23,145.593666666667,1.21166666666667,0,0,1.14833333333333,78.8133333333334,9.75833333333334,981.816666666667,145.593666666667,1.21166666666667,0,0,1.14833333333333,78.8133333333334,9.75833333333334,981.816666666667
2016,56,0,148.951333333333,0.904999999999999,0,0,1.08333333333333,80.4916666666666,9.09166666666667,982.376666666667,148.951333333333,0.904999999999999,0,0,1.08333333333333,80.4916666666666,9.09166666666667,982.376666666667
2016,56,1,146.893333333333,0.799999999999999,0,0,0.741666666666667,82.8016666666667,8.88,982.846666666667,146.893333333333,0.799999999999999,0,0,0.741666666666667,82.8016666666667,8.88,982.846666666667
2016,56,2,140.245166666667,0.808333333333333,0,0,0.525,84.2666666666667,8.10333333333334,983.166666666667,140.245166666667,0.808333333333333,0,0,0.525,84.2666666666667,8.10333333333334,983.166666666667
2016,56,3,130.8705,0.801666666666666,0,0,-0.0183333333333333,85.5366666666667,7.52333333333333,983.691666666667,130.8705,0.801666666666666,0,0,-0.0183333333333333,85.5366666666667,7.52333333333333,983.691666666667
2016,56,4,120.140666666667,1.59833333333333,0,0,0.07,85.635,6.95,984.183333333334,120.140666666667,1.59833333333333,0,0,0.07,85.635,6.95,984.183333333334
2016,56,5,108.819166666667,1.6,0,0,0.573333333333334,83.745,6.86,984.831666666666,108.819166666667,1.6,0,0,0.573333333333334,83.745,6.86,984.831666666666
2016,56,6,97.3551666666667,1.58333333333333,0.0783333333333333,0.0416666666666667,0.625,81.5516666666666,6.44,985.648333333334,97.3551666666667,1.58333333333333,0.0783333333333333,0.0416666666666667,0.625,81.5516666666666,6.44,985.648333333334
2016,56,7,85.8646666666667,1.61666666666667,13.8766666666667,6.65,0.688333333333334,80.5183333333333,6.71833333333334,986.521666666667,85.8646666666667,1.61666666666667,13.8766666666667,6.65,0.688333333333334,80.5183333333333,6.71833333333334,986.521666666667
2016,56,8,75.2925,1.77833333333333,56.6283333333333,27.9866666666667,0.706666666666667,80.6266666666667,6.79,987.415,75.2925,1.77833333333333,56.6283333333333,27.9866666666667,0.706666666666667,80.6266666666667,6.79,987.415
2016,56,9,65.5658333333333,1.365,155.381666666667,74.9283333333334,0.903333333333333,78.3366666666666,6.98333333333334,988.301666666667,65.5658333333333,1.365,155.381666666667,74.9283333333334,0.903333333333333,78.3366666666666,6.98333333333334,988.301666666667
2016,56,10,57.4233333333333,108.708333333333,268.67,151.31,0.875,77.1666666666667,9.2,989.38,57.4233333333333,108.708333333333,268.67,151.31,0.875,77.1666666666667,9.2,989.38
2016,56,11,51.7135,97.3566666666667,352.141666666667,186.531666666667,0.486666666666667,82.0233333333333,8.87333333333333,990.314999999999,51.7135,97.3566666666667,352.141666666667,186.531666666667,0.486666666666667,82.0233333333333,8.87333333333333,990.314999999999
2016,56,12,49.3266666666667,56.525,394.248333333333,194.825,1.26333333333333,69.7833333333333,9.435,990.989999999999,49.3266666666667,56.525,394.248333333333,194.825,1.26333333333333,69.7833333333333,9.435,990.989999999999
2016,56,13,50.742,2.25833333333333,266.21,122.921666666667,1.39333333333333,67.9083333333333,8.60166666666666,991.42,50.742,2.25833333333333,266.21,122.921666666667,1.39333333333333,67.9083333333333,8.60166666666666,991.42
2016,56,14,55.6656666666667,-0.215,161.148333333333,74.775,1.52,66.9866666666667,8.795,991.983333333333,55.6656666666667,-0.215,161.148333333333,74.775,1.52,66.9866666666667,8.795,991.983333333333
2016,56,15,63.2616666666667,18.0416666666667,224.765,102.888333333333,2.08666666666667,64.53,8.08166666666667,992.686666666667,63.2616666666667,18.0416666666667,224.765,102.888333333333,2.08666666666667,64.53,8.08166666666667,992.686666666667
2016,56,16,72.6425,117.265,157.421666666667,83.09,2.595,61.7716666666667,7.38166666666667,993.223333333333,72.6425,117.265,157.421666666667,83.09,2.595,61.7716666666667,7.38166666666667,993.223333333333
2016,56,17,83.0628333333333,0.62,34.7916666666667,15.0683333333333,2.37333333333333,67.12,5.325,993.926666666666,83.0628333333333,0.62,34.7916666666667,15.0683333333333,2.37333333333333,67.12,5.325,993.926666666666
2016,56,18,94.2695,1.63,0.888333333333333,0.411666666666667,1.88166666666667,73.18,3.93666666666667,994.696666666667,94.2695,1.63,0.888333333333333,0.411666666666667,1.88166666666667,73.18,3.93666666666667,994.696666666667
2016,56,19,105.793166666667,1.855,0,0,1.47,77.035,3.39666666666667,995.35,105.793166666667,1.855,0,0,1.47,77.035,3.39666666666667,995.35
2016,56,20,117.162166666667,2.00166666666667,0,0,1.37666666666667,74.1183333333333,5.16,995.773333333334,117.162166666667,2.00166666666667,0,0,1.37666666666667,74.1183333333333,5.16,995.773333333334
2016,56,21,128.061,1.995,-0.00166666666666667,0,1.06333333333333,76.4433333333334,4.61333333333333,996.328333333333,128.061,1.995,-0.00166666666666667,0,1.06333333333333,76.4433333333334,4.61333333333333,996.328333333333
2016,56,22,137.827,1.45333333333333,-0.025,0,0.731666666666667,74.7216666666666,5.12333333333333,996.89,137.827,1.45333333333333,-0.025,0,0.731666666666667,74.7216666666666,5.12333333333333,996.89
2016,56,23,145.266666666667,1.98,0,0,0.696666666666666,71.385,5.085,997.089999999999,145.266666666667,1.98,0,0,0.696666666666666,71.385,5.085,997.089999999999
2016,57,0,148.584,2.025,0,0,0.499999999999999,75.6133333333333,4.565,997.253333333334,148.584,2.025,0,0,0.499999999999999,75.6133333333333,4.565,997.253333333334
2016,57,1,146.530333333333,1.86666666666667,0,0,0.208333333333333,79.4033333333334,5.37166666666667,997.64,146.530333333333,1.86666666666667,0,0,0.208333333333333,79.4033333333334,5.37166666666667,997.64
2016,57,2,139.915333333333,1.33,0,0,-0.065,79.085,5.85666666666667,997.971666666667,139.915333333333,1.33,0,0,-0.065,79.085,5.85666666666667,997.971666666667
2016,57,3,130.574166666667,0.586666666666666,0,0,-0.711666666666666,78.5583333333333,5.97666666666666,998.098333333332,130.574166666667,0.586666666666666,0,0,-0.711666666666666,78.5583333333333,5.97666666666666,998.098333333332
2016,57,4,119.865833333333,1.03833333333333,0,0,-1.83833333333333,83.3616666666667,4.49833333333333,998.303333333334,119.865833333333,1.03833333333333,0,0,-1.83833333333333,83.3616666666667,4.49833333333333,998.303333333334
2016,57,5,108.552833333333,2.34,0,0,-2.57666666666667,87.0733333333334,3.675,998.798333333334,108.552833333333,2.34,0,0,-2.57666666666667,87.0733333333334,3.675,998.798333333334
2016,57,6,97.0871666666667,2.63166666666667,0.67,0.2,-3.04833333333333,87.645,3.74166666666667,999.258333333334,97.0871666666667,2.63166666666667,0.67,0.2,-3.04833333333333,87.645,3.74166666666667,999.258333333334
2016,57,7,85.5783333333333,299.175,41.9983333333333,31.6729166666667,-3.02333333333333,87.3883333333334,3.835,999.725,85.5783333333333,299.175,41.9983333333333,31.6729166666667,-3.02333333333333,87.3883333333334,3.835,999.725
2016,57,8,74.9996666666667,251.523333333333,126.19,78.7933333333333,-2.21166666666667,83.4216666666667,4.69833333333334,1000.45,74.9996666666667,251.523333333333,126.19,78.7933333333333,-2.21166666666667,83.4216666666667,4.69833333333334,1000.45
2016,57,9,65.2493333333333,500.865,167.893333333333,159.128333333333,-1.39333333333333,77.7883333333333,4.24833333333333,1000.83,65.2493333333333,500.865,167.893333333333,159.128333333333,-1.39333333333333,77.7883333333333,4.24833333333333,1000.83
2016,57,10,57.0778333333333,742.528333333333,167.208333333333,237.246666666667,-0.205,67.2666666666667,3.37833333333333,1000.98166666667,57.0778333333333,742.528333333333,167.208333333333,237.246666666667,-0.205,67.2666666666667,3.37833333333333,1000.98166666667
2016,57,11,51.3458333333333,326.9,341.193333333333,230.243333333333,0.576666666666667,56.69,3.645,1000.74166666667,51.3458333333333,326.9,341.193333333333,230.243333333333,0.576666666666667,56.69,3.645,1000.74166666667
2016,57,12,48.9536666666667,39.6933333333333,371.986666666667,175.33,0.693333333333334,55.265,4.08666666666667,1000.06,48.9536666666667,39.6933333333333,371.986666666667,175.33,0.693333333333334,55.265,4.08666666666667,1000.06
2016,57,13,50.3885,0.218333333333333,214.541666666667,98.1933333333333,0.443333333333333,61.33,4.84666666666666,999.275,50.3885,0.218333333333333,214.541666666667,98.1933333333333,0.443333333333333,61.33,4.84666666666666,999.275
2016,57,14,55.3476666666667,0.338333333333333,130.543333333333,61.28,0.395,66.1466666666666,6.24666666666667,998.679999999999,55.3476666666667,0.338333333333333,130.543333333333,61.28,0.395,66.1466666666666,6.24666666666667,998.679999999999
2016,57,15,62.9831666666667,0.15,81.905,39.015,0.221666666666666,69.285,6.22666666666667,998.310000000001,62.9831666666667,0.15,81.905,39.015,0.221666666666666,69.285,6.22666666666667,998.310000000001
2016,57,16,72.3965,-0.168333333333333,58.8983333333333,27.5416666666667,0.0866666666666667,70.7983333333333,6.11833333333334,997.928333333334,72.3965,-0.168333333333333,58.8983333333333,27.5416666666667,0.0866666666666667,70.7983333333333,6.11833333333334,997.928333333334
2016,57,17,82.8461666666667,-0.133333333333333,24.975,11.18,-0.328333333333333,73.075,6.21666666666667,997.733333333332,82.8461666666667,-0.133333333333333,24.975,11.18,-0.328333333333333,73.075,6.21666666666667,997.733333333332
2016,57,18,94.0548333333333,3.04666666666666,0.931666666666666,0.388333333333333,-0.570000000000001,73.98,4.90833333333333,997.815000000001,94.0548333333333,3.04666666666666,0.931666666666666,0.388333333333333,-0.570000000000001,73.98,4.90833333333333,997.815000000001
2016,57,19,105.587166666667,1.62333333333333,-0.236666666666667,0,-0.841666666666667,77.4283333333333,2.69833333333333,997.778333333334,105.587166666667,1.62333333333333,-0.236666666666667,0,-0.841666666666667,77.4283333333333,2.69833333333333,997.778333333334
2016,57,20,116.948166666667,2.19666666666667,-0.0116666666666667,0,-1.24333333333333,80.74,2.155,997.44,116.948166666667,2.19666666666667,-0.0116666666666667,0,-1.24333333333333,80.74,2.155,997.44
2016,57,21,127.8255,1.35,-0.00333333333333333,0,-1.745,86.54,3.125,997.206666666666,127.8255,1.35,-0.00333333333333333,0,-1.745,86.54,3.125,997.206666666666
2016,57,22,137.551166666667,1.295,0,0,-2.17166666666667,87.7216666666666,3.09,997.081666666666,137.551166666667,1.295,0,0,-2.17166666666667,87.7216666666666,3.09,997.081666666666
2016,57,23,144.939333333333,1.54666666666667,0,0,-2.41,86.8266666666667,3.18666666666667,996.643333333333,144.939333333333,1.54666666666667,0,0,-2.41,86.8266666666667,3.18666666666667,996.643333333333
2016,58,0,148.214333333333,1.6,0,0,-2.67666666666667,88.2316666666667,3.11166666666667,996.101666666667,148.214333333333,1.6,0,0,-2.67666666666667,88.2316666666667,3.11166666666667,996.101666666667
2016,58,1,146.164,1.58333333333333,0,0,-2.775,88.0316666666667,3.385,995.778333333333,146.164,1.58333333333333,0,0,-2.775,88.0316666666667,3.385,995.778333333333
2016,58,2,139.582,1.48666666666667,0,0,-2.885,88.8716666666667,3.67,995.255,139.582,1.48666666666667,0,0,-2.885,88.8716666666667,3.67,995.255
2016,58,3,130.273166666667,1.31166666666667,0,0,-2.87166666666667,89.045,4.05833333333333,994.359999999999,130.273166666667,1.31166666666667,0,0,-2.87166666666667,89.045,4.05833333333333,994.359999999999
2016,58,4,119.586166666667,1.24666666666667,0,0,-2.75166666666667,88.525,3.95333333333333,993.713333333332,119.586166666667,1.24666666666667,0,0,-2.75166666666667,88.525,3.95333333333333,993.713333333332
2016,58,5,108.282,1.535,0,0,-2.79666666666667,89.3133333333333,3.63666666666667,993.699999999999,108.282,1.535,0,0,-2.79666666666667,89.3133333333333,3.63666666666667,993.699999999999
2016,58,6,96.8166666666667,1.575,0.518333333333333,0.216666666666667,-2.61833333333333,89.28,3.82333333333333,993.698333333332,96.8166666666667,1.575,0.518333333333333,0.216666666666667,-2.61833333333333,89.28,3.82333333333333,993.698333333332
2016,58,7,85.3013333333333,251.051666666667,29.39,23.235,-2.02166666666667,88.6566666666667,4.98,993.445000000001,85.3013333333333,251.051666666667,29.39,23.235,-2.02166666666667,88.6566666666667,4.98,993.445000000001
2016,58,8,74.7036666666667,607.511666666667,73.2416666666667,96.3883333333333,-0.311666666666667,87.2483333333333,6.94833333333333,993.086666666667,74.7036666666667,607.511666666667,73.2416666666667,96.3883333333333,-0.311666666666667,87.2483333333333,6.94833333333333,993.086666666667
2016,58,9,64.9276666666667,795.483333333333,85.41,175.148333333333,1.64833333333333,81.24,7.015,992.933333333333,64.9276666666667,795.483333333333,85.41,175.148333333333,1.64833333333333,81.24,7.015,992.933333333333
2016,58,10,56.7298333333333,880.226666666667,90.3833333333333,238.558333333333,3.56,73.5766666666667,8.335,992.326666666667,56.7298333333333,880.226666666667,90.3833333333333,238.558333333333,3.56,73.5766666666667,8.335,992.326666666667
2016,58,11,50.9753333333333,911.243333333333,96.33,278.536666666667,5.45,69.1533333333334,7.42,991.934999999999,50.9753333333333,911.243333333333,96.33,278.536666666667,5.45,69.1533333333334,7.42,991.934999999999
2016,58,12,48.5788333333333,921.796666666667,98.5583333333333,294.175,7.36666666666667,63.085,6.99333333333333,991.836666666666,48.5788333333333,921.796666666667,98.5583333333333,294.175,7.36666666666667,63.085,6.99333333333333,991.836666666666
2016,58,13,50.034,910.451666666667,97.2433333333334,282.791666666667,8.625,60.76,8.25333333333334,990.745,50.034,910.451666666667,97.2433333333334,282.791666666667,8.625,60.76,8.25333333333334,990.745
2016,58,14,55.0305,901.145,86.01,248.125,9.90166666666666,57.1633333333333,8.72333333333333,989.635,55.0305,901.145,86.01,248.125,9.90166666666666,57.1633333333333,8.72333333333333,989.635
2016,58,15,62.7051666666667,862.93,72.5266666666667,191.473333333333,10.9133333333333,52.2066666666667,8.16833333333333,988.896666666666,62.7051666666667,862.93,72.5266666666667,191.473333333333,10.9133333333333,52.2066666666667,8.16833333333333,988.896666666666
2016,58,16,72.1528333333333,758.036666666667,56.41,116.23,11.475,48.375,7.86,988.451666666667,72.1528333333333,758.036666666667,56.41,116.23,11.475,48.375,7.86,988.451666666667
2016,58,17,82.63,449.096666666667,33.8916666666667,43.6104166666667,10.7483333333333,56.7466666666667,6.54,988.238333333333,82.63,449.096666666667,33.8916666666667,43.6104166666667,10.7483333333333,56.7466666666667,6.54,988.238333333333
2016,58,18,93.8415,15.4916666666667,2.74,1.36666666666667,8.015,69.9183333333333,5.44166666666667,987.940000000001,93.8415,15.4916666666667,2.74,1.36666666666667,8.015,69.9183333333333,5.44166666666667,987.940000000001
2016,58,19,105.382833333333,-0.28,-0.02,0,6.76166666666667,74.21,6.24166666666667,987.696666666666,105.382833333333,-0.28,-0.02,0,6.76166666666667,74.21,6.24166666666667,987.696666666666
2016,58,20,116.734833333333,0.00499999999999992,0,0,6.24833333333334,72.1866666666667,6.145,987.395000000001,116.734833333333,0.00499999999999992,0,0,6.24833333333334,72.1866666666667,6.145,987.395000000001
2016,58,21,127.588666666667,0.09,0,0,5.67333333333333,72.745,6.32833333333333,987.328333333333,127.588666666667,0.09,0,0,5.67333333333333,72.745,6.32833333333333,987.328333333333
2016,58,22,137.275833333333,0.15,0,0,5.29,74.19,5.74166666666666,986.968333333334,137.275833333333,0.15,0,0,5.29,74.19,5.74166666666666,986.968333333334
2016,58,23,144.609166666667,0.0133333333333333,0,0,4.55,77.82,6.18,986.43,144.609166666667,0.0133333333333333,0,0,4.55,77.82,6.18,986.43
2016,59,0,147.843666666667,0.491666666666667,0,0,4.51833333333333,79.14,5.98166666666667,985.828333333334,147.843666666667,0.491666666666667,0,0,4.51833333333333,79.14,5.98166666666667,985.828333333334
2016,59,1,145.794166666667,0.881666666666666,0,0,4.68833333333333,79.8133333333333,6.44666666666667,985.185,145.794166666667,0.881666666666666,0,0,4.68833333333333,79.8133333333333,6.44666666666667,985.185
2016,59,2,139.245833333333,1.06,0,0,5.52333333333333,76.6583333333333,7.50333333333333,984.438333333333,139.245833333333,1.06,0,0,5.52333333333333,76.6583333333333,7.50333333333333,984.438333333333
2016,59,3,129.969333333333,0.396666666666667,0,0,6.08666666666667,73.4116666666667,7.50166666666667,983.68,129.969333333333,0.396666666666667,0,0,6.08666666666667,73.4116666666667,7.50166666666667,983.68
2016,59,4,119.302833333333,0.0533333333333331,0,0,6.29166666666666,72.9883333333334,7.50333333333333,983.423333333334,119.302833333333,0.0533333333333331,0,0,6.29166666666666,72.9883333333334,7.50333333333333,983.423333333334
2016,59,5,108.009333333333,0.476666666666667,0,0,5.615,76.6233333333333,7.425,983.115,108.009333333333,0.476666666666667,0,0,5.615,76.6233333333333,7.425,983.115
2016,59,6,96.5426666666667,0.0533333333333333,0.613333333333333,0.3,5.43666666666667,77.625,7.92333333333333,982.435,96.5426666666667,0.0533333333333333,0.613333333333333,0.3,5.43666666666667,77.625,7.92333333333333,982.435
2016,59,7,85.0115,326.603333333333,25.1716666666667,24.755,5.92666666666666,76.735,8.76666666666667,981.809999999999,85.0115,326.603333333333,25.1716666666667,24.755,5.92666666666666,76.735,8.76666666666667,981.809999999999
2016,59,8,74.4051666666667,692.925,54.19,98.6366666666667,8.30833333333333,71.0533333333333,10.7983333333333,981.480000000001,74.4051666666667,692.925,54.19,98.6366666666667,8.30833333333333,71.0533333333333,10.7983333333333,981.480000000001
2016,59,9,64.6046666666667,799.865,81.3133333333333,175.636666666667,10.8116666666667,66.245,12.4283333333333,980.79,64.6046666666667,799.865,81.3133333333333,175.636666666667,10.8116666666667,66.245,12.4283333333333,980.79
2016,59,10,56.3795,808.808333333333,105.911666666667,231.406666666667,13.89,58.5566666666667,14.9733333333333,979.491666666667,56.3795,808.808333333333,105.911666666667,231.406666666667,13.89,58.5566666666667,14.9733333333333,979.491666666667
2016,59,11,50.6028333333333,803.475,129.633333333333,269.005,15.5516666666667,55.3783333333333,15.8566666666667,978.35,50.6028333333333,803.475,129.633333333333,269.005,15.5516666666667,55.3783333333333,15.8566666666667,978.35
2016,59,12,48.2023333333333,812.175,136.82,285.405,16.7183333333333,52.8983333333333,16.25,976.758333333333,48.2023333333333,812.175,136.82,285.405,16.7183333333333,52.8983333333333,16.25,976.758333333333
2016,59,13,49.6775,744.341666666667,165.34,273.651666666667,17.6816666666667,49.3,16.59,975.563333333334,49.6775,744.341666666667,165.34,273.651666666667,17.6816666666667,49.3,16.59,975.563333333334
2016,59,14,54.7125,331.268333333333,239.923333333333,189.586666666667,17.58,48.6816666666667,16.6916666666667,974.866666666667,54.7125,331.268333333333,239.923333333333,189.586666666667,17.58,48.6816666666667,16.6916666666667,974.866666666667
2016,59,15,62.4271666666667,11.75,140.281666666667,66.9683333333333,17.2516666666667,52.0816666666667,13.58,975.003333333333,62.4271666666667,11.75,140.281666666667,66.9683333333333,17.2516666666667,52.0816666666667,13.58,975.003333333333
2016,59,16,71.9081666666667,-1.145,8.98166666666667,4.99833333333333,16.29,57.8416666666667,10.2766666666667,975.146666666667,71.9081666666667,-1.145,8.98166666666667,4.99833333333333,16.29,57.8416666666667,10.2766666666667,975.146666666667
2016,59,17,82.4121666666667,43.17,19.085,5.92142857142857,15.4083333333333,63.7633333333334,7.99333333333333,975.763333333333,82.4121666666667,43.17,19.085,5.92142857142857,15.4083333333333,63.7633333333334,7.99333333333333,975.763333333333
2016,59,18,93.6298333333333,-0.681666666666667,1.60166666666667,0.886666666666666,14.5016666666667,66.925,6.54333333333333,976.188333333334,93.6298333333333,-0.681666666666667,1.60166666666667,0.886666666666666,14.5016666666667,66.925,6.54333333333333,976.188333333334
2016,59,19,105.177333333333,-0.324561403508772,-0.248333333333333,0,12.9216666666667,64.4933333333333,11.485,977.875,105.177333333333,-0.324561403508772,-0.248333333333333,0,12.9216666666667,64.4933333333333,11.485,977.875
2016,59,20,116.520833333333,-1.255,-0.13,0,9.91666666666666,68.115,13.7133333333333,979.435,116.520833333333,-1.255,-0.13,0,9.91666666666666,68.115,13.7133333333333,979.435
2016,59,21,127.351,-1.00833333333333,-0.26,0,6.59,78.9566666666667,14.845,981.366666666667,127.351,-1.00833333333333,-0.26,0,6.59,78.9566666666667,14.845,981.366666666667
2016,59,22,136.9975,0.411666666666667,0,0,4.99166666666667,78.2866666666667,12.0216666666667,983.39,136.9975,0.411666666666667,0,0,4.99166666666667,78.2866666666667,12.0216666666667,983.39
2016,59,23,144.278,0.56,0,0,4.115,76.54,12.2866666666667,984.795,144.278,0.56,0,0,4.115,76.54,12.2866666666667,984.795
2016,60,0,147.4695,0.799999999999999,0,0,3.7,76.6866666666667,10.2583333333333,986.023333333333,147.4695,0.799999999999999,0,0,3.7,76.6866666666667,10.2583333333333,986.023333333333
2016,60,1,145.422333333333,0.799999999999999,0,0,3.46666666666667,75.0483333333334,9.54,987.155,145.422333333333,0.799999999999999,0,0,3.46666666666667,75.0483333333334,9.54,987.155
2016,60,2,138.905,0.911666666666666,0,0,3.03333333333333,75.57,7.90833333333333,987.903333333334,138.905,0.911666666666666,0,0,3.03333333333333,75.57,7.90833333333333,987.903333333334
2016,60,3,129.661,0.716666666666666,0,0,2.03666666666667,78.4966666666667,6.20166666666667,988.176666666666,129.661,0.716666666666666,0,0,2.03666666666667,78.4966666666667,6.20166666666667,988.176666666666
2016,60,4,119.016333333333,1.8,0,0,1.47166666666667,81.5583333333333,4.10166666666667,988.788333333334,119.016333333333,1.8,0,0,1.47166666666667,81.5583333333333,4.10166666666667,988.788333333334
2016,60,5,107.731833333333,0.906666666666666,0,0,0.323333333333333,85.5416666666667,3.42,988.963333333333,107.731833333333,0.906666666666666,0,0,0.323333333333333,85.5416666666667,3.42,988.963333333333
2016,60,6,96.2538333333333,1.07,0.733333333333333,0.356666666666667,-0.52,89.8366666666667,3.77833333333333,989.54,96.2538333333333,1.07,0.733333333333333,0.356666666666667,-0.52,89.8366666666667,3.77833333333333,989.54
2016,60,7,84.7408333333333,368.368333333333,25.2683333333333,27.1066666666667,-0.0216666666666667,86.8466666666667,5.06833333333333,990.406666666667,84.7408333333333,368.368333333333,25.2683333333333,27.1066666666667,-0.0216666666666667,86.8466666666667,5.06833333333333,990.406666666667
2016,60,8,74.1021666666667,685.963333333333,61.3966666666667,102.401666666667,1.44666666666667,82.455,4.45333333333333,990.746666666667,74.1021666666667,685.963333333333,61.3966666666667,102.401666666667,1.44666666666667,82.455,4.45333333333333,990.746666666667
2016,60,9,64.278,836.698333333334,71.1883333333333,181.218333333333,3.35833333333333,76.99,6.07833333333333,990.818333333334,64.278,836.698333333334,71.1883333333333,181.218333333333,3.35833333333333,76.99,6.07833333333333,990.818333333334
2016,60,10,56.0256666666667,915.81,77.46,245.305,5.58666666666667,69.5983333333333,6.92833333333333,990.696666666666,56.0256666666667,915.81,77.46,245.305,5.58666666666667,69.5983333333333,6.92833333333333,990.696666666666
2016,60,11,50.2278333333333,572.045,164.31,222.64,7.415,61.435,7.44166666666667,990.386666666667,50.2278333333333,572.045,164.31,222.64,7.415,61.435,7.44166666666667,990.386666666667
2016,60,12,47.8231666666667,900.815,88.3966666666667,288.096666666667,9.525,51.53,8.90333333333334,989.903333333334,47.8231666666667,900.815,88.3966666666667,288.096666666667,9.525,51.53,8.90333333333334,989.903333333334
2016,60,13,49.3211666666667,960.263333333333,75.925,290.986666666667,11.3883333333333,43.6833333333333,8.9,988.99,49.3211666666667,960.263333333333,75.925,290.986666666667,11.3883333333333,43.6833333333333,8.9,988.99
2016,60,14,54.3938333333333,935.651666666667,73.6416666666667,256.79,12.65,39.8216666666667,9.77833333333333,988.376666666667,54.3938333333333,935.651666666667,73.6416666666667,256.79,12.65,39.8216666666667,9.77833333333333,988.376666666667
2016,60,15,62.1486666666667,868.815,68.6383333333333,196.798333333333,13.51,39.9683333333333,9.52333333333333,987.890000000001,62.1486666666667,868.815,68.6383333333333,196.798333333333,13.51,39.9683333333333,9.52333333333333,987.890000000001
2016,60,16,71.665,679.26,67.7766666666667,117.448333333333,13.76,38.8833333333333,9.17,987.723333333332,71.665,679.26,67.7766666666667,117.448333333333,13.76,38.8833333333333,9.17,987.723333333332
2016,60,17,82.1955,309.703333333333,46.1466666666667,39.0833333333333,12.7116666666667,47.0983333333333,7.53333333333333,987.604999999999,82.1955,309.703333333333,46.1466666666667,39.0833333333333,12.7116666666667,47.0983333333333,7.53333333333333,987.604999999999
2016,60,18,93.4178333333333,-1.24,2.675,1.30333333333333,9.98333333333333,59.185,5.10333333333333,987.791666666666,93.4178333333333,-1.24,2.675,1.30333333333333,9.98333333333333,59.185,5.10333333333333,987.791666666666
2016,60,19,104.971,-0.115,-0.115,0,8.72833333333333,63.3983333333333,2.31166666666667,988.351666666667,104.971,-0.115,-0.115,0,8.72833333333333,63.3983333333333,2.31166666666667,988.351666666667
2016,60,20,116.3055,0.605,-0.186666666666667,0,8.74166666666667,62.3033333333334,1.29666666666667,988.098333333334,116.3055,0.605,-0.186666666666667,0,8.74166666666667,62.3033333333334,1.29666666666667,988.098333333334
2016,60,21,127.1125,-0.726666666666666,-0.135,0,7.62166666666666,66.3716666666667,4.68,987.520000000001,127.1125,-0.726666666666666,-0.135,0,7.62166666666666,66.3716666666667,4.68,987.520000000001
2016,60,22,136.7185,-0.0366666666666664,-0.085,0,6.77833333333334,68.095,3.93166666666667,987.366666666666,136.7185,-0.0366666666666664,-0.085,0,6.77833333333334,68.095,3.93166666666667,987.366666666666
2016,60,23,143.944333333333,-0.585,-0.163333333333333,0,5.99166666666667,71.0916666666667,3.77166666666667,987.213333333333,143.944333333333,-0.585,-0.163333333333333,0,5.99166666666667,71.0916666666667,3.77166666666667,987.213333333333
2016,61,0,147.0945,1.19,-0.0166666666666667,0,5.70666666666667,73.8133333333333,3.88333333333333,986.390000000001,147.0945,1.19,-0.0166666666666667,0,5.70666666666667,73.8133333333333,3.88333333333333,986.390000000001
2016,61,1,145.047333333333,0.183333333333333,-0.04,0,5.38,75.2633333333333,4.61333333333333,985.511666666667,145.047333333333,0.183333333333333,-0.04,0,5.38,75.2633333333333,4.61333333333333,985.511666666667
2016,61,2,138.561666666667,1.515,-0.0466666666666667,0,6.00666666666667,71.015,4.43,984.485,138.561666666667,1.515,-0.0466666666666667,0,6.00666666666667,71.015,4.43,984.485
2016,61,3,129.3495,-0.353333333333333,-0.193333333333333,0,5.17166666666667,74.8533333333333,4.52833333333333,983.811666666667,129.3495,-0.353333333333333,-0.193333333333333,0,5.17166666666667,74.8533333333333,4.52833333333333,983.811666666667
2016,61,4,118.7255,0.688333333333334,-0.0233333333333333,0,4.80166666666667,76.2133333333333,3.41833333333333,983.206666666666,118.7255,0.688333333333334,-0.0233333333333333,0,4.80166666666667,76.2133333333333,3.41833333333333,983.206666666666
2016,61,5,107.451833333333,0.566666666666666,-0.02,0,4.355,79.8833333333333,3.80666666666667,982.223333333333,107.451833333333,0.566666666666666,-0.02,0,4.355,79.8833333333333,3.80666666666667,982.223333333333
2016,61,6,95.9498333333333,0.806666666666666,0.0933333333333333,0.0633333333333333,4.305,82.0783333333333,3.94,981.453333333333,95.9498333333333,0.806666666666666,0.0933333333333333,0.0633333333333333,4.305,82.0783333333333,3.94,981.453333333333
2016,61,7,84.4666666666667,1.64166666666667,17.8216666666667,8.09833333333333,5.25666666666667,79.7483333333333,4.64166666666667,980.353333333334,84.4666666666667,1.64166666666667,17.8216666666667,8.09833333333333,5.25666666666667,79.7483333333333,4.64166666666667,980.353333333334
2016,61,8,73.7983333333333,1.94,68.67,31.5433333333333,6.89,72.785,4.38666666666667,979.866666666666,73.7983333333333,1.94,68.67,31.5433333333333,6.89,72.785,4.38666666666667,979.866666666666
2016,61,9,63.9498333333333,1.00333333333333,80.5133333333333,38.285,8.05833333333333,72.0933333333333,5.12333333333333,979.046666666667,63.9498333333333,1.00333333333333,80.5133333333333,38.285,8.05833333333333,72.0933333333333,5.12333333333333,979.046666666667
2016,61,10,55.67,-0.275,91.2516666666667,44.84,8.48166666666667,78.42,7.705,979.066666666667,55.67,-0.275,91.2516666666667,44.84,8.48166666666667,78.42,7.705,979.066666666667
2016,61,11,49.8498333333333,-3.61,81.5866666666667,41.4166666666667,2.71833333333333,88.9033333333333,12.135,980.506666666667,49.8498333333333,-3.61,81.5866666666667,41.4166666666667,2.71833333333333,88.9033333333333,12.135,980.506666666667
2016,61,12,47.4428333333333,-0.435,52.0933333333333,28.3883333333333,0.521666666666667,90.955,13.1066666666667,981.463333333334,47.4428333333333,-0.435,52.0933333333333,28.3883333333333,0.521666666666667,90.955,13.1066666666667,981.463333333334
2016,61,13,48.9633333333333,0.653333333333333,73.6316666666667,37.4133333333333,-0.305,88.5866666666666,13.6466666666667,982.545,48.9633333333333,0.653333333333333,73.6316666666667,37.4133333333333,-0.305,88.5866666666666,13.6466666666667,982.545
2016,61,14,54.0751666666667,0.591666666666667,114.118333333333,54.8416666666667,-1.28,87.3166666666667,13.8116666666667,984.115,54.0751666666667,0.591666666666667,114.118333333333,54.8416666666667,-1.28,87.3166666666667,13.8116666666667,984.115
2016,61,15,61.8728333333333,0.915,70.33,33.5933333333333,-2.28166666666667,84.3333333333334,13.6566666666667,986.07,61.8728333333333,0.915,70.33,33.5933333333333,-2.28166666666667,84.3333333333334,13.6566666666667,986.07
2016,61,16,71.4215,1.2,40.9233333333333,19.3533333333333,-2.72,79.29,12.9283333333333,987.601666666667,71.4215,1.2,40.9233333333333,19.3533333333333,-2.72,79.29,12.9283333333333,987.601666666667
2016,61,17,81.9801666666667,0.415,15.6666666666667,7.16166666666667,-2.86333333333333,74.8716666666666,12.1283333333333,989.08,81.9801666666667,0.415,15.6666666666667,7.16166666666667,-2.86333333333333,74.8716666666666,12.1283333333333,989.08
2016,61,18,93.1926666666667,1.24833333333333,1.43166666666667,0.768333333333333,-3.205,73.6783333333333,10.9366666666667,990.578333333333,93.1926666666667,1.24833333333333,1.43166666666667,0.768333333333333,-3.205,73.6783333333333,10.9366666666667,990.578333333333
2016,61,19,104.7665,1.615,-0.055,0,-3.18833333333333,74.2733333333333,9.075,991.78,104.7665,1.615,-0.055,0,-3.18833333333333,74.2733333333333,9.075,991.78
2016,61,20,116.090666666667,1.81166666666667,-0.0266666666666667,0,-3.23,70.5466666666667,8.685,992.501666666667,116.090666666667,1.81166666666667,-0.0266666666666667,0,-3.23,70.5466666666667,8.685,992.501666666667
2016,61,21,126.873333333333,2,0.01,0,-3.15166666666667,71.1433333333333,6.86333333333333,993.074999999999,126.873333333333,2,0.01,0,-3.15166666666667,71.1433333333333,6.86333333333333,993.074999999999
2016,61,22,136.4375,2,0.00666666666666667,0,-2.92,71.99,6.27,993.328333333334,136.4375,2,0.00666666666666667,0,-2.92,71.99,6.27,993.328333333334
2016,61,23,143.609833333333,1.92333333333333,-0.00333333333333333,0,-2.79666666666667,69.3516666666667,7.22833333333333,993.551666666666,143.609833333333,1.92333333333333,-0.00333333333333333,0,-2.79666666666667,69.3516666666667,7.22833333333333,993.551666666666
2016,62,0,146.717166666667,1.87666666666667,-0.125,0,-3.09333333333333,70.94,6.61166666666667,993.949999999999,146.717166666667,1.87666666666667,-0.125,0,-3.09333333333333,70.94,6.61166666666667,993.949999999999
2016,62,1,144.6705,1.28333333333333,0,0,-3.845,73.36,7.09,994.506666666666,144.6705,1.28333333333333,0,0,-3.845,73.36,7.09,994.506666666666
2016,62,2,138.2145,1.54,0,0,-4.48833333333333,75.5716666666667,6.53166666666667,994.955,138.2145,1.54,0,0,-4.48833333333333,75.5716666666667,6.53166666666667,994.955
2016,62,3,129.0345,1.54666666666667,0.01,0,-4.99833333333333,77.9083333333334,6.03166666666667,995.261666666667,129.0345,1.54666666666667,0.01,0,-4.99833333333333,77.9083333333334,6.03166666666667,995.261666666667
2016,62,4,118.431666666667,1.02666666666667,-0.0216666666666667,0,-6.13,79.1,5.13166666666667,995.783333333333,118.431666666667,1.02666666666667,-0.0216666666666667,0,-6.13,79.1,5.13166666666667,995.783333333333
2016,62,5,107.167,2.82,-0.248333333333333,0,-6.96166666666667,77.4433333333333,3.455,995.961666666667,107.167,2.82,-0.248333333333333,0,-6.96166666666667,77.4433333333333,3.455,995.961666666667
2016,62,6,95.6576666666667,6.23,0.923333333333333,0.543333333333333,-7.48000000000001,81.1183333333333,2.38666666666667,996.381666666666,95.6576666666667,6.23,0.923333333333333,0.543333333333333,-7.48000000000001,81.1183333333333,2.38666666666667,996.381666666666
2016,62,7,84.1875,459.658333333333,27.1716666666667,32.6448275862069,-7.04833333333333,78.5066666666667,1.86833333333333,996.671666666666,84.1875,459.658333333333,27.1716666666667,32.6448275862069,-7.04833333333333,78.5066666666667,1.86833333333333,996.671666666666
2016,62,8,73.4915,777.218333333333,56.8966666666667,113.635593220339,-5.8,68.7366666666667,2.66166666666667,997.678333333334,73.4915,777.218333333333,56.8966666666667,113.635593220339,-5.8,68.7366666666667,2.66166666666667,997.678333333334
2016,62,9,63.6185,794.796666666667,96.7066666666667,187.613333333333,-4.62833333333333,66.34,3.04333333333333,997.983333333333,63.6185,794.796666666667,96.7066666666667,187.613333333333,-4.62833333333333,66.34,3.04333333333333,997.983333333333
2016,62,10,55.3121666666667,906.301666666667,89.205,252.27,-3.71166666666667,59.765,3.12333333333333,997.781666666666,55.3121666666667,906.301666666667,89.205,252.27,-3.71166666666667,59.765,3.12333333333333,997.781666666666
2016,62,11,49.4693333333333,1007.925,67.57,298.011666666667,-2.195,47.215,2.68166666666667,997.116666666666,49.4693333333333,1007.925,67.57,298.011666666667,-2.195,47.215,2.68166666666667,997.116666666666
2016,62,12,47.06,995.581666666667,77.425,312.381666666667,-0.711666666666667,38.9366666666667,2.94166666666667,996.471666666667,47.06,995.581666666667,77.425,312.381666666667,-0.711666666666667,38.9366666666667,2.94166666666667,996.471666666667
2016,62,13,48.6035,792.763333333333,157.871666666667,284.221666666667,0.231666666666667,33.2083333333333,4.40333333333333,995.905,48.6035,792.763333333333,157.871666666667,284.221666666667,0.231666666666667,33.2083333333333,4.40333333333333,995.905
2016,62,14,53.7576666666667,255.626666666667,267.716666666667,183.116666666667,0.803333333333333,34.8533333333333,4.01,994.751666666667,53.7576666666667,255.626666666667,267.716666666667,183.116666666667,0.803333333333333,34.8533333333333,4.01,994.751666666667
2016,62,15,61.5961666666667,153.955,276.62,149.545,1.375,37.3666666666667,4.74,994.101666666667,61.5961666666667,153.955,276.62,149.545,1.375,37.3666666666667,4.74,994.101666666667
2016,62,16,71.1788333333333,385.953333333333,176.726666666667,122.926666666667,2.06,41.4516666666667,4.53666666666667,993.413333333334,71.1788333333333,385.953333333333,176.726666666667,122.926666666667,2.06,41.4516666666667,4.53666666666667,993.413333333334
2016,62,17,81.7635,33.78,47.8216666666667,24.6366666666667,1.98,45.2516666666667,4.92166666666667,993.375,81.7635,33.78,47.8216666666667,24.6366666666667,1.98,45.2516666666667,4.92166666666667,993.375
2016,62,18,92.9825,0.296666666666667,1.46833333333333,0.78,1.65,55.4883333333334,4.07,993.589999999999,92.9825,0.296666666666667,1.46833333333333,0.78,1.65,55.4883333333334,4.07,993.589999999999
2016,62,19,104.561333333333,1.04166666666667,0,0,1.5,59.7583333333333,2.785,993.813333333334,104.561333333333,1.04166666666667,0,0,1.5,59.7583333333333,2.785,993.813333333334
2016,62,20,115.874833333333,0.416666666666666,-0.321666666666667,0,1.30166666666667,63.3533333333333,4.16833333333333,993.143333333334,115.874833333333,0.416666666666666,-0.321666666666667,0,1.30166666666667,63.3533333333333,4.16833333333333,993.143333333334
2016,62,21,126.632666666667,0.609999999999999,-0.356666666666667,0,1.32833333333333,64.39,4.62833333333333,993.055,126.632666666667,0.609999999999999,-0.356666666666667,0,1.32833333333333,64.39,4.62833333333333,993.055
2016,62,22,136.155333333333,0.716666666666667,-0.0383333333333333,0,1.235,68.6516666666667,3.75166666666667,993.699999999999,136.155333333333,0.716666666666667,-0.0383333333333333,0,1.235,68.6516666666667,3.75166666666667,993.699999999999
2016,62,23,143.272666666667,0.41,-0.353333333333333,0,1.035,72.2216666666667,4.96,993.118333333333,143.272666666667,0.41,-0.353333333333333,0,1.035,72.2216666666667,4.96,993.118333333333
2016,63,0,146.338333333333,0.428333333333333,-0.351666666666667,0,0.968333333333333,73.555,5.81166666666667,992.413333333333,146.338333333333,0.428333333333333,-0.351666666666667,0,0.968333333333333,73.555,5.81166666666667,992.413333333333
2016,63,1,144.290666666667,0.436666666666666,-0.31,0,1.00166666666667,76.0833333333333,5.37833333333333,992.515,144.290666666667,0.436666666666666,-0.31,0,1.00166666666667,76.0833333333333,5.37833333333333,992.515
2016,63,2,137.864833333333,0.411666666666666,-0.303333333333334,0,1.00666666666667,76.9016666666667,6.33666666666667,991.706666666667,137.864833333333,0.411666666666666,-0.303333333333334,0,1.00666666666667,76.9016666666667,6.33666666666667,991.706666666667
2016,63,3,128.716,0.0583333333333333,-0.343333333333333,0,0.945,74.985,7.20166666666667,989.871666666666,128.716,0.0583333333333333,-0.343333333333333,0,0.945,74.985,7.20166666666667,989.871666666666
2016,63,4,118.135333333333,0.688333333333333,-0.0633333333333334,0,0.761666666666666,75.495,6.465,989.913333333333,118.135333333333,0.688333333333333,-0.0633333333333334,0,0.761666666666666,75.495,6.465,989.913333333333
2016,63,5,106.8815,0.479999999999999,-0.303333333333333,0,0.983333333333333,74.985,5.665,989.443333333335,106.8815,0.479999999999999,-0.303333333333333,0,0.983333333333333,74.985,5.665,989.443333333335
2016,63,6,95.352,0.808333333333333,-0.0166666666666666,0.0933333333333333,0.95,76.4333333333333,5.45,989.211666666666,95.352,0.808333333333333,-0.0166666666666666,0.0933333333333333,0.95,76.4333333333333,5.45,989.211666666666
2016,63,7,83.9046666666667,0.89,8.48333333333333,4.095,1.285,75.5166666666667,5.795,989.141666666667,83.9046666666667,0.89,8.48333333333333,4.095,1.285,75.5166666666667,5.795,989.141666666667
2016,63,8,73.182,-0.12,17.2633333333333,8.96333333333333,1.49833333333333,78.3133333333333,4.22333333333334,989.643333333333,73.182,-0.12,17.2633333333333,8.96333333333333,1.49833333333333,78.3133333333333,4.22333333333334,989.643333333333
2016,63,9,63.2855,1.125,20.18,11.0583333333333,1.52666666666667,88.805,3.18166666666667,990.026666666667,63.2855,1.125,20.18,11.0583333333333,1.52666666666667,88.805,3.18166666666667,990.026666666667
2016,63,10,54.9528333333333,2.60666666666667,43.8633333333333,23.0666666666667,1.755,92.075,2.205,990.171666666666,54.9528333333333,2.60666666666667,43.8633333333333,23.0666666666667,1.755,92.075,2.205,990.171666666666
2016,63,11,49.0876666666667,0.988333333333333,80.1433333333333,41.0866666666667,2.42833333333333,92.2366666666667,3.78166666666667,990.19,49.0876666666667,0.988333333333333,80.1433333333333,41.0866666666667,2.42833333333333,92.2366666666667,3.78166666666667,990.19
2016,63,12,46.6768333333333,0.835,94.4733333333333,47.1333333333333,3.035,90.835,3.84833333333333,989.646666666667,46.6768333333333,0.835,94.4733333333333,47.1333333333333,3.035,90.835,3.84833333333333,989.646666666667
2016,63,13,48.2445,0.763333333333333,70.0416666666667,35.29,3.65333333333333,90.9116666666666,2.67833333333333,989.031666666667,48.2445,0.763333333333333,70.0416666666667,35.29,3.65333333333333,90.9116666666666,2.67833333333333,989.031666666667
2016,63,14,53.4386666666667,0.745,76.0333333333333,38.47,3.96666666666667,92.5666666666667,2.35333333333333,988.800000000001,53.4386666666667,0.745,76.0333333333333,38.47,3.96666666666667,92.5666666666667,2.35333333333333,988.800000000001
2016,63,15,61.3196666666667,0.673333333333333,57.5866666666667,28.9583333333333,4.17833333333333,93.7766666666667,2.83666666666667,988.695,61.3196666666667,0.673333333333333,57.5866666666667,28.9583333333333,4.17833333333333,93.7766666666667,2.83666666666667,988.695
2016,63,16,70.9376666666667,0.295,27.705,14.195,4.28333333333334,93.8766666666667,2.07833333333333,988.815000000001,70.9376666666667,0.295,27.705,14.195,4.28333333333334,93.8766666666667,2.07833333333333,988.815000000001
2016,63,17,81.5483333333333,-0.706666666666667,8.32166666666667,4.24333333333333,2.94166666666667,94.9916666666666,4.59666666666667,989.44,81.5483333333333,-0.706666666666667,8.32166666666667,4.24333333333333,2.94166666666667,94.9916666666666,4.59666666666667,989.44
2016,63,18,92.7735,0.883333333333334,0.326666666666666,0.193333333333333,1.34833333333333,95.575,7.00833333333333,990.536666666667,92.7735,0.883333333333334,0.326666666666666,0.193333333333333,1.34833333333333,95.575,7.00833333333333,990.536666666667
2016,63,19,104.354833333333,2.21833333333333,-0.025,0,0.598333333333333,95.0816666666667,7.04833333333333,991.548333333334,104.354833333333,2.21833333333333,-0.025,0,0.598333333333333,95.0816666666667,7.04833333333333,991.548333333334
2016,63,20,115.658833333333,2.53333333333333,-0.00333333333333333,0,0.201666666666667,94.4600000000001,6.275,991.9,115.658833333333,2.53333333333333,-0.00333333333333333,0,0.201666666666667,94.4600000000001,6.275,991.9
2016,63,21,126.391333333333,2.59333333333333,0,0,0.035,93.4033333333334,6.545,992.431666666667,126.391333333333,2.59333333333333,0,0,0.035,93.4033333333334,6.545,992.431666666667
2016,63,22,135.871,2.33166666666667,0,0,-0.09,90.985,7.46166666666667,993.321666666668,135.871,2.33166666666667,0,0,-0.09,90.985,7.46166666666667,993.321666666668
2016,63,23,142.9345,1.755,0,0,-0.335,90.46,7.22,993.594999999999,142.9345,1.755,0,0,-0.335,90.46,7.22,993.594999999999
2016,64,0,145.957333333333,1.64833333333333,0,0,-0.486666666666667,88.6716666666667,7.32333333333333,993.925,145.957333333333,1.64833333333333,0,0,-0.486666666666667,88.6716666666667,7.32333333333333,993.925
2016,64,1,143.908166666667,1.76333333333333,0,0,-0.411666666666667,86.29,6.89166666666667,994.668333333333,143.908166666667,1.76333333333333,0,0,-0.411666666666667,86.29,6.89166666666667,994.668333333333
2016,64,2,137.512333333333,1.725,0,0,-0.311666666666667,82.4333333333333,6.685,994.585,137.512333333333,1.725,0,0,-0.311666666666667,82.4333333333333,6.685,994.585
2016,64,3,128.395166666667,1.79666666666667,0,0,-0.398333333333333,82.8416666666667,5.88166666666667,994.438333333334,128.395166666667,1.79666666666667,0,0,-0.398333333333333,82.8416666666667,5.88166666666667,994.438333333334
2016,64,4,117.834666666667,1.75166666666667,0,0,-0.476666666666667,80.3516666666667,5.82833333333333,994.88,117.834666666667,1.75166666666667,0,0,-0.476666666666667,80.3516666666667,5.82833333333333,994.88
2016,64,5,106.592333333333,1.76,-0.015,0,-0.985000000000001,78.2766666666667,3.79166666666667,995.566666666668,106.592333333333,1.76,-0.015,0,-0.985000000000001,78.2766666666667,3.79166666666667,995.566666666668
2016,64,6,95.0586666666667,4.91,1.57333333333333,0.746666666666667,-1.89,84.3233333333333,3.305,996.066666666667,95.0586666666667,4.91,1.57333333333333,0.746666666666667,-1.89,84.3233333333333,3.305,996.066666666667
2016,64,7,83.6195,426.451666666667,29.9683333333333,33.5866666666667,-2.12666666666667,82.1466666666667,3.38166666666667,996.763333333334,83.6195,426.451666666667,29.9683333333333,33.5866666666667,-2.12666666666667,82.1466666666667,3.38166666666667,996.763333333334
2016,64,8,72.871,761.696666666667,56.58,113.713333333333,-1.46166666666667,75.185,3.28166666666667,997.39,72.871,761.696666666667,56.58,113.713333333333,-1.46166666666667,75.185,3.28166666666667,997.39
2016,64,9,62.9505,883.843333333334,71.1266666666667,193.575,-0.526666666666667,68.5733333333333,2.96833333333333,998.091666666666,62.9505,883.843333333334,71.1266666666667,193.575,-0.526666666666667,68.5733333333333,2.96833333333333,998.091666666666
2016,64,10,54.5898333333333,900.915,94.25,253.34,0.315,58.8916666666667,3.08,997.578333333334,54.5898333333333,900.915,94.25,253.34,0.315,58.8916666666667,3.08,997.578333333334
2016,64,11,48.7041666666667,904.985,123.846666666667,297.928333333333,1.555,53.7783333333333,2.05,997.56,48.7041666666667,904.985,123.846666666667,297.928333333333,1.555,53.7783333333333,2.05,997.56
2016,64,12,46.2913333333333,657.75,241.198333333333,291.636666666667,2.71166666666667,55.1966666666667,1.72166666666667,997.559999999999,46.2913333333333,657.75,241.198333333333,291.636666666667,2.71166666666667,55.1966666666667,1.72166666666667,997.559999999999
2016,64,13,47.884,416.918333333333,342.206666666667,264.175,3.40166666666667,57.065,1.62333333333333,997.13,47.884,416.918333333333,342.206666666667,264.175,3.40166666666667,57.065,1.62333333333333,997.13
2016,64,14,53.1208333333333,334.195,309.6,214.715,3.94333333333333,56.1316666666667,1.6,996.516666666667,53.1208333333333,334.195,309.6,214.715,3.94333333333333,56.1316666666667,1.6,996.516666666667
2016,64,15,61.0448333333333,391.131666666667,212.2,171.248333333333,4.30333333333333,55.6666666666667,1.90666666666667,995.361666666667,61.0448333333333,391.131666666667,212.2,171.248333333333,4.30333333333333,55.6666666666667,1.90666666666667,995.361666666667
2016,64,16,70.6971666666667,417.676666666667,131.171666666667,111.038333333333,4.335,58.9183333333333,3.15833333333333,994.67,70.6971666666667,417.676666666667,131.171666666667,111.038333333333,4.335,58.9183333333333,3.15833333333333,994.67
2016,64,17,81.3333333333333,102.935,58.0866666666667,33.4783333333333,4.11166666666667,61.7916666666667,3.00333333333333,994.435,81.3333333333333,102.935,58.0866666666667,33.4783333333333,4.11166666666667,61.7916666666667,3.00333333333333,994.435
2016,64,18,92.5636666666667,0.186666666666667,3.60833333333333,1.775,3.04833333333333,70.8716666666666,3.42833333333333,994.134999999999,92.5636666666667,0.186666666666667,3.60833333333333,1.775,3.04833333333333,70.8716666666666,3.42833333333333,994.134999999999
2016,64,19,104.150333333333,0.0616666666666667,-0.173333333333333,0,2.12666666666667,75.9283333333333,3.19166666666667,994.353333333334,104.150333333333,0.0616666666666667,-0.173333333333333,0,2.12666666666667,75.9283333333333,3.19166666666667,994.353333333334
2016,64,20,115.4425,0.858333333333332,0,0,1.41166666666667,81.1183333333333,4.025,994.028333333334,115.4425,0.858333333333332,0,0,1.41166666666667,81.1183333333333,4.025,994.028333333334
2016,64,21,126.149333333333,1.14833333333333,0,0,1.31333333333333,81.065,3.72333333333333,993.868333333333,126.149333333333,1.14833333333333,0,0,1.31333333333333,81.065,3.72333333333333,993.868333333333
2016,64,22,135.586333333333,1.45833333333333,0,0,1.385,83.5116666666667,3.21833333333333,994.275,135.586333333333,1.45833333333333,0,0,1.385,83.5116666666667,3.21833333333333,994.275
2016,64,23,142.594666666667,1.08333333333333,0,0,1.46,87.1833333333334,3.82333333333333,994.168333333333,142.594666666667,1.08333333333333,0,0,1.46,87.1833333333334,3.82333333333333,994.168333333333
2016,65,0,145.575333333333,0.753333333333332,0,0,1.24166666666667,89.4516666666667,4.32166666666667,993.451666666666,145.575333333333,0.753333333333332,0,0,1.24166666666667,89.4516666666667,4.32166666666667,993.451666666666
2016,65,1,143.525,0.821666666666668,0,0,1.15833333333333,90.3583333333333,4.60333333333333,992.935,143.525,0.821666666666668,0,0,1.15833333333333,90.3583333333333,4.60333333333333,992.935
2016,65,2,137.156833333333,0.844999999999999,0,0,1.19166666666667,91.3283333333333,4.29666666666667,992.593333333333,137.156833333333,0.844999999999999,0,0,1.19166666666667,91.3283333333333,4.29666666666667,992.593333333333
2016,65,3,128.070333333333,0.746666666666666,0,0,1.09166666666667,92.845,5.00666666666667,991.981666666667,128.070333333333,0.746666666666666,0,0,1.09166666666667,92.845,5.00666666666667,991.981666666667
2016,65,4,117.532333333333,1.07333333333333,0,0,1.225,93.88,4.305,991.848333333334,117.532333333333,1.07333333333333,0,0,1.225,93.88,4.305,991.848333333334
2016,65,5,106.298833333333,0.799999999999999,0,0,1.59833333333333,93.34,4.96833333333333,992.053333333333,106.298833333333,0.799999999999999,0,0,1.59833333333333,93.34,4.96833333333333,992.053333333333
2016,65,6,94.7505,0.856666666666667,0.483333333333333,0.275,1.73,94.0966666666667,5.02,992.148333333333,94.7505,0.856666666666667,0.483333333333333,0.275,1.73,94.0966666666667,5.02,992.148333333333
2016,65,7,83.3306666666667,0.963333333333334,19.7466666666667,9.10333333333333,1.92333333333333,93.7716666666666,4.45833333333333,992.206666666666,83.3306666666667,0.963333333333334,19.7466666666667,9.10333333333333,1.92333333333333,93.7716666666666,4.45833333333333,992.206666666666
2016,65,8,72.5576666666667,1.84166666666667,87.3583333333333,38.91,2.45166666666667,91.0266666666667,4.74,992.738333333334,72.5576666666667,1.84166666666667,87.3583333333333,38.91,2.45166666666667,91.0266666666667,4.74,992.738333333334
2016,65,9,62.6136666666667,20.9516666666667,239.001666666667,107.945,3.26166666666667,85.87,4,992.655,62.6136666666667,20.9516666666667,239.001666666667,107.945,3.26166666666667,85.87,4,992.655
2016,65,10,54.226,1.63333333333333,254.615,113.161666666667,4.08833333333333,81.6066666666667,5.05,993.018333333333,54.226,1.63333333333333,254.615,113.161666666667,4.08833333333333,81.6066666666667,5.05,993.018333333333
2016,65,11,48.319,1.37833333333333,267.823333333333,120.2,5.17833333333333,71.1483333333333,7.25333333333333,993.443333333333,48.319,1.37833333333333,267.823333333333,120.2,5.17833333333333,71.1483333333333,7.25333333333333,993.443333333333
2016,65,12,45.9043333333333,0.991666666666666,240.711666666667,108.841666666667,5.50166666666667,66.82,7.735,993.746666666666,45.9043333333333,0.991666666666666,240.711666666667,108.841666666667,5.50166666666667,66.82,7.735,993.746666666666
2016,65,13,47.5235,5.67166666666667,229.765,105.333333333333,5.84166666666667,63.6233333333333,7.645,993.806666666667,47.5235,5.67166666666667,229.765,105.333333333333,5.84166666666667,63.6233333333333,7.645,993.806666666667
2016,65,14,52.8033333333333,0.145,155.023333333333,71.4316666666666,5.64833333333334,68.4433333333333,7.76166666666667,994.445,52.8033333333333,0.145,155.023333333333,71.4316666666666,5.64833333333334,68.4433333333333,7.76166666666667,994.445
2016,65,15,60.7705,0.42,100.428333333333,46.7516666666667,5.70833333333333,69.1333333333334,7.66166666666667,995.311666666667,60.7705,0.42,100.428333333333,46.7516666666667,5.70833333333333,69.1333333333334,7.66166666666667,995.311666666667
2016,65,16,70.4573333333333,0.055,43.5166666666667,20.5216666666667,5.60833333333333,69.73,7.02166666666667,995.933333333333,70.4573333333333,0.055,43.5166666666667,20.5216666666667,5.60833333333333,69.73,7.02166666666667,995.933333333333
2016,65,17,81.1196666666667,-0.288333333333333,17.615,8.21166666666667,5.09666666666666,72.255,6.92333333333333,996.745,81.1196666666667,-0.288333333333333,17.615,8.21166666666667,5.09666666666666,72.255,6.92333333333333,996.745
2016,65,18,92.355,0.765,1.05833333333333,0.63,4.63833333333333,75.0783333333333,5.79333333333333,997.511666666667,92.355,0.765,1.05833333333333,0.63,4.63833333333333,75.0783333333333,5.79333333333333,997.511666666667
2016,65,19,103.945333333333,0.701666666666667,-0.38,0,4.06333333333333,77.8933333333333,4.73833333333333,998.256666666667,103.945333333333,0.701666666666667,-0.38,0,4.06333333333333,77.8933333333333,4.73833333333333,998.256666666667
2016,65,20,115.225,1.24333333333333,-0.161666666666667,0,3.70666666666666,79.775,3.23333333333333,998.614999999999,115.225,1.24333333333333,-0.161666666666667,0,3.70666666666666,79.775,3.23333333333333,998.614999999999
2016,65,21,125.906166666667,1.50833333333333,-0.131666666666667,0,3.505,71.52,3.58833333333333,998.85,125.906166666667,1.50833333333333,-0.131666666666667,0,3.505,71.52,3.58833333333333,998.85
2016,65,22,135.300666666667,2.50833333333333,0,0,3.235,73.8016666666667,2.36833333333333,999.288333333334,135.300666666667,2.50833333333333,0,0,3.235,73.8016666666667,2.36833333333333,999.288333333334
2016,65,23,142.254,1.70166666666667,-0.00333333333333333,0,3.17833333333333,75.435,2.47166666666667,999.385000000001,142.254,1.70166666666667,-0.00333333333333333,0,3.17833333333333,75.435,2.47166666666667,999.385000000001
2016,66,0,145.192166666667,2.56,0,0,2.95166666666667,75.4,2.24333333333333,999.598333333334,145.192166666667,2.56,0,0,2.95166666666667,75.4,2.24333333333333,999.598333333334
2016,66,1,143.1395,1.64333333333333,-0.00666666666666667,0,3.005,69.0883333333333,1.59,999.991666666666,143.1395,1.64333333333333,-0.00666666666666667,0,3.005,69.0883333333333,1.59,999.991666666666
2016,66,2,136.799,0.979999999999999,-0.0166666666666667,0,2.93833333333334,66.4183333333333,1.13666666666667,999.933333333334,136.799,0.979999999999999,-0.0166666666666667,0,2.93833333333334,66.4183333333333,1.13666666666667,999.933333333334
2016,66,3,127.743,-0.583333333333333,-0.295,0,2.31333333333333,69.9083333333333,2.075,999.166666666666,127.743,-0.583333333333333,-0.295,0,2.31333333333333,69.9083333333333,2.075,999.166666666666
2016,66,4,117.226833333333,1.405,0,0,2.23,70.7816666666667,2.28666666666667,999.253333333335,117.226833333333,1.405,0,0,2.23,70.7816666666667,2.28666666666667,999.253333333335
2016,66,5,106.005,0.0783333333333333,-0.151666666666667,0,1.06166666666667,78.39,3.15,999.366666666667,106.005,0.0783333333333333,-0.151666666666667,0,1.06166666666667,78.39,3.15,999.366666666667
2016,66,6,94.4541666666667,2.87166666666667,2.225,1.07,-0.323333333333333,91.26,3.72666666666667,999.313333333333,94.4541666666667,2.87166666666667,2.225,1.07,-0.323333333333333,91.26,3.72666666666667,999.313333333333
2016,66,7,83.0381666666667,224.251666666667,52.4166666666667,34.9266666666667,-0.381666666666667,93.515,4.11833333333333,999.191666666668,83.0381666666667,224.251666666667,52.4166666666667,34.9266666666667,-0.381666666666667,93.515,4.11833333333333,999.191666666668
2016,66,8,72.2421666666667,495.681666666667,118.248333333333,108.178333333333,1.31,87.685,5.295,999.559999999999,72.2421666666667,495.681666666667,118.248333333333,108.178333333333,1.31,87.685,5.295,999.559999999999
2016,66,9,62.2748333333333,668.851666666667,158.88,191.615,3.25,81.16,6.89333333333333,999.209999999999,62.2748333333333,668.851666666667,158.88,191.615,3.25,81.16,6.89333333333333,999.209999999999
2016,66,10,53.8601666666667,432.538333333333,275.98,220.78,4.92666666666667,72.21,7.465,998.245,53.8601666666667,432.538333333333,275.98,220.78,4.92666666666667,72.21,7.465,998.245
2016,66,11,47.9315,506.361666666667,285.426666666667,262.008333333333,6.32333333333333,67.0783333333333,8.36,997.116666666666,47.9315,506.361666666667,285.426666666667,262.008333333333,6.32333333333333,67.0783333333333,8.36,997.116666666666
2016,66,12,45.5156666666667,777.688333333333,175.823333333333,298.581666666667,7.79833333333333,64.7566666666667,8.475,996.051666666666,45.5156666666667,777.688333333333,175.823333333333,298.581666666667,7.79833333333333,64.7566666666667,8.475,996.051666666666
2016,66,13,47.1621666666667,795.311666666666,173.901666666667,295.976666666667,9.46833333333333,58.5383333333333,8.265,994.691666666667,47.1621666666667,795.311666666666,173.901666666667,295.976666666667,9.46833333333333,58.5383333333333,8.265,994.691666666667
2016,66,14,52.4853333333333,500.208333333333,294.89,252.721666666667,10.6833333333333,54.1783333333333,9.125,993.405,52.4853333333333,500.208333333333,294.89,252.721666666667,10.6833333333333,54.1783333333333,9.125,993.405
2016,66,15,60.4961666666667,337.438333333333,258.146666666667,175.316666666667,11.6583333333333,50.36,9.39333333333333,992.036666666667,60.4961666666667,337.438333333333,258.146666666667,175.316666666667,11.6583333333333,50.36,9.39333333333333,992.036666666667
2016,66,16,70.2178333333333,80.5583333333334,113.836666666667,62.3666666666667,11.605,52.6716666666667,8.915,991.336666666666,70.2178333333333,80.5583333333334,113.836666666667,62.3666666666667,11.605,52.6716666666667,8.915,991.336666666666
2016,66,17,80.9051666666667,-0.348333333333333,38.1966666666667,16.945,10.995,56.6166666666667,8.55,990.841666666667,80.9051666666667,-0.348333333333333,38.1966666666667,16.945,10.995,56.6166666666667,8.55,990.841666666667
2016,66,18,92.1465,-0.613333333333333,1.915,0.953333333333333,10.3366666666667,58.88,8.205,990.696666666666,92.1465,-0.613333333333333,1.915,0.953333333333333,10.3366666666667,58.88,8.205,990.696666666666
2016,66,19,103.738833333333,-0.346666666666667,0,0,9.50666666666667,62.3966666666667,8.185,990.196666666666,103.738833333333,-0.346666666666667,0,0,9.50666666666667,62.3966666666667,8.185,990.196666666666
2016,66,20,115.008833333333,0.125,0,0,9.4,62.5483333333333,9.30666666666667,990.115,115.008833333333,0.125,0,0,9.4,62.5483333333333,9.30666666666667,990.115
2016,66,21,125.662333333333,-0.633333333333333,-0.136666666666667,0,8.83166666666667,65.0633333333333,8.52,990.098333333332,125.662333333333,-0.633333333333333,-0.136666666666667,0,8.83166666666667,65.0633333333333,8.52,990.098333333332
2016,66,22,135.013333333333,-0.00166666666666671,-0.00166666666666667,0,8.24166666666666,66.0566666666667,7.12,989.748333333333,135.013333333333,-0.00166666666666671,-0.00166666666666667,0,8.24166666666666,66.0566666666667,7.12,989.748333333333
2016,66,23,141.9115,-0.418333333333333,-0.00833333333333333,0,7.96666666666666,65.2533333333333,7.69333333333334,988.965,141.9115,-0.418333333333333,-0.00833333333333333,0,7.96666666666666,65.2533333333333,7.69333333333334,988.965
2016,67,0,144.807333333333,-0.0116666666666664,0,0,7.16333333333333,68.3116666666667,6.84,988.649999999999,144.807333333333,-0.0116666666666664,0,0,7.16333333333333,68.3116666666667,6.84,988.649999999999
2016,67,1,142.751166666667,0.188333333333333,0,0,7.61,66.1066666666667,6.60333333333333,988.564999999999,142.751166666667,0.188333333333333,0,0,7.61,66.1066666666667,6.60333333333333,988.564999999999
2016,67,2,136.438333333333,0.0333333333333333,0,0,7.36166666666667,68.335,5.68833333333333,988.274999999999,136.438333333333,0.0333333333333333,0,0,7.36166666666667,68.335,5.68833333333333,988.274999999999
2016,67,3,127.413333333333,0.0783333333333333,0,0,7.03333333333333,70.4283333333333,4.76666666666667,988.296666666667,127.413333333333,0.0783333333333333,0,0,7.03333333333333,70.4283333333333,4.76666666666667,988.296666666667
2016,67,4,116.9185,0.671666666666667,0,0,7.74166666666667,68.64,3.715,988.098333333333,116.9185,0.671666666666667,0,0,7.74166666666667,68.64,3.715,988.098333333333
2016,67,5,105.707166666667,-0.646666666666666,0.00666666666666667,0,8.965,65.415,6.37666666666667,988.12,105.707166666667,-0.646666666666666,0.00666666666666667,0,8.965,65.415,6.37666666666667,988.12
2016,67,6,94.1435,-1.59166666666667,0.535,0.246666666666667,8.07333333333333,74.3016666666667,6.585,988.438333333334,94.1435,-1.59166666666667,0.535,0.246666666666667,8.07333333333333,74.3016666666667,6.585,988.438333333334
2016,67,7,82.743,0.936666666666667,13.8816666666667,6.345,7.96333333333333,78.5233333333333,6.735,988.486666666667,82.743,0.936666666666667,13.8816666666667,6.345,7.96333333333333,78.5233333333333,6.735,988.486666666667
2016,67,8,71.925,0.708333333333333,18.3383333333333,9.465,9.07166666666667,76.715,7.07,988.901666666667,71.925,0.708333333333333,18.3383333333333,9.465,9.07166666666667,76.715,7.07,988.901666666667
2016,67,9,61.9345,1.29333333333333,49.5216666666667,24.23,9.48499999999999,85.5283333333333,7.065,988.905,61.9345,1.29333333333333,49.5216666666667,24.23,9.48499999999999,85.5283333333333,7.065,988.905
2016,67,10,53.4918333333333,0.798333333333333,83.3233333333333,40.15,9.90333333333333,84.2883333333333,5.50666666666667,989.088333333334,53.4918333333333,0.798333333333333,83.3233333333333,40.15,9.90333333333333,84.2883333333333,5.50666666666667,989.088333333334
2016,67,11,47.542,1.03166666666667,107.94,51.5583333333333,10.97,79.3566666666667,7.29333333333334,988.593333333333,47.542,1.03166666666667,107.94,51.5583333333333,10.97,79.3566666666667,7.29333333333334,988.593333333333
2016,67,12,45.1256666666667,1.075,109.263333333333,54.1933333333333,11.8583333333333,78.2133333333334,6.635,987.97,45.1256666666667,1.075,109.263333333333,54.1933333333333,11.8583333333333,78.2133333333334,6.635,987.97
2016,67,13,46.8011666666667,28.63,273.033333333333,133.728333333333,13.5816666666667,73.975,7.70333333333333,987.014999999999,46.8011666666667,28.63,273.033333333333,133.728333333333,13.5816666666667,73.975,7.70333333333333,987.014999999999
2016,67,14,52.1685,286.24,306.311666666667,211.976666666667,16.5616666666667,64.92,9.62333333333333,986.396666666666,52.1685,286.24,306.311666666667,211.976666666667,16.5616666666667,64.92,9.62333333333333,986.396666666666
2016,67,15,60.2235,230.85,241.015,157.953333333333,17.9666666666667,55.415,10.1933333333333,986.06,60.2235,230.85,241.015,157.953333333333,17.9666666666667,55.415,10.1933333333333,986.06
2016,67,16,69.9791666666667,0.316666666666666,94.5833333333333,43.71,17.265,56.0083333333333,8.35166666666667,985.865000000001,69.9791666666667,0.316666666666666,94.5833333333333,43.71,17.265,56.0083333333333,8.35166666666667,985.865000000001
2016,67,17,80.6921666666667,54.155,61.615,28.4322033898305,16.1466666666667,55.5366666666667,7.645,985.895,80.6921666666667,54.155,61.615,28.4322033898305,16.1466666666667,55.5366666666667,7.645,985.895
2016,67,18,91.9388333333333,-1.56666666666667,5.88333333333333,2.45333333333333,14.7466666666667,61.735,5.47,986.591666666665,91.9388333333333,-1.56666666666667,5.88333333333333,2.45333333333333,14.7466666666667,61.735,5.47,986.591666666665
2016,67,19,103.535333333333,-0.448333333333333,-0.0183333333333333,0,13.7016666666667,60.255,5.98833333333333,986.833333333334,103.535333333333,-0.448333333333333,-0.0183333333333333,0,13.7016666666667,60.255,5.98833333333333,986.833333333334
2016,67,20,114.790333333333,0.145,0,0,13.235,62.8933333333333,6.49,987.403333333334,114.790333333333,0.145,0,0,13.235,62.8933333333333,6.49,987.403333333334
2016,67,21,125.416833333333,-0.0716666666666667,0,0,12.9666666666667,63.325,6.9,987.606666666666,125.416833333333,-0.0716666666666667,0,0,12.9666666666667,63.325,6.9,987.606666666666
2016,67,22,134.724,0.0933333333333333,0,0,12.6383333333333,65.7083333333333,7.50666666666667,988.031666666666,134.724,0.0933333333333333,0,0,12.6383333333333,65.7083333333333,7.50666666666667,988.031666666666
2016,67,23,141.567666666667,0.833333333333333,0,0,13.4766666666667,72.9683333333333,8.195,988.113333333333,141.567666666667,0.833333333333333,0,0,13.4766666666667,72.9683333333333,8.195,988.113333333333
2016,68,0,144.42,0.08,0,0,13.3933333333333,77.6183333333334,6.645,988.220000000001,144.42,0.08,0,0,13.3933333333333,77.6183333333334,6.645,988.220000000001
2016,68,1,142.362666666667,-0.0566666666666667,0,0,13.255,77.18,5.78333333333333,988.643333333333,142.362666666667,-0.0566666666666667,0,0,13.255,77.18,5.78333333333333,988.643333333333
2016,68,2,136.076666666667,0.2,0,0,12.9783333333333,75.8533333333333,5.22,988.694999999999,136.076666666667,0.2,0,0,12.9783333333333,75.8533333333333,5.22,988.694999999999
2016,68,3,127.081166666667,-0.0633333333333333,0,0,12.9183333333333,75.9183333333334,4.05333333333333,988.836666666668,127.081166666667,-0.0633333333333333,0,0,12.9183333333333,75.9183333333334,4.05333333333333,988.836666666668
2016,68,4,116.607,-0.18,-0.0566666666666667,0,12.0866666666667,76.635,4.57833333333333,988.976666666667,116.607,-0.18,-0.0566666666666667,0,12.0866666666667,76.635,4.57833333333333,988.976666666667
2016,68,5,105.407666666667,0.0966666666666667,0,0,12.1033333333333,74.4483333333333,5.99833333333333,989.456666666666,105.407666666667,0.0966666666666667,0,0,12.1033333333333,74.4483333333333,5.99833333333333,989.456666666666
2016,68,6,93.8443333333333,1.02666666666667,2.76,0.947457627118644,11.9516666666667,71.4,7.35166666666667,989.664999999999,93.8443333333333,1.02666666666667,2.76,0.947457627118644,11.9516666666667,71.4,7.35166666666667,989.664999999999
2016,68,7,82.4453333333333,24.9316666666667,33.4616666666667,16.0816326530612,11.8483333333333,69.8633333333333,7.88166666666667,990.008333333333,82.4453333333333,24.9316666666667,33.4616666666667,16.0816326530612,11.8483333333333,69.8633333333333,7.88166666666667,990.008333333333
2016,68,8,71.606,94.5316666666667,159.963333333333,82.9683333333333,12.7166666666667,68.1666666666667,8.42833333333333,989.915000000001,71.606,94.5316666666667,159.963333333333,82.9683333333333,12.7166666666667,68.1666666666667,8.42833333333333,989.915000000001
2016,68,9,61.592,379.371666666667,176.273333333333,157.633333333333,15.1683333333333,66.6616666666667,10.685,989.355,61.592,379.371666666667,176.273333333333,157.633333333333,15.1683333333333,66.6616666666667,10.685,989.355
2016,68,10,53.1233333333333,247.566666666667,313.29,200.226666666667,16.355,66.9983333333333,11.8333333333333,989.293333333333,53.1233333333333,247.566666666667,313.29,200.226666666667,16.355,66.9983333333333,11.8333333333333,989.293333333333
2016,68,11,47.1526666666667,248.471666666667,316.535,213.763333333333,17.6533333333333,64.0466666666667,12.165,989.016666666666,47.1526666666667,248.471666666667,316.535,213.763333333333,17.6533333333333,64.0466666666667,12.165,989.016666666666
2016,68,12,44.736,58.5033333333334,331.93,170.941666666667,18.6766666666667,61.175,13.24,988.811666666666,44.736,58.5033333333334,331.93,170.941666666667,18.6766666666667,61.175,13.24,988.811666666666
2016,68,13,46.439,106.375,314.868333333333,174.255,19.2833333333333,59.1466666666667,12.09,987.926666666667,46.439,106.375,314.868333333333,174.255,19.2833333333333,59.1466666666667,12.09,987.926666666667
2016,68,14,51.8521666666667,721.66,171.51,266.181666666667,20.54,56.14,12.0033333333333,987.030000000001,51.8521666666667,721.66,171.51,266.181666666667,20.54,56.14,12.0033333333333,987.030000000001
2016,68,15,59.9513333333333,386.928333333333,183.961666666667,163.998333333333,20.82,56.5166666666667,11.655,986.776666666667,59.9513333333333,386.928333333333,183.961666666667,163.998333333333,20.82,56.5166666666667,11.655,986.776666666667
2016,68,16,69.743,442.231666666667,121.725,116.263333333333,20.8583333333333,56.9133333333333,10.055,986.338333333333,69.743,442.231666666667,121.725,116.263333333333,20.8583333333333,56.9133333333333,10.055,986.338333333333
2016,68,17,80.4801666666667,272.928333333333,56.89,45.5866666666667,19.93,61.3516666666667,8.47833333333333,986.008333333334,80.4801666666667,272.928333333333,56.89,45.5866666666667,19.93,61.3516666666667,8.47833333333333,986.008333333334
2016,68,18,91.7323333333333,3.88333333333333,4.76666666666667,2.74166666666667,18.41,69.0866666666666,7.48833333333333,986.116666666667,91.7323333333333,3.88333333333333,4.76666666666667,2.74166666666667,18.41,69.0866666666666,7.48833333333333,986.116666666667
2016,68,19,103.329333333333,-0.711666666666666,-0.133333333333333,0,17.1466666666667,73.9433333333333,7.665,986.875,103.329333333333,-0.711666666666666,-0.133333333333333,0,17.1466666666667,73.9433333333333,7.665,986.875
2016,68,20,114.5725,-0.801666666666667,-0.005,0,15.8533333333333,78.8266666666667,4.83666666666666,987.365,114.5725,-0.801666666666667,-0.005,0,15.8533333333333,78.8266666666667,4.83666666666666,987.365
2016,68,21,125.171166666667,-0.236666666666667,0,0,15.2566666666667,80.515,4.235,987.535,125.171166666667,-0.236666666666667,0,0,15.2566666666667,80.515,4.235,987.535
2016,68,22,134.434,0.291666666666667,0,0,15.2066666666667,80.62,5.20166666666667,987.096666666666,134.434,0.291666666666667,0,0,15.2066666666667,80.62,5.20166666666667,987.096666666666
2016,68,23,141.222,0.19,0,0,15.0066666666667,79.7116666666667,5.68666666666667,986.940000000001,141.222,0.19,0,0,15.0066666666667,79.7116666666667,5.68666666666667,986.940000000001
2016,69,0,144.034333333333,0.00499999999999996,0,0,15.01,78.085,6.405,986.326666666666,144.034333333333,0.00499999999999996,0,0,15.01,78.085,6.405,986.326666666666
2016,69,1,141.971166666667,0.97,0,0,15.86,72.0466666666667,8.275,984.84,141.971166666667,0.97,0,0,15.86,72.0466666666667,8.275,984.84
2016,69,2,135.7115,0.265,0,0,16.7516666666667,69.7233333333333,10.4333333333333,984.468333333333,135.7115,0.265,0,0,16.7516666666667,69.7233333333333,10.4333333333333,984.468333333333
2016,69,3,126.746166666667,-0.538333333333333,0,0,15.9366666666667,74.235,8.83833333333334,985.649999999999,126.746166666667,-0.538333333333333,0,0,15.9366666666667,74.235,8.83833333333334,985.649999999999
2016,69,4,116.294333333333,-0.743333333333333,0,0,14.7766666666667,79.69,4.09166666666667,986.233333333334,116.294333333333,-0.743333333333333,0,0,14.7766666666667,79.69,4.09166666666667,986.233333333334
2016,69,5,105.105833333333,0.388333333333333,0,0,14.56,80.7533333333333,5.39833333333333,986.641666666666,105.105833333333,0.388333333333333,0,0,14.56,80.7533333333333,5.39833333333333,986.641666666666
2016,69,6,93.5316666666667,0.518333333333333,1.62833333333333,0.786666666666667,15.1783333333333,79.2333333333334,6.60666666666667,986.938333333333,93.5316666666667,0.518333333333333,1.62833333333333,0.786666666666667,15.1783333333333,79.2333333333334,6.60666666666667,986.938333333333
2016,69,7,82.1451666666667,0.703333333333333,50.8316666666667,22.8066666666667,14.935,79.61,6.69666666666667,988.078333333333,82.1451666666667,0.703333333333333,50.8316666666667,22.8066666666667,14.935,79.61,6.69666666666667,988.078333333333
2016,69,8,71.2858333333333,8.43166666666666,139.005,64.315,15.8233333333333,80.605,7.63166666666667,988.833333333334,71.2858333333333,8.43166666666666,139.005,64.315,15.8233333333333,80.605,7.63166666666667,988.833333333334
2016,69,9,61.2486666666667,1.1,164.676666666667,76.95,16.535,78.8766666666667,8.67333333333333,988.333333333333,61.2486666666667,1.1,164.676666666667,76.95,16.535,78.8766666666667,8.67333333333333,988.333333333333
2016,69,10,52.7533333333333,1.47,154.93,74.1733333333333,17.3633333333333,73.4083333333333,9.12666666666667,988.456666666667,52.7533333333333,1.47,154.93,74.1733333333333,17.3633333333333,73.4083333333333,9.12666666666667,988.456666666667
2016,69,11,46.7613333333333,22.7783333333333,280.251666666667,138.228333333333,17.9666666666667,70.605,9.38,988.648333333333,46.7613333333333,22.7783333333333,280.251666666667,138.228333333333,17.9666666666667,70.605,9.38,988.648333333333
2016,69,12,44.3446666666667,5.07833333333333,310.421666666667,148.546666666667,18.595,67.9566666666667,9.46166666666667,989.158333333333,44.3446666666667,5.07833333333333,310.421666666667,148.546666666667,18.595,67.9566666666667,9.46166666666667,989.158333333333
2016,69,13,46.0768333333333,-0.156666666666667,161.598333333333,78.58,18.0316666666667,71.2266666666667,8.48833333333333,988.336666666667,46.0768333333333,-0.156666666666667,161.598333333333,78.58,18.0316666666667,71.2266666666667,8.48833333333333,988.336666666667
2016,69,14,51.5366666666667,0.385,170.305,82.7866666666667,17.9783333333333,72.11,7.07666666666667,987.795000000001,51.5366666666667,0.385,170.305,82.7866666666667,17.9783333333333,72.11,7.07666666666667,987.795000000001
2016,69,15,59.6811666666667,-0.945,79.1233333333333,38.3933333333333,17.9333333333333,72.9083333333333,5.24833333333333,987.341666666666,59.6811666666667,-0.945,79.1233333333333,38.3933333333333,17.9333333333333,72.9083333333333,5.24833333333333,987.341666666666
2016,69,16,69.5066666666667,-0.46,36.7183333333333,18.3883333333333,17.3466666666667,78.5783333333333,4.60333333333333,988.096666666667,69.5066666666667,-0.46,36.7183333333333,18.3883333333333,17.3466666666667,78.5783333333333,4.60333333333333,988.096666666667
2016,69,17,80.2686666666667,-0.0349999999999999,16.95,8.35166666666667,16.6416666666667,83.0066666666667,3.23666666666667,988.650000000001,80.2686666666667,-0.0349999999999999,16.95,8.35166666666667,16.6416666666667,83.0066666666667,3.23666666666667,988.650000000001
2016,69,18,91.5222033898305,-0.494915254237288,1.35254237288136,0.715254237288135,15.9508474576271,85.4728813559323,3.22033898305085,989.001694915254,91.5222033898305,-0.494915254237288,1.35254237288136,0.715254237288135,15.9508474576271,85.4728813559323,3.22033898305085,989.001694915254
2016,69,19,103.1255,-0.185,0,0,14.9583333333333,90.43,4.04333333333333,989.633333333333,103.1255,-0.185,0,0,14.9583333333333,90.43,4.04333333333333,989.633333333333
2016,69,20,114.3535,-0.09,0,0,14.46,92.61,3.52666666666667,990.366666666667,114.3535,-0.09,0,0,14.46,92.61,3.52666666666667,990.366666666667
2016,69,21,124.924833333333,0.0166666666666667,0,0,14.2133333333333,93.4000000000001,3.78666666666667,990.28,124.924833333333,0.0166666666666667,0,0,14.2133333333333,93.4000000000001,3.78666666666667,990.28
2016,69,22,134.143666666667,0.178333333333333,0,0,13.8966666666666,93.8066666666666,2.37666666666667,989.804999999999,134.143666666667,0.178333333333333,0,0,13.8966666666666,93.8066666666666,2.37666666666667,989.804999999999
2016,69,23,140.877,1.35333333333333,0,0,13.7583333333333,94.0400000000001,1.125,989.618333333333,140.877,1.35333333333333,0,0,13.7583333333333,94.0400000000001,1.125,989.618333333333
2016,70,0,143.6455,0.905,0,0,13.6783333333333,94.1716666666666,1.475,989.806666666668,143.6455,0.905,0,0,13.6783333333333,94.1716666666666,1.475,989.806666666668
2016,70,1,141.580166666667,-1.045,0,0,12.5216666666667,93.8533333333333,5.93833333333334,990.126666666666,141.580166666667,-1.045,0,0,12.5216666666667,93.8533333333333,5.93833333333334,990.126666666666
2016,70,2,135.344166666667,-1.265,0,0,10.41,91.0833333333333,6.4,990.388333333334,135.344166666667,-1.265,0,0,10.41,91.0833333333333,6.4,990.388333333334
2016,70,3,126.4085,0.21,0,0,9.81166666666668,90.855,5.39,990.168333333333,126.4085,0.21,0,0,9.81166666666668,90.855,5.39,990.168333333333
2016,70,4,115.979,0.325,0,0,9.57,90.145,5.06833333333333,990.475,115.979,0.325,0,0,9.57,90.145,5.06833333333333,990.475
2016,70,5,104.8035,0,0,0,9.205,85.13,5.14833333333334,990.576666666666,104.8035,0,0,0,9.205,85.13,5.14833333333334,990.576666666666
2016,70,6,93.2176666666667,0.626666666666667,0.638333333333333,0.331666666666667,8.99666666666666,84.5683333333333,3.79,990.601666666666,93.2176666666667,0.626666666666667,0.638333333333333,0.331666666666667,8.99666666666666,84.5683333333333,3.79,990.601666666666
2016,70,7,81.8438333333333,0.625,17.3816666666667,8.22166666666667,8.74666666666667,85.97,4.78,991.28,81.8438333333333,0.625,17.3816666666667,8.22166666666667,8.74666666666667,85.97,4.78,991.28
2016,70,8,70.9645,0.928333333333333,73.2966666666667,33.8616666666667,8.64166666666666,85.1,5.84333333333333,991.436666666667,70.9645,0.928333333333333,73.2966666666667,33.8616666666667,8.64166666666666,85.1,5.84333333333333,991.436666666667
2016,70,9,60.9045,0.968333333333333,88.14,43.2733333333333,8.875,84.76,6.55,992.195,60.9045,0.968333333333333,88.14,43.2733333333333,8.875,84.76,6.55,992.195
2016,70,10,52.382,0.596666666666667,112.383333333333,56.3966666666667,8.885,82.3216666666667,6.545,992.978333333334,52.382,0.596666666666667,112.383333333333,56.3966666666667,8.885,82.3216666666667,6.545,992.978333333334
2016,70,11,46.3683333333333,0.116666666666667,152.548333333333,75.975,8.985,82.0533333333333,6.77666666666667,993.145,46.3683333333333,0.116666666666667,152.548333333333,75.975,8.985,82.0533333333333,6.77666666666667,993.145
2016,70,12,43.9525,3.455,260.761666666667,123.398333333333,9.49,80.69,6.50833333333333,993.421666666666,43.9525,3.455,260.761666666667,123.398333333333,9.49,80.69,6.50833333333333,993.421666666666
2016,70,13,45.715,1.63,188.601666666667,91.8483333333333,9.91499999999999,79.015,6.18,993.03,45.715,1.63,188.601666666667,91.8483333333333,9.91499999999999,79.015,6.18,993.03
2016,70,14,51.2211666666667,0.395,99.815,50.7883333333333,9.79333333333333,80.3383333333333,6.02333333333333,992.85,51.2211666666667,0.395,99.815,50.7883333333333,9.79333333333333,80.3383333333333,6.02333333333333,992.85
2016,70,15,59.4116666666667,1.05,113.648333333333,55.1433333333333,9.87166666666666,78.92,5.07,993.071666666667,59.4116666666667,1.05,113.648333333333,55.1433333333333,9.87166666666666,78.92,5.07,993.071666666667
2016,70,16,69.2718333333333,0.296666666666667,44.1633333333333,22.095,10.045,77.9466666666667,4.895,993.098333333333,69.2718333333333,0.296666666666667,44.1633333333333,22.095,10.045,77.9466666666667,4.895,993.098333333333
2016,70,17,80.0568333333333,0.29,36.3233333333333,16.8016666666667,10.065,76.3983333333333,4.57666666666667,993.521666666666,80.0568333333333,0.29,36.3233333333333,16.8016666666667,10.065,76.3983333333333,4.57666666666667,993.521666666666
2016,70,18,91.3208333333333,-0.0233333333333333,2.24333333333333,1.03,9.68166666666667,77.5516666666667,3.55166666666666,994.176666666668,91.3208333333333,-0.0233333333333333,2.24333333333333,1.03,9.68166666666667,77.5516666666667,3.55166666666666,994.176666666668
2016,70,19,102.919166666667,0.0433333333333333,0,0,9.15,81.3966666666667,2.715,995.068333333333,102.919166666667,0.0433333333333333,0,0,9.15,81.3966666666667,2.715,995.068333333333
2016,70,20,114.135166666667,-0.371666666666667,-0.0816666666666667,0,8.33666666666667,84.3383333333333,3.21166666666667,995.763333333333,114.135166666667,-0.371666666666667,-0.0816666666666667,0,8.33666666666667,84.3383333333333,3.21166666666667,995.763333333333
2016,70,21,124.6775,-0.1,0,0,7.54166666666667,84.2266666666667,2.70666666666667,996.078333333334,124.6775,-0.1,0,0,7.54166666666667,84.2266666666667,2.70666666666667,996.078333333334
2016,70,22,133.851166666667,-0.05,0,0,6.86333333333333,85.49,3.06666666666667,997.143333333333,133.851166666667,-0.05,0,0,6.86333333333333,85.49,3.06666666666667,997.143333333333
2016,70,23,140.528666666667,1.03666666666667,0,0,6.74,80.9333333333333,2.405,997.976666666667,140.528666666667,1.03666666666667,0,0,6.74,80.9333333333333,2.405,997.976666666667
2016,71,0,143.256333333333,1.41,0,0,6.20666666666666,82.1083333333333,2.79333333333333,998.386666666667,143.256333333333,1.41,0,0,6.20666666666666,82.1083333333333,2.79333333333333,998.386666666667
2016,71,1,141.186333333333,0.950000000000001,0,0,5.08,87.8866666666667,3.23833333333333,998.59,141.186333333333,0.950000000000001,0,0,5.08,87.8866666666667,3.23833333333333,998.59
2016,71,2,134.975666666667,2.17166666666666,0,0,4.45333333333333,89.7666666666667,2.70833333333333,998.903333333333,134.975666666667,2.17166666666666,0,0,4.45333333333333,89.7666666666667,2.70833333333333,998.903333333333
2016,71,3,126.069833333333,1.58333333333333,0,0,3.85,90.9616666666666,3.31333333333333,998.75,126.069833333333,1.58333333333333,0,0,3.85,90.9616666666666,3.31333333333333,998.75
2016,71,4,115.6615,1.055,0,0,3.22166666666667,92.09,3.28,999.748333333333,115.6615,1.055,0,0,3.22166666666667,92.09,3.28,999.748333333333
2016,71,5,104.496666666667,2.31166666666667,0,0,2.58,92.8916666666667,3.09166666666667,1000.58833333333,104.496666666667,2.31166666666667,0,0,2.58,92.8916666666667,3.09166666666667,1000.58833333333
2016,71,6,92.9153333333333,2.70666666666667,2.72166666666667,1.28,2.47333333333333,92.26,3.555,1001.17833333333,92.9153333333333,2.70666666666667,2.72166666666667,1.28,2.47333333333333,92.26,3.555,1001.17833333333
2016,71,7,81.5396666666667,8.75333333333333,57.2733333333333,25.025,2.88333333333333,91.22,2.35833333333333,1000.99833333333,81.5396666666667,8.75333333333333,57.2733333333333,25.025,2.88333333333333,91.22,2.35833333333333,1000.99833333333
2016,71,8,70.6413333333333,60.6566666666666,170.22,81.4716666666666,5.025,81.86,5.07,1001.47333333333,70.6413333333333,60.6566666666666,170.22,81.4716666666666,5.025,81.86,5.07,1001.47333333333
2016,71,9,60.5585,142.946666666667,267.088333333333,143.363333333333,5.99,76.6716666666667,5.14333333333333,1001.48333333333,60.5585,142.946666666667,267.088333333333,143.363333333333,5.99,76.6716666666667,5.14333333333333,1001.48333333333
2016,71,10,52.0093333333333,395.996666666667,231.765,201.71,7.07333333333333,72.5783333333333,4.29333333333333,1001.83833333333,52.0093333333333,395.996666666667,231.765,201.71,7.07333333333333,72.5783333333333,4.29333333333333,1001.83833333333
2016,71,11,45.9741666666667,586.748333333333,243.555,270.121666666667,9.15333333333333,67.4133333333333,3.23,1001.90333333333,45.9741666666667,586.748333333333,243.555,270.121666666667,9.15333333333333,67.4133333333333,3.23,1001.90333333333
2016,71,12,43.5601666666667,619.978333333333,246.55,288.665,11.0766666666667,60.995,3.555,1001.92166666667,43.5601666666667,619.978333333333,246.55,288.665,11.0766666666667,60.995,3.555,1001.92166666667
2016,71,13,45.3523333333333,450.678333333333,302.246666666667,258.715,12.12,59.4683333333333,3.63,1000.91,45.3523333333333,450.678333333333,302.246666666667,258.715,12.12,59.4683333333333,3.63,1000.91
2016,71,14,50.907,387.87,264.505,213.321666666667,12.815,59.2916666666667,4.02666666666667,1000.37666666667,50.907,387.87,264.505,213.321666666667,12.815,59.2916666666667,4.02666666666667,1000.37666666667
2016,71,15,59.1426666666667,330.326666666667,237.21,169.878333333333,13.1133333333333,61,3.87333333333333,999.756666666666,59.1426666666667,330.326666666667,237.21,169.878333333333,13.1133333333333,61,3.87333333333333,999.756666666666
2016,71,16,69.0371666666667,257.931666666667,167.93,108.416666666667,13.4383333333333,60.715,3.58333333333333,999.231666666666,69.0371666666667,257.931666666667,167.93,108.416666666667,13.4383333333333,60.715,3.58333333333333,999.231666666666
2016,71,17,79.8468333333333,65.2716666666667,84.7483333333334,40.64,13.1683333333333,64.77,3.96666666666667,998.78,79.8468333333333,65.2716666666667,84.7483333333334,40.64,13.1683333333333,64.77,3.96666666666667,998.78
2016,71,18,91.115,-0.935,7.56333333333333,3.21333333333333,12.0233333333333,71.0166666666667,2.72666666666666,998.905,91.115,-0.935,7.56333333333333,3.21333333333333,12.0233333333333,71.0166666666667,2.72666666666666,998.905
2016,71,19,102.715666666667,-0.583333333333334,-0.0266666666666667,0,11.435,72.2533333333333,2.44833333333333,999.056666666667,102.715666666667,-0.583333333333334,-0.0266666666666667,0,11.435,72.2533333333333,2.44833333333333,999.056666666667
2016,71,20,113.915833333333,-0.845,-0.00666666666666667,0,10.2416666666667,77.1966666666667,3.1,999.143333333333,113.915833333333,-0.845,-0.00666666666666667,0,10.2416666666667,77.1966666666667,3.1,999.143333333333
2016,71,21,124.428,1.545,0,0,9.81833333333333,77.9016666666667,3.29833333333333,999.106666666666,124.428,1.545,0,0,9.81833333333333,77.9016666666667,3.29833333333333,999.106666666666
2016,71,22,133.557666666667,0.576666666666667,0,0,9.64833333333334,79.2833333333333,3.985,999.331666666667,133.557666666667,0.576666666666667,0,0,9.64833333333334,79.2833333333333,3.985,999.331666666667
2016,71,23,140.181166666667,-0.83,0,0,8.88166666666667,82.715,3.94166666666667,998.926666666666,140.181166666667,-0.83,0,0,8.88166666666667,82.715,3.94166666666667,998.926666666666
2016,72,0,142.866,-0.233333333333333,0,0,7.94666666666666,85.9483333333333,4.16666666666667,997.91,142.866,-0.233333333333333,0,0,7.94666666666666,85.9483333333333,4.16666666666667,997.91
2016,72,1,140.791833333333,0.271666666666667,0,0,7.69166666666666,87.3666666666667,4.23666666666667,997.304999999999,140.791833333333,0.271666666666667,0,0,7.69166666666666,87.3666666666667,4.23666666666667,997.304999999999
2016,72,2,134.606,0.19,0,0,7.15833333333333,88.9716666666666,4.325,996.506666666667,134.606,0.19,0,0,7.15833333333333,88.9716666666666,4.325,996.506666666667
2016,72,3,125.728666666667,0.651666666666667,0,0,7.45166666666667,89.3516666666667,3.895,995.616666666667,125.728666666667,0.651666666666667,0,0,7.45166666666667,89.3516666666667,3.895,995.616666666667
2016,72,4,115.342833333333,0.248333333333333,0,0,7.29166666666666,90.4683333333333,3.61,994.663333333334,115.342833333333,0.248333333333333,0,0,7.29166666666666,90.4683333333333,3.61,994.663333333334
2016,72,5,104.1905,0.141666666666667,0,0,7.37833333333333,90.3299999999999,3.575,994.859999999999,104.1905,0.141666666666667,0,0,7.37833333333333,90.3299999999999,3.575,994.859999999999
2016,72,6,92.599,0.836666666666667,2.24,1.03166666666667,7.365,90.5283333333333,1.76666666666667,995.693333333333,92.599,0.836666666666667,2.24,1.03166666666667,7.365,90.5283333333333,1.76666666666667,995.693333333333
2016,72,7,81.2338333333333,2.09666666666667,33.1983333333333,15.2116666666667,7.67166666666667,90.2383333333333,2.27,995.746666666667,81.2338333333333,2.09666666666667,33.1983333333333,15.2116666666667,7.67166666666667,90.2383333333333,2.27,995.746666666667
2016,72,8,70.317,2.86,122.17,55.9833333333333,8.90000000000001,87.61,2.86,995.518333333334,70.317,2.86,122.17,55.9833333333333,8.90000000000001,87.61,2.86,995.518333333334
2016,72,9,60.2113333333333,1.845,137.515,64.745,10.2433333333333,83.6583333333333,2.44333333333333,995.191666666666,60.2113333333333,1.845,137.515,64.745,10.2433333333333,83.6583333333333,2.44333333333333,995.191666666666
2016,72,10,51.6355,2.845,214.088333333333,101.311666666667,10.9883333333333,79.695,3.23666666666667,994.868333333334,51.6355,2.845,214.088333333333,101.311666666667,10.9883333333333,79.695,3.23666666666667,994.868333333334
2016,72,11,45.5801666666667,3.51666666666667,278.925,131.435,12.21,78.855,3.52666666666667,994.106666666667,45.5801666666667,3.51666666666667,278.925,131.435,12.21,78.855,3.52666666666667,994.106666666667
2016,72,12,43.166,0.0366666666666667,227.613333333333,109.338333333333,13.015,76.9466666666667,2.87833333333333,993.451666666666,43.166,0.0366666666666667,227.613333333333,109.338333333333,13.015,76.9466666666667,2.87833333333333,993.451666666666
2016,72,13,44.9915,1.40166666666667,216.193333333333,104.571666666667,13.325,76.855,4.26333333333333,992.098333333333,44.9915,1.40166666666667,216.193333333333,104.571666666667,13.325,76.855,4.26333333333333,992.098333333333
2016,72,14,50.594,1.66333333333333,226.506666666667,108,14.0783333333333,74.9983333333333,3.945,991.073333333333,50.594,1.66333333333333,226.506666666667,108,14.0783333333333,74.9983333333333,3.945,991.073333333333
2016,72,15,58.8753333333333,0.511666666666666,106.31,52.4766666666667,14.265,74.4266666666666,3.50666666666667,990.859999999999,58.8753333333333,0.511666666666666,106.31,52.4766666666667,14.265,74.4266666666666,3.50666666666667,990.859999999999
2016,72,16,68.8055,0.488333333333333,60.42,29.8116666666667,14.1116666666667,73.9233333333334,3.91166666666667,990.568333333333,68.8055,0.488333333333333,60.42,29.8116666666667,14.1116666666667,73.9233333333334,3.91166666666667,990.568333333333
2016,72,17,79.6373333333333,0.143333333333333,31.6133333333333,14.9566666666667,13.7083333333333,73.8933333333333,4.08,989.998333333333,79.6373333333333,0.143333333333333,31.6133333333333,14.9566666666667,13.7083333333333,73.8933333333333,4.08,989.998333333333
2016,72,18,90.9106666666667,-0.163333333333333,2.14666666666667,1.05666666666667,13.0533333333333,77.05,4.72333333333333,989.673333333333,90.9106666666667,-0.163333333333333,2.14666666666667,1.05666666666667,13.0533333333333,77.05,4.72333333333333,989.673333333333
2016,72,19,102.511166666667,-0.581666666666667,0,0,12.7833333333333,79.305,4.88333333333333,989.273333333333,102.511166666667,-0.581666666666667,0,0,12.7833333333333,79.305,4.88333333333333,989.273333333333
2016,72,20,113.696666666667,-0.00499999999999994,0,0,12.365,83.7816666666667,4.78833333333333,988.813333333332,113.696666666667,-0.00499999999999994,0,0,12.365,83.7816666666667,4.78833333333333,988.813333333332
2016,72,21,124.179333333333,0.393333333333333,0,0,12.195,86.2916666666667,4.71833333333333,988.448333333333,124.179333333333,0.393333333333333,0,0,12.195,86.2916666666667,4.71833333333333,988.448333333333
2016,72,22,133.263166666667,0.571666666666667,0,0,12.1516666666667,90.1883333333334,4.11833333333333,988.068333333334,133.263166666667,0.571666666666667,0,0,12.1516666666667,90.1883333333334,4.11833333333333,988.068333333334
2016,72,23,139.8315,-0.0516666666666667,0,0,12.135,91.1816666666667,4.98666666666667,987.286666666666,139.8315,-0.0516666666666667,0,0,12.135,91.1816666666667,4.98666666666667,987.286666666666
2016,73,0,142.475666666667,0.0466666666666667,0,0,11.9366666666667,92.6983333333333,4.66833333333333,986.483333333333,142.475666666667,0.0466666666666667,0,0,11.9366666666667,92.6983333333333,4.66833333333333,986.483333333333
2016,73,1,140.396333333333,0.00166666666666667,0,0,12.03,92.755,4.23166666666667,985.980000000001,140.396333333333,0.00166666666666667,0,0,12.03,92.755,4.23166666666667,985.980000000001
2016,73,2,134.234166666667,0.005,0,0,11.9666666666667,92.9566666666667,3.29166666666667,985.283333333333,134.234166666667,0.005,0,0,11.9666666666667,92.9566666666667,3.29166666666667,985.283333333333
2016,73,3,125.386,0,0,0,11.94,93.38,3.98,984.455000000001,125.386,0,0,0,11.94,93.38,3.98,984.455000000001
2016,73,4,115.021,0.115,0,0,12.125,94.4316666666667,3.14666666666667,983.966666666667,115.021,0.115,0,0,12.125,94.4316666666667,3.14666666666667,983.966666666667
2016,73,5,103.881833333333,0,0,0,12.1966666666667,94.885,3.875,983.420000000001,103.881833333333,0,0,0,12.1966666666667,94.885,3.875,983.420000000001
2016,73,6,92.2948333333333,0.0283333333333333,0.993333333333333,0.545,12.1483333333333,95.095,3.87666666666667,982.973333333334,92.2948333333333,0.0283333333333333,0.993333333333333,0.545,12.1483333333333,95.095,3.87666666666667,982.973333333334
2016,73,7,80.9275,0.11,13.725,6.91,12.385,95.1983333333332,4.23166666666667,982.788333333334,80.9275,0.11,13.725,6.91,12.385,95.1983333333332,4.23166666666667,982.788333333334
2016,73,8,69.9926666666667,0.608333333333334,27.33,14.6216666666667,12.7133333333333,95.2966666666668,3.88166666666667,982.541666666667,69.9926666666667,0.608333333333334,27.33,14.6216666666667,12.7133333333333,95.2966666666668,3.88166666666667,982.541666666667
2016,73,9,59.8645,0.788333333333333,48.4266666666666,25.415,13.8733333333333,95.1483333333334,3.635,982.224999999999,59.8645,0.788333333333333,48.4266666666666,25.415,13.8733333333333,95.1483333333334,3.635,982.224999999999
2016,73,10,51.2611666666667,0.541666666666667,95.1816666666667,48.93,14.695,94.82,4.34,981.838333333332,51.2611666666667,0.541666666666667,95.1816666666667,48.93,14.695,94.82,4.34,981.838333333332
2016,73,11,45.1845,0.593333333333333,128.375,64.385,14.9916666666667,94.26,3.97333333333333,981.299999999999,45.1845,0.593333333333333,128.375,64.385,14.9916666666667,94.26,3.97333333333333,981.299999999999
2016,73,12,42.7726666666667,0.446666666666667,158.166666666667,77.3433333333333,15.4316666666667,91.2533333333333,3.96666666666667,980.768333333332,42.7726666666667,0.446666666666667,158.166666666667,77.3433333333333,15.4316666666667,91.2533333333333,3.96666666666667,980.768333333332
2016,73,13,44.6306666666667,2.07,235.85,113.088333333333,15.83,87.2366666666667,3.66166666666667,980.055000000001,44.6306666666667,2.07,235.85,113.088333333333,15.83,87.2366666666667,3.66166666666667,980.055000000001
2016,73,14,50.2813333333333,7.135,269.465,124.921666666667,16.615,82.925,3.835,979.56,50.2813333333333,7.135,269.465,124.921666666667,16.615,82.925,3.835,979.56
2016,73,15,58.6093333333333,-1.19833333333333,136.018333333333,63.8566666666667,16.6816666666667,83.3716666666667,4.33833333333333,979.383333333334,58.6093333333333,-1.19833333333333,136.018333333333,63.8566666666667,16.6816666666667,83.3716666666667,4.33833333333333,979.383333333334
2016,73,16,68.5731666666667,0.746666666666667,59.8383333333333,28.315,15.9966666666667,88.35,3.21166666666667,979.271666666666,68.5731666666667,0.746666666666667,59.8383333333333,28.315,15.9966666666667,88.35,3.21166666666667,979.271666666666
2016,73,17,79.4286666666667,0.163333333333333,44.23,19.7716666666667,16.125,87.8066666666667,3.95,979.280000000001,79.4286666666667,0.163333333333333,44.23,19.7716666666667,16.125,87.8066666666667,3.95,979.280000000001
2016,73,18,90.7065,-0.276666666666667,3.48166666666667,1.58333333333333,15.2816666666667,89.94,5.54666666666667,979.678333333332,90.7065,-0.276666666666667,3.48166666666667,1.58333333333333,15.2816666666667,89.94,5.54666666666667,979.678333333332
2016,73,19,102.305833333333,0.045,0,0.0416666666666667,14.4683333333333,90.8383333333333,4.895,979.928333333333,102.305833333333,0.045,0,0.0416666666666667,14.4683333333333,90.8383333333333,4.895,979.928333333333
2016,73,20,113.476833333333,0.423333333333334,0,0.05,13.9916666666667,92.3716666666667,3.58833333333333,980.19,113.476833333333,0.423333333333334,0,0.05,13.9916666666667,92.3716666666667,3.58833333333333,980.19
2016,73,21,123.929833333333,0.795,0,0.0466666666666667,13.63,93.4000000000001,3.335,980.373333333334,123.929833333333,0.795,0,0.0466666666666667,13.63,93.4000000000001,3.335,980.373333333334
2016,73,22,132.968,0.295,0,0.055,13.27,93.8633333333335,3.13666666666667,980.518333333333,132.968,0.295,0,0.055,13.27,93.8633333333335,3.13666666666667,980.518333333333
2016,73,23,139.481166666667,0.798333333333333,0,0.0333333333333333,13.0633333333333,94.1666666666666,2.38333333333333,980.458333333334,139.481166666667,0.798333333333333,0,0.0333333333333333,13.0633333333333,94.1666666666666,2.38333333333333,980.458333333334
2016,74,0,142.084,0.799999999999999,0,0.0516666666666667,12.9416666666667,94.2450000000001,1.68333333333333,980.280000000001,142.084,0.799999999999999,0,0.0516666666666667,12.9416666666667,94.2450000000001,1.68333333333333,980.280000000001
2016,74,1,140.0005,0.799999999999999,0,0.0583333333333334,12.8883333333333,94.3699999999999,1.58666666666667,980.218333333332,140.0005,0.799999999999999,0,0.0583333333333334,12.8883333333333,94.3699999999999,1.58666666666667,980.218333333332
2016,74,2,133.8615,0.799999999999999,0,0.05,12.7883333333333,94.475,1.22833333333333,979.863333333334,133.8615,0.799999999999999,0,0.05,12.7883333333333,94.475,1.22833333333333,979.863333333334
2016,74,3,125.040833333333,0.799999999999999,0,0.0433333333333333,12.7083333333333,94.5483333333334,1.38,979.506666666667,125.040833333333,0.799999999999999,0,0.0433333333333333,12.7083333333333,94.5483333333334,1.38,979.506666666667
2016,74,4,114.698666666667,1.49833333333333,0,0.0466666666666667,12.615,94.6783333333333,1.40166666666667,979.346666666666,114.698666666667,1.49833333333333,0,0.0466666666666667,12.615,94.6783333333333,1.40166666666667,979.346666666666
2016,74,5,103.571333333333,1.15,0,0.0583333333333334,12.3883333333333,94.8133333333333,2.34166666666667,979.341666666667,103.571333333333,1.15,0,0.0583333333333334,12.3883333333333,94.8133333333333,2.34166666666667,979.341666666667
2016,74,6,91.9771666666667,1.10166666666667,1.45166666666667,0.803333333333333,12.2966666666667,94.9299999999999,2.25333333333333,979.949999999999,91.9771666666667,1.10166666666667,1.45166666666667,0.803333333333333,12.2966666666667,94.9299999999999,2.25333333333333,979.949999999999
2016,74,7,80.6186666666667,1.92,36.46,16.2816666666667,12.3166666666667,94.8550000000001,1.96166666666667,980.246666666668,80.6186666666667,1.92,36.46,16.2816666666667,12.3166666666667,94.8550000000001,1.96166666666667,980.246666666668
2016,74,8,69.6656666666667,2.37833333333333,73.8385964912281,34.4566666666667,12.575,94.32,1.25333333333333,980.238333333334,69.6656666666667,2.37833333333333,73.8385964912281,34.4566666666667,12.575,94.32,1.25333333333333,980.238333333334
2016,74,9,59.5155,1.245,81.9933333333334,37.93,12.6716666666667,91.2133333333333,2.24,980.153333333333,59.5155,1.245,81.9933333333334,37.93,12.6716666666667,91.2133333333333,2.24,980.153333333333
2016,74,10,50.8863333333333,1.64,173.51,78.8116666666667,13.0216666666667,86.9833333333333,2.82666666666667,980.151666666665,50.8863333333333,1.64,173.51,78.8116666666667,13.0216666666667,86.9833333333333,2.82666666666667,980.151666666665
2016,74,11,44.7878333333333,1.58833333333333,253.538333333333,112.808333333333,13.3933333333333,84.8383333333334,3.54166666666667,980.333333333334,44.7878333333333,1.58833333333333,253.538333333333,112.808333333333,13.3933333333333,84.8383333333334,3.54166666666667,980.333333333334
2016,74,12,42.3781666666667,-0.125,153.253333333333,70.685,13.3066666666667,84.79,4.78666666666667,980.521666666666,42.3781666666667,-0.125,153.253333333333,70.685,13.3066666666667,84.79,4.78666666666667,980.521666666666
2016,74,13,44.269,1.79666666666667,169.668333333333,79.0816666666667,12.7533333333333,88.3633333333333,3.96,980.141666666666,44.269,1.79666666666667,169.668333333333,79.0816666666667,12.7533333333333,88.3633333333333,3.96,980.141666666666
2016,74,14,49.9696666666667,1.58166666666667,157.733333333333,74.1483333333333,13.0666666666667,85.225,3.085,980.171666666666,49.9696666666667,1.58166666666667,157.733333333333,74.1483333333333,13.0666666666667,85.225,3.085,980.171666666666
2016,74,15,58.3435,-0.303333333333333,100.035,47.2783333333333,13.3983333333333,82.9166666666667,3.375,980.44,58.3435,-0.303333333333333,100.035,47.2783333333333,13.3983333333333,82.9166666666667,3.375,980.44
2016,74,16,68.3421666666667,-0.075,38.9833333333333,19.3516666666667,13.2916666666667,83.9616666666667,3.90166666666667,980.8,68.3421666666667,-0.075,38.9833333333333,19.3516666666667,13.2916666666667,83.9616666666667,3.90166666666667,980.8
2016,74,17,79.2206666666667,0.22,24.2433333333333,11.6833333333333,13.295,84.0816666666667,2.45333333333333,981.338333333334,79.2206666666667,0.22,24.2433333333333,11.6833333333333,13.295,84.0816666666667,2.45333333333333,981.338333333334
2016,74,18,90.4903333333333,0.463333333333334,1.285,0.763333333333334,13.1183333333333,85.9866666666667,1.675,981.639999999999,90.4903333333333,0.463333333333334,1.285,0.763333333333334,13.1183333333333,85.9866666666667,1.675,981.639999999999
2016,74,19,102.102333333333,0.04,-0.0266666666666667,0.08,12.605,89.1883333333333,2.57666666666667,981.655,102.102333333333,0.04,-0.0266666666666667,0.08,12.605,89.1883333333333,2.57666666666667,981.655
2016,74,20,113.256166666667,-0.173333333333333,0,0.0733333333333333,11.9333333333333,91.83,1.45,982.043333333334,113.256166666667,-0.173333333333333,0,0.0733333333333333,11.9333333333333,91.83,1.45,982.043333333334
2016,74,21,123.679666666667,-1.065,-0.025,0.0733333333333333,11.0633333333333,93.1,2.15,982.838333333333,123.679666666667,-1.065,-0.025,0.0733333333333333,11.0633333333333,93.1,2.15,982.838333333333
2016,74,22,132.672166666667,-0.63,-0.0433333333333333,0.0633333333333334,10.6266666666667,94.3166666666667,2.47166666666667,982.701666666666,132.672166666667,-0.63,-0.0433333333333333,0.0633333333333334,10.6266666666667,94.3166666666667,2.47166666666667,982.701666666666
2016,74,23,139.130666666667,-0.235,0,0.0666666666666667,9.335,94.73,2.515,982.628333333333,139.130666666667,-0.235,0,0.0666666666666667,9.335,94.73,2.515,982.628333333333
2016,75,0,141.692333333333,0.348333333333333,0,0.0616666666666667,7.92333333333333,94.9566666666667,1.60666666666667,983.091666666665,141.692333333333,0.348333333333333,0,0.0616666666666667,7.92333333333333,94.9566666666667,1.60666666666667,983.091666666665
2016,75,1,139.603166666667,0.438333333333334,0,0.0566666666666667,7.56,95.3116666666666,2.645,983.26,139.603166666667,0.438333333333334,0,0.0566666666666667,7.56,95.3116666666666,2.645,983.26
2016,75,2,133.486833333333,0.0166666666666667,0,0.05,7.58666666666667,95.4966666666667,3.57166666666666,982.331666666666,133.486833333333,0.0166666666666667,0,0.05,7.58666666666667,95.4966666666667,3.57166666666666,982.331666666666
2016,75,3,124.695333333333,0.373333333333334,0,0.0533333333333334,7.60166666666667,95.5783333333334,4.05,981.991666666667,124.695333333333,0.373333333333334,0,0.0533333333333334,7.60166666666667,95.5783333333334,4.05,981.991666666667
2016,75,4,114.374833333333,0.395,0,0.0533333333333334,8.00333333333334,95.6433333333333,3.95833333333333,981.955,114.374833333333,0.395,0,0.0533333333333334,8.00333333333334,95.6433333333333,3.95833333333333,981.955
2016,75,5,103.26,0.391666666666667,0,0.0383333333333333,8.39166666666666,95.6833333333332,4.99166666666667,981.636666666667,103.26,0.391666666666667,0,0.0383333333333333,8.39166666666666,95.6833333333332,4.99166666666667,981.636666666667
2016,75,6,91.659,12.0033333333333,7.87833333333333,3.98333333333333,8.87833333333334,95.6166666666667,5.83166666666667,981.234999999999,91.659,12.0033333333333,7.87833333333333,3.98333333333333,8.87833333333334,95.6166666666667,5.83166666666667,981.234999999999
2016,75,7,80.3095,205.046666666667,63.7183333333333,57.14,10.1516666666667,94.98,6.785,981.25,80.3095,205.046666666667,63.7183333333333,57.14,10.1516666666667,94.98,6.785,981.25
2016,75,8,69.3395,417.565,146.808333333333,126.505,12.01,90.165,7.86166666666667,981.056666666667,69.3395,417.565,146.808333333333,126.505,12.01,90.165,7.86166666666667,981.056666666667
2016,75,9,59.1676666666667,499.448333333333,192.485,193.831666666667,13.585,85.2083333333333,8.83166666666667,980.421666666666,59.1676666666667,499.448333333333,192.485,193.831666666667,13.585,85.2083333333333,8.83166666666667,980.421666666666
2016,75,10,50.5113333333333,363.318333333333,301.275,228.055,15.7016666666667,81.8816666666667,8.91,979.888333333333,50.5113333333333,363.318333333333,301.275,228.055,15.7016666666667,81.8816666666667,8.91,979.888333333333
2016,75,11,44.391,420.923333333333,300.048333333333,261.638333333333,17.5966666666667,75.58,9.37,978.951666666666,44.391,420.923333333333,300.048333333333,261.638333333333,17.5966666666667,75.58,9.37,978.951666666666
2016,75,12,41.9835,718.373333333333,189.826666666667,309.561666666667,19.21,68.4883333333333,9.78166666666667,977.591666666666,41.9835,718.373333333333,189.826666666667,309.561666666667,19.21,68.4883333333333,9.78166666666667,977.591666666666
2016,75,13,43.9081666666667,701.413333333333,169.861666666667,287.523333333333,20.6716666666667,62.355,9.76666666666667,976.251666666667,43.9081666666667,701.413333333333,169.861666666667,287.523333333333,20.6716666666667,62.355,9.76666666666667,976.251666666667
2016,75,14,49.6598333333333,860.246666666667,97.6566666666667,276.143333333333,21.7616666666667,58.205,9.68333333333333,974.785,49.6598333333333,860.246666666667,97.6566666666667,276.143333333333,21.7616666666667,58.205,9.68333333333333,974.785
2016,75,15,58.0801666666667,797.31,92.98,217.656666666667,22.32,58.16,9.74,973.815,58.0801666666667,797.31,92.98,217.656666666667,22.32,58.16,9.74,973.815
2016,75,16,68.1131666666667,650.45,85.1433333333333,138.51,22.9133333333333,56.0533333333333,9.98833333333333,972.838333333333,68.1131666666667,650.45,85.1433333333333,138.51,22.9133333333333,56.0533333333333,9.98833333333333,972.838333333333
2016,75,17,79.0136666666667,376.293333333333,60.9416666666667,57.0083333333333,22.7116666666667,59.295,7.195,972.840000000001,79.0136666666667,376.293333333333,60.9416666666667,57.0083333333333,22.7116666666667,59.295,7.195,972.840000000001
2016,75,18,90.2871666666667,17.0916666666667,7.645,4.43333333333333,20.605,68.2816666666667,5.51,972.635000000001,90.2871666666667,17.0916666666667,7.645,4.43333333333333,20.605,68.2816666666667,5.51,972.635000000001
2016,75,19,101.898333333333,-0.288333333333334,-0.15,0,19.125,72.9933333333333,5.965,971.505,101.898333333333,-0.288333333333334,-0.15,0,19.125,72.9933333333333,5.965,971.505
2016,75,20,113.036333333333,0.256666666666667,0,0,18.945,72.7816666666667,7.74333333333334,970.711666666667,113.036333333333,0.256666666666667,0,0,18.945,72.7816666666667,7.74333333333334,970.711666666667
2016,75,21,123.428833333333,-0.0216666666666665,-0.0566666666666667,0,19.1466666666667,72.3966666666667,10.6133333333333,971.245,123.428833333333,-0.0216666666666665,-0.0566666666666667,0,19.1466666666667,72.3966666666667,10.6133333333333,971.245
2016,75,22,132.375,-2.305,-0.19,0,15.4383333333333,79.99,13.27,973.785,132.375,-2.305,-0.19,0,15.4383333333333,79.99,13.27,973.785
2016,75,23,138.779166666667,-0.555,0,0,13.72,78.38,11.45,974.990000000001,138.779166666667,-0.555,0,0,13.72,78.38,11.45,974.990000000001
2016,76,0,141.300333333333,-0.228333333333333,0,0,12.95,79.1066666666667,7.85166666666666,975.261666666667,141.300333333333,-0.228333333333333,0,0,12.95,79.1066666666667,7.85166666666666,975.261666666667
2016,76,1,139.206166666667,-1.18666666666667,0,0,11.5983333333333,77.005,12.2916666666667,976.193333333333,139.206166666667,-1.18666666666667,0,0,11.5983333333333,77.005,12.2916666666667,976.193333333333
2016,76,2,133.112,-0.556666666666667,0,0,10.1883333333333,78.5116666666667,10.4966666666667,976.65,133.112,-0.556666666666667,0,0,10.1883333333333,78.5116666666667,10.4966666666667,976.65
2016,76,3,124.348,-0.0883333333333334,0,0,9.91666666666667,78.9316666666667,11.2083333333333,977.049999999999,124.348,-0.0883333333333334,0,0,9.91666666666667,78.9316666666667,11.2083333333333,977.049999999999
2016,76,4,114.049,-0.678333333333333,0,0,9.08000000000001,79.6683333333333,8.68666666666666,977.57,114.049,-0.678333333333333,0,0,9.08000000000001,79.6683333333333,8.68666666666666,977.57
2016,76,5,102.947166666667,0.175,0,0,8.80666666666666,76.6866666666667,10.045,978.678333333333,102.947166666667,0.175,0,0,8.80666666666666,76.6866666666667,10.045,978.678333333333
2016,76,6,91.3526666666667,11.5533333333333,4.915,2.33793103448276,8.69833333333333,72.9733333333333,12.21,979.866666666667,91.3526666666667,11.5533333333333,4.915,2.33793103448276,8.69833333333333,72.9733333333333,12.21,979.866666666667
2016,76,7,79.9995,524.71,36.16,55.3983333333333,8.84833333333333,72.0216666666667,12.4033333333333,981.2,79.9995,524.71,36.16,55.3983333333333,8.84833333333333,72.0216666666667,12.4033333333333,981.2
2016,76,8,69.0131666666667,822.99,52.3683333333333,140.58,9.97166666666667,65.0466666666667,13.2433333333333,982.141666666667,69.0131666666667,822.99,52.3683333333333,140.58,9.97166666666667,65.0466666666667,13.2433333333333,982.141666666667
2016,76,9,58.8185,920.331666666667,60.9216666666667,218.685,11.3766666666667,54.86,14.1433333333333,983.073333333334,58.8185,920.331666666667,60.9216666666667,218.685,11.3766666666667,54.86,14.1433333333333,983.073333333334
2016,76,10,50.1345,958.316666666667,70.2016666666667,278.675,12.4833333333333,45.165,14.6716666666667,983.881666666666,50.1345,958.316666666667,70.2016666666667,278.675,12.4833333333333,45.165,14.6716666666667,983.881666666666
2016,76,11,43.9933333333333,962.48,82.2466666666667,315.656666666667,13.18,40.95,14.6966666666667,984.446666666667,43.9933333333333,962.48,82.2466666666667,315.656666666667,13.18,40.95,14.6966666666667,984.446666666667
2016,76,12,41.5891666666667,930.706666666667,94.0883333333334,320.936666666667,14.075,33.59,14.1383333333333,984.328333333334,41.5891666666667,930.706666666667,94.0883333333334,320.936666666667,14.075,33.59,14.1383333333333,984.328333333334
2016,76,13,43.548,723.8,153.923333333333,278.858333333333,14.7133333333333,28.43,14.3633333333333,984.544999999999,43.548,723.8,153.923333333333,278.858333333333,14.7133333333333,28.43,14.3633333333333,984.544999999999
2016,76,14,49.3503333333333,692.59,181.988333333333,256.288333333333,15.3216666666667,26.1883333333333,13.8816666666667,984.718333333333,49.3503333333333,692.59,181.988333333333,256.288333333333,15.3216666666667,26.1883333333333,13.8816666666667,984.718333333333
2016,76,15,57.8186666666667,489.76,137.345,162.095,15.3433333333333,24.22,13.2816666666667,984.59,57.8186666666667,489.76,137.345,162.095,15.3433333333333,24.22,13.2816666666667,984.59
2016,76,16,67.8851666666667,412.256666666667,111.595,109.363333333333,15.3216666666667,23.695,12.8333333333333,984.856666666667,67.8851666666667,412.256666666667,111.595,109.363333333333,15.3216666666667,23.695,12.8333333333333,984.856666666667
2016,76,17,78.8071666666667,437.865,68.0266666666667,62.6035087719299,14.9333333333333,24.5566666666667,11.1666666666667,985.161666666667,78.8071666666667,437.865,68.0266666666667,62.6035087719299,14.9333333333333,24.5566666666667,11.1666666666667,985.161666666667
2016,76,18,90.0851666666667,38.45,9.69666666666667,5.01052631578947,12.9466666666667,30.5816666666667,7.32833333333333,985.671666666667,90.0851666666667,38.45,9.69666666666667,5.01052631578947,12.9466666666667,30.5816666666667,7.32833333333333,985.671666666667
2016,76,19,101.693,-0.778333333333333,-0.266666666666667,0,11.2883333333333,37.4233333333333,6.215,985.97,101.693,-0.778333333333333,-0.266666666666667,0,11.2883333333333,37.4233333333333,6.215,985.97
2016,76,20,112.815666666667,-1.45666666666667,-0.4,0,9.48166666666667,46.9566666666667,5.38833333333333,986.338333333333,112.815666666667,-1.45666666666667,-0.4,0,9.48166666666667,46.9566666666667,5.38833333333333,986.338333333333
2016,76,21,123.177,0.303333333333333,-0.141666666666667,0,8.75333333333333,53.2233333333333,5.49833333333333,986.676666666666,123.177,0.303333333333333,-0.141666666666667,0,8.75333333333333,53.2233333333333,5.49833333333333,986.676666666666
2016,76,22,132.076666666667,1.06333333333333,-0.00333333333333333,0,9.53333333333333,50.26,7.48,987.326666666668,132.076666666667,1.06333333333333,-0.00333333333333333,0,9.53333333333333,50.26,7.48,987.326666666668
2016,76,23,138.426833333333,-2.27833333333333,-0.331666666666667,0,8.06166666666667,61.84,5.755,987.681666666667,138.426833333333,-2.27833333333333,-0.331666666666667,0,8.06166666666667,61.84,5.755,987.681666666667
2016,77,0,140.907666666667,-0.755,-0.291666666666667,0,6.99833333333333,65.2116666666667,3.52,987.088333333333,140.907666666667,-0.755,-0.291666666666667,0,6.99833333333333,65.2116666666667,3.52,987.088333333333
2016,77,1,138.807666666667,0.733333333333334,0,0,5.94666666666667,65.9283333333333,4.65333333333333,986.896666666668,138.807666666667,0.733333333333334,0,0,5.94666666666667,65.9283333333333,4.65333333333333,986.896666666668
2016,77,2,132.735666666667,1,0,0,5.71333333333333,66.2383333333333,4.84166666666667,986.689999999999,132.735666666667,1,0,0,5.71333333333333,66.2383333333333,4.84166666666667,986.689999999999
2016,77,3,123.9995,-0.0183333333333333,0,0,5.405,68.2166666666667,4.14833333333333,986.553333333333,123.9995,-0.0183333333333333,0,0,5.405,68.2166666666667,4.14833333333333,986.553333333333
2016,77,4,113.722333333333,1.05333333333333,-0.00833333333333333,0,5.68,66.255,4.66166666666666,986.565,113.722333333333,1.05333333333333,-0.00833333333333333,0,5.68,66.255,4.66166666666666,986.565
2016,77,5,102.633666666667,0.658333333333333,-0.0366666666666667,0,4.765,71.4283333333333,3.91666666666667,987.104999999999,102.633666666667,0.658333333333333,-0.0366666666666667,0,4.765,71.4283333333333,3.91666666666667,987.104999999999
2016,77,6,91.0331666666667,68.5283333333333,6.565,4.34166666666667,4.675,71.3416666666667,4.27,987.723333333333,91.0331666666667,68.5283333333333,6.565,4.34166666666667,4.675,71.3416666666667,4.27,987.723333333333
2016,77,7,79.688,604.738333333333,35.9933333333333,58.7866666666667,5.83166666666667,68.1583333333333,3.81333333333333,988.223333333333,79.688,604.738333333333,35.9933333333333,58.7866666666667,5.83166666666667,68.1583333333333,3.81333333333333,988.223333333333
2016,77,8,68.6851666666667,834.93,51.8516666666667,143.006666666667,8.63,52.8266666666667,6.51666666666667,988.295000000001,68.6851666666667,834.93,51.8516666666667,143.006666666667,8.63,52.8266666666667,6.51666666666667,988.295000000001
2016,77,9,58.469,926.383333333333,60.655,221.151666666667,9.92833333333333,46.0783333333333,6.005,988.621666666666,58.469,926.383333333333,60.655,221.151666666667,9.92833333333333,46.0783333333333,6.005,988.621666666666
2016,77,10,49.7586666666667,972.971666666667,65.6083333333333,281.75,11.6316666666667,39.5233333333333,6.2,988.635,49.7586666666667,972.971666666667,65.6083333333333,281.75,11.6316666666667,39.5233333333333,6.2,988.635
2016,77,11,43.5963333333333,993.928333333333,70.285,320.671666666667,13.1283333333333,30.8016666666667,7.82333333333333,988.488333333333,43.5963333333333,993.928333333333,70.285,320.671666666667,13.1283333333333,30.8016666666667,7.82333333333333,988.488333333333
2016,77,12,41.1945,844.368333333333,136.348333333333,313.385,14.0283333333333,25.2783333333333,10.0366666666667,988.086666666667,41.1945,844.368333333333,136.348333333333,313.385,14.0283333333333,25.2783333333333,10.0366666666667,988.086666666667
2016,77,13,43.1891666666667,697.083333333333,158.721666666667,271.92,14.2816666666667,24.5533333333333,9.83,987.555,43.1891666666667,697.083333333333,158.721666666667,271.92,14.2816666666667,24.5533333333333,9.83,987.555
2016,77,14,49.0431666666667,383.13,173.618333333333,176.981666666667,14.455,20.94,10.2166666666667,987.258333333332,49.0431666666667,383.13,173.618333333333,176.981666666667,14.455,20.94,10.2166666666667,987.258333333332
2016,77,15,57.5571666666667,503.441666666667,170.513333333333,176.696666666667,14.6416666666667,21.555,9.06666666666667,987.193333333333,57.5571666666667,503.441666666667,170.513333333333,176.696666666667,14.6416666666667,21.555,9.06666666666667,987.193333333333
2016,77,16,67.6581666666667,457.835,120.881666666667,120.881666666667,14.5633333333333,20.1116666666667,9.50166666666667,987.143333333333,67.6581666666667,457.835,120.881666666667,120.881666666667,14.5633333333333,20.1116666666667,9.50166666666667,987.143333333333
2016,77,17,78.6016666666667,513.428333333334,50.1666666666667,61.0083333333333,13.915,23.9516666666667,7.155,987.611666666665,78.6016666666667,513.428333333334,50.1666666666667,61.0083333333333,13.915,23.9516666666667,7.155,987.611666666665
2016,77,18,89.8838333333333,69.0883333333334,9.90833333333333,3.48604651162791,12.4366666666667,29.1416666666667,4.20666666666667,988.026666666667,89.8838333333333,69.0883333333334,9.90833333333333,3.48604651162791,12.4366666666667,29.1416666666667,4.20666666666667,988.026666666667
2016,77,19,101.489,-1.605,-0.251666666666667,0,11.5883333333333,31.71,2.58333333333333,988.711666666667,101.489,-1.605,-0.251666666666667,0,11.5883333333333,31.71,2.58333333333333,988.711666666667
2016,77,20,112.594166666667,-0.11,-0.17,0,10.4616666666667,34.2366666666667,1.57333333333333,989.24,112.594166666667,-0.11,-0.17,0,10.4616666666667,34.2366666666667,1.57333333333333,989.24
2016,77,21,122.923666666667,0.681666666666667,-0.16,0,9.51333333333333,37.5666666666667,1.63333333333333,989.390000000001,122.923666666667,0.681666666666667,-0.16,0,9.51333333333333,37.5666666666667,1.63333333333333,989.390000000001
2016,77,22,131.778166666667,-0.363333333333333,-0.206666666666667,0,8.52666666666667,43.24,1.86166666666667,989.676666666666,131.778166666667,-0.363333333333333,-0.206666666666667,0,8.52666666666667,43.24,1.86166666666667,989.676666666666
2016,77,23,138.075166666667,0.101666666666667,-0.106666666666667,0,7.41666666666667,48.3366666666667,2.96166666666667,989.785,138.075166666667,0.101666666666667,-0.106666666666667,0,7.41666666666667,48.3366666666667,2.96166666666667,989.785
2016,78,0,140.515,0.833333333333333,-0.02,0,6.9,51.6766666666667,2.98,989.898333333333,140.515,0.833333333333333,-0.02,0,6.9,51.6766666666667,2.98,989.898333333333
2016,78,1,138.409,2.095,-0.16,0,6.56166666666666,54.63,2.64833333333333,990.026666666668,138.409,2.095,-0.16,0,6.56166666666666,54.63,2.64833333333333,990.026666666668
2016,78,2,132.358833333333,1.97833333333333,-0.106666666666667,0,5.675,62.4783333333333,4.88833333333333,990.576666666666,132.358833333333,1.97833333333333,-0.106666666666667,0,5.675,62.4783333333333,4.88833333333333,990.576666666666
2016,78,3,123.650166666667,0.591666666666667,-0.371666666666666,0,4.96833333333333,67.8116666666667,3.76833333333333,991.158333333333,123.650166666667,0.591666666666667,-0.371666666666666,0,4.96833333333333,67.8116666666667,3.76833333333333,991.158333333333
2016,78,4,113.3955,0.841666666666667,-0.176666666666667,0,4.17166666666666,70.5566666666667,1.435,991.301666666668,113.3955,0.841666666666667,-0.176666666666667,0,4.17166666666666,70.5566666666667,1.435,991.301666666668
2016,78,5,102.318666666667,1.47,-0.248333333333333,0,3.81166666666667,67.2816666666667,2.73333333333333,991.683333333334,102.318666666667,1.47,-0.248333333333333,0,3.81166666666667,67.2816666666667,2.73333333333333,991.683333333334
2016,78,6,90.7258333333333,78.29,11.325,2.30975609756098,2.40833333333333,71.4566666666667,4.08,992.235000000001,90.7258333333333,78.29,11.325,2.30975609756098,2.40833333333333,71.4566666666667,4.08,992.235000000001
2016,78,7,79.376,394.765,69.9733333333333,61.3173913043478,2.66166666666667,68.2733333333333,4.27,992.803333333333,79.376,394.765,69.9733333333333,61.3173913043478,2.66166666666667,68.2733333333333,4.27,992.803333333333
2016,78,8,68.3586666666667,741.563333333333,76.3316666666667,140.906666666667,4.195,56.035,4.775,993.554999999999,68.3586666666667,741.563333333333,76.3316666666667,140.906666666667,4.195,56.035,4.775,993.554999999999
2016,78,9,58.1193333333333,803.843333333333,121.905,219.085,5.58166666666666,47.2883333333333,5.40333333333334,993.988333333333,58.1193333333333,803.843333333333,121.905,219.085,5.58166666666666,47.2883333333333,5.40333333333334,993.988333333333
2016,78,10,49.3815,279.62,315.303333333333,204.478333333333,6.255,42.8883333333333,5.02166666666667,994.293333333335,49.3815,279.62,315.303333333333,204.478333333333,6.255,42.8883333333333,5.02166666666667,994.293333333335
2016,78,11,43.1981666666667,92.895,389.473333333333,195.72,6.7,42.4516666666667,4.38666666666667,994.346666666667,43.1981666666667,92.895,389.473333333333,195.72,6.7,42.4516666666667,4.38666666666667,994.346666666667
2016,78,12,40.8,606.526666666667,263.695,296.348333333333,7.72333333333333,39.76,3.63,993.841666666667,40.8,606.526666666667,263.695,296.348333333333,7.72333333333333,39.76,3.63,993.841666666667
2016,78,13,42.8301666666667,758.031666666666,211.366666666667,311.34,8.69,37.1866666666667,3.51166666666667,992.736666666666,42.8301666666667,758.031666666666,211.366666666667,311.34,8.69,37.1866666666667,3.51166666666667,992.736666666666
2016,78,14,48.7366666666667,160.626666666667,370.44,201.058333333333,9.295,35.835,4.11666666666667,992.081666666665,48.7366666666667,160.626666666667,370.44,201.058333333333,9.295,35.835,4.11666666666667,992.081666666665
2016,78,15,57.2983333333333,8.59333333333334,226.916666666667,102.245,9.36666666666666,34.575,4.31833333333333,992.416666666667,57.2983333333333,8.59333333333334,226.916666666667,102.245,9.36666666666666,34.575,4.31833333333333,992.416666666667
2016,78,16,67.433,0.343333333333334,121.685,54.35,9.09666666666667,35.3883333333333,3.935,992.53,67.433,0.343333333333334,121.685,54.35,9.09666666666667,35.3883333333333,3.935,992.53
2016,78,17,78.397,0.143333333333333,60.845,26.3033333333333,8.91333333333333,37.175,4.06,992.59,78.397,0.143333333333333,60.845,26.3033333333333,8.91333333333333,37.175,4.06,992.59
2016,78,18,89.6825,-0.664999999999999,7.005,3.01833333333333,8.28333333333333,43.2066666666667,3.17833333333333,992.773333333333,89.6825,-0.664999999999999,7.005,3.01833333333333,8.28333333333333,43.2066666666667,3.17833333333333,992.773333333333
2016,78,19,101.285333333333,-0.415,-0.213333333333333,0,7.275,49.8533333333333,3.265,993.23,101.285333333333,-0.415,-0.213333333333333,0,7.275,49.8533333333333,3.265,993.23
2016,78,20,112.371666666667,0.353333333333333,-0.0283333333333333,0,6.895,53.515,3.38,993.813333333334,112.371666666667,0.353333333333333,-0.0283333333333333,0,6.895,53.515,3.38,993.813333333334
2016,78,21,122.671333333333,0.14,-0.13,0,6.36333333333334,57.5983333333333,3.005,993.976666666667,122.671333333333,0.14,-0.13,0,6.36333333333334,57.5983333333333,3.005,993.976666666667
2016,78,22,131.479,1.35833333333333,0,0,5.83,62.0983333333333,3.685,993.900000000001,131.479,1.35833333333333,0,0,5.83,62.0983333333333,3.685,993.900000000001
2016,78,23,137.721333333333,0.473333333333333,-0.171666666666667,0,5.43333333333333,64.9633333333333,3.87666666666667,993.606666666667,137.721333333333,0.473333333333333,-0.171666666666667,0,5.43333333333333,64.9633333333333,3.87666666666667,993.606666666667
2016,79,0,140.122166666667,1.31666666666667,-0.268333333333333,0,5.03,68.4183333333333,3.57333333333333,993.466666666667,140.122166666667,1.31666666666667,-0.268333333333333,0,5.03,68.4183333333333,3.57333333333333,993.466666666667
2016,79,1,138.0105,0.45,-0.116666666666667,0,4.47833333333334,76.8983333333333,2.98333333333333,993.49,138.0105,0.45,-0.116666666666667,0,4.47833333333334,76.8983333333333,2.98333333333333,993.49
2016,79,2,131.9805,1.67833333333333,-0.0266666666666667,0,4.07666666666667,80.4616666666667,2.825,993.199999999999,131.9805,1.67833333333333,-0.0266666666666667,0,4.07666666666667,80.4616666666667,2.825,993.199999999999
2016,79,3,123.300166666667,0.488333333333333,-0.325,0,3.36666666666666,83.8216666666667,3.615,992.921666666667,123.300166666667,0.488333333333333,-0.325,0,3.36666666666666,83.8216666666667,3.615,992.921666666667
2016,79,4,113.067166666667,1.43166666666667,-0.168333333333333,0,2.93,85.93,3.69833333333333,993.113333333332,113.067166666667,1.43166666666667,-0.168333333333333,0,2.93,85.93,3.69833333333333,993.113333333332
2016,79,5,102.0035,1.24333333333333,-0.258333333333334,0,2.42333333333333,86.3883333333333,4.54,993.591666666667,102.0035,1.24333333333333,-0.258333333333334,0,2.42333333333333,86.3883333333333,4.54,993.591666666667
2016,79,6,90.4056666666667,1.03166666666667,4.93333333333333,2.5,1.79,87.2533333333333,4.43666666666667,994.365,90.4056666666667,1.03166666666667,4.93333333333333,2.5,1.79,87.2533333333333,4.43666666666667,994.365
2016,79,7,79.064,3.93666666666667,72.4283333333333,31.16,2.01333333333333,85.6,4.48833333333333,994.790000000001,79.064,3.93666666666667,72.4283333333333,31.16,2.01333333333333,85.6,4.48833333333333,994.790000000001
2016,79,8,68.0306666666667,51.005,203.36,92.675,3.1,78.8733333333334,4.89333333333333,994.85,68.0306666666667,51.005,203.36,92.675,3.1,78.8733333333334,4.89333333333333,994.85
2016,79,9,57.77,6.22166666666667,297.29,127.861666666667,4.21833333333333,71.7983333333333,4.485,995.041666666666,57.77,6.22166666666667,297.29,127.861666666667,4.21833333333333,71.7983333333333,4.485,995.041666666666
2016,79,10,49.0056666666667,84.48,403.003333333333,196.798333333333,5.64166666666667,60.3666666666667,3.71666666666667,995.035,49.0056666666667,84.48,403.003333333333,196.798333333333,5.64166666666667,60.3666666666667,3.71666666666667,995.035
2016,79,11,42.8005,345.416666666667,304.805,235.615,6.96166666666667,53.7583333333333,3.58333333333333,994.523333333334,42.8005,345.416666666667,304.805,235.615,6.96166666666667,53.7583333333333,3.58333333333333,994.523333333334
2016,79,12,40.405,-1.86333333333333,128.14,58.8983333333333,6.83666666666667,52.6183333333333,4.99666666666667,994.413333333334,40.405,-1.86333333333333,128.14,58.8983333333333,6.83666666666667,52.6183333333333,4.99666666666667,994.413333333334
2016,79,13,42.4728333333333,0.806666666666667,183.758333333333,84.425,7.00166666666667,46.62,4.24666666666667,994.535,42.4728333333333,0.806666666666667,183.758333333333,84.425,7.00166666666667,46.62,4.24666666666667,994.535
2016,79,14,48.4323333333333,0.405,132.87,62.0633333333333,7.16666666666666,44.935,3.735,994.495,48.4323333333333,0.405,132.87,62.0633333333333,7.16666666666666,44.935,3.735,994.495
2016,79,15,57.0405,-0.025,82.61,38.935,7.14,46.605,4.03833333333333,994.278333333333,57.0405,-0.025,82.61,38.935,7.14,46.605,4.03833333333333,994.278333333333
2016,79,16,67.2088333333333,-0.375,36.5016666666666,17.5966666666667,6.83666666666667,49.22,4.87833333333333,994.35,67.2088333333333,-0.375,36.5016666666666,17.5966666666667,6.83666666666667,49.22,4.87833333333333,994.35
2016,79,17,78.1935,-0.603333333333333,13.1216666666667,6.36666666666667,6.41333333333334,52.2033333333333,4.20833333333333,994.645,78.1935,-0.603333333333333,13.1216666666667,6.36666666666667,6.41333333333334,52.2033333333333,4.20833333333333,994.645
2016,79,18,89.4825,0.451666666666667,1.92833333333333,0.95,5.88,59.5816666666667,3.815,995.014999999999,89.4825,0.451666666666667,1.92833333333333,0.95,5.88,59.5816666666667,3.815,995.014999999999
2016,79,19,101.081666666667,0.614999999999999,-0.00833333333333333,0,5.34166666666667,66.8183333333333,2.93333333333333,995.426666666666,101.081666666667,0.614999999999999,-0.00833333333333333,0,5.34166666666667,66.8183333333333,2.93333333333333,995.426666666666
2016,79,20,112.15,0.648333333333333,-0.118333333333333,0,4.955,69.0883333333334,3.56333333333333,995.731666666665,112.15,0.648333333333333,-0.118333333333333,0,4.955,69.0883333333334,3.56333333333333,995.731666666665
2016,79,21,122.417,0.706666666666667,-0.00833333333333333,0,4.105,73.6616666666667,5.54666666666667,995.755000000001,122.417,0.706666666666667,-0.00833333333333333,0,4.105,73.6616666666667,5.54666666666667,995.755000000001
2016,79,22,131.1785,0.691666666666667,-0.0216666666666667,0,3.16166666666667,83.12,5.73666666666667,995.676666666666,131.1785,0.691666666666667,-0.0216666666666667,0,3.16166666666667,83.12,5.73666666666667,995.676666666666
2016,79,23,137.368333333333,1.53833333333333,0,0,2.81333333333333,87.5733333333334,4.14833333333334,995.224999999999,137.368333333333,1.53833333333333,0,0,2.81333333333333,87.5733333333334,4.14833333333334,995.224999999999
2016,80,0,139.729166666667,2.81833333333333,0,0,3.08,86.84,3.115,994.828333333334,139.729166666667,2.81833333333333,0,0,3.08,86.84,3.115,994.828333333334
2016,80,1,137.612333333333,2.06166666666667,0,0,3.4,84.08,3.84166666666667,994.791666666667,137.612333333333,2.06166666666667,0,0,3.4,84.08,3.84166666666667,994.791666666667
2016,80,2,131.602833333333,1.33333333333333,0,0,2.96166666666667,76.085,4.32833333333333,994.535,131.602833333333,1.33333333333333,0,0,2.96166666666667,76.085,4.32833333333333,994.535
2016,80,3,122.949,2.615,0,0,2.59666666666667,76.56,2.995,994.415000000001,122.949,2.615,0,0,2.59666666666667,76.56,2.995,994.415000000001
2016,80,4,112.737166666667,1.70166666666667,0,0,2.335,82.0316666666667,4.69333333333333,994.621666666665,112.737166666667,1.70166666666667,0,0,2.335,82.0316666666667,4.69333333333333,994.621666666665
2016,80,5,101.688333333333,0.924999999999999,0,0,1.91,86.4216666666667,5.77666666666667,994.868333333333,101.688333333333,0.924999999999999,0,0,1.91,86.4216666666667,5.77666666666667,994.868333333333
2016,80,6,90.086,76.2683333333333,13.9866666666667,1.4030303030303,1.3,88.82,5.50166666666667,995.306666666667,90.086,76.2683333333333,13.9866666666667,1.4030303030303,1.3,88.82,5.50166666666667,995.306666666667
2016,80,7,78.7513333333333,464.58,54.74,59.2966666666667,1.57,86.95,6.08333333333333,995.669999999999,78.7513333333333,464.58,54.74,59.2966666666667,1.57,86.95,6.08333333333333,995.669999999999
2016,80,8,67.7023333333333,747.446666666667,78.6633333333333,146.175,2.34833333333333,78.2766666666667,6.855,995.93,67.7023333333333,747.446666666667,78.6633333333333,146.175,2.34833333333333,78.2766666666667,6.855,995.93
2016,80,9,57.4208333333333,877.4,83.73,225.736666666667,3.62666666666667,64.9533333333333,6.91166666666667,996.119999999999,57.4208333333333,877.4,83.73,225.736666666667,3.62666666666667,64.9533333333333,6.91166666666667,996.119999999999
2016,80,10,48.6296666666667,870.623333333333,138.658333333333,290.526666666667,4.86,49.9116666666667,6.73,996.355,48.6296666666667,870.623333333333,138.658333333333,290.526666666667,4.86,49.9116666666667,6.73,996.355
2016,80,11,42.4026666666667,386.545,297.858333333333,241.031666666667,5.42833333333333,49.105,6.185,996.313333333333,42.4026666666667,386.545,297.858333333333,241.031666666667,5.42833333333333,49.105,6.185,996.313333333333
2016,80,12,40.0108333333333,127.306666666667,305.045,171.156666666667,5.52833333333333,51.2533333333333,6.94,996.128333333333,40.0108333333333,127.306666666667,305.045,171.156666666667,5.52833333333333,51.2533333333333,6.94,996.128333333333
2016,80,13,42.1161666666667,145.983333333333,264.653333333333,158.568333333333,5.98166666666666,46.045,7.09666666666667,995.505000000001,42.1161666666667,145.983333333333,264.653333333333,158.568333333333,5.98166666666666,46.045,7.09666666666667,995.505000000001
2016,80,14,48.1281666666667,5.79333333333333,245.318333333333,108.711666666667,6.32166666666667,38.8566666666667,8.74833333333333,995.231666666668,48.1281666666667,5.79333333333333,245.318333333333,108.711666666667,6.32166666666667,38.8566666666667,8.74833333333333,995.231666666668
2016,80,15,56.784,16.6683333333333,239.283333333333,106.613333333333,6.2,38.195,9.37666666666667,995.266666666667,56.784,16.6683333333333,239.283333333333,106.613333333333,6.2,38.195,9.37666666666667,995.266666666667
2016,80,16,66.9865,6.855,119.525,52.4083333333333,5.93666666666666,41.6816666666667,9.05833333333334,995.448333333333,66.9865,6.855,119.525,52.4083333333333,5.93666666666666,41.6816666666667,9.05833333333334,995.448333333333
2016,80,17,77.9908333333333,60.2566666666667,44.6566666666667,24.5166666666667,6.00666666666666,43.6616666666667,6.93333333333333,995.885,77.9908333333333,60.2566666666667,44.6566666666667,24.5166666666667,6.00666666666666,43.6616666666667,6.93333333333333,995.885
2016,80,18,89.2825,3.385,9.95833333333333,4.21,5.61666666666667,49.0966666666667,6.08666666666667,996.263333333335,89.2825,3.385,9.95833333333333,4.21,5.61666666666667,49.0966666666667,6.08666666666667,996.263333333335
2016,80,19,100.878,-0.358333333333333,-0.218333333333333,0,4.91666666666667,55.0666666666667,3.80333333333333,996.559999999999,100.878,-0.358333333333333,-0.218333333333333,0,4.91666666666667,55.0666666666667,3.80333333333333,996.559999999999
2016,80,20,111.928166666667,1.56666666666667,-0.19,0,4.23333333333333,57.9716666666667,3.195,996.838333333335,111.928166666667,1.56666666666667,-0.19,0,4.23333333333333,57.9716666666667,3.195,996.838333333335
2016,80,21,122.162833333333,2.79833333333333,0,0,3.77833333333333,62.4566666666667,3.13666666666667,997.016666666666,122.162833333333,2.79833333333333,0,0,3.77833333333333,62.4566666666667,3.13666666666667,997.016666666666
2016,80,22,130.877833333333,1.63333333333333,-0.0316666666666667,0,3.605,65.9833333333333,3.49666666666666,997.025,130.877833333333,1.63333333333333,-0.0316666666666667,0,3.605,65.9833333333333,3.49666666666666,997.025
2016,80,23,137.013833333333,1.14333333333333,-0.203333333333333,0,2.62166666666667,66.6533333333333,4.29833333333333,996.915000000001,137.013833333333,1.14333333333333,-0.203333333333333,0,2.62166666666667,66.6533333333333,4.29833333333333,996.915000000001
2016,81,0,139.3365,2.05166666666667,-0.02,0,1.48333333333333,67.9,4.61,996.639999999999,139.3365,2.05166666666667,-0.02,0,1.48333333333333,67.9,4.61,996.639999999999
2016,81,1,137.213666666667,2.67833333333334,-0.0416666666666667,0,0.82,70.4533333333333,4.32833333333333,996.599999999999,137.213666666667,2.67833333333334,-0.0416666666666667,0,0.82,70.4533333333333,4.32833333333333,996.599999999999
2016,81,2,131.224833333333,2.755,-0.00166666666666667,0,0.146666666666667,74.1833333333333,3.92166666666667,996.574999999999,131.224833333333,2.755,-0.00166666666666667,0,0.146666666666667,74.1833333333333,3.92166666666667,996.574999999999
2016,81,3,122.597666666667,3.15333333333334,0,0,-0.236666666666667,76.4199999999999,3.98166666666667,996.548333333333,122.597666666667,3.15333333333334,0,0,-0.236666666666667,76.4199999999999,3.98166666666667,996.548333333333
2016,81,4,112.4075,3.40166666666667,-0.00333333333333333,0,-0.488333333333334,78.1966666666667,4.07666666666667,996.696666666667,112.4075,3.40166666666667,-0.00333333333333333,0,-0.488333333333334,78.1966666666667,4.07666666666667,996.696666666667
2016,81,5,101.370333333333,2.26666666666667,0,0,-1.39166666666667,82.8333333333333,3.895,996.986666666667,101.370333333333,2.26666666666667,0,0,-1.39166666666667,82.8333333333333,3.895,996.986666666667
2016,81,6,89.7786666666667,79.9633333333333,13.665,5.55833333333333,-1.62833333333333,84.6933333333334,3.60666666666667,997.261666666667,89.7786666666667,79.9633333333333,13.665,5.55833333333333,-1.62833333333333,84.6933333333334,3.60666666666667,997.261666666667
2016,81,7,78.4385,449.035,53.7316666666667,60.1416666666667,-0.45,82.2133333333333,4.01333333333333,997.783333333334,78.4385,449.035,53.7316666666667,60.1416666666667,-0.45,82.2133333333333,4.01333333333333,997.783333333334
2016,81,8,67.3763333333333,780.661666666667,79.0166666666667,153.808333333333,2.18833333333333,70.225,5.22166666666667,998.013333333333,67.3763333333333,780.661666666667,79.0166666666667,153.808333333333,2.18833333333333,70.225,5.22166666666667,998.013333333333
2016,81,9,57.0716666666667,850.845,93.22,228.258333333333,4.355,56.4816666666667,4.77666666666667,998.261666666668,57.0716666666667,850.845,93.22,228.258333333333,4.355,56.4816666666667,4.77666666666667,998.261666666668
2016,81,10,48.2535,889.305,125.28,292.121666666667,5.6,49.6516666666667,5.155,997.946666666666,48.2535,889.305,125.28,292.121666666667,5.6,49.6516666666667,5.155,997.946666666666
2016,81,11,42.0051666666667,552.371666666667,278.023333333333,286.218333333333,6.52333333333334,47.08,6.60666666666667,997.816666666668,42.0051666666667,552.371666666667,278.023333333333,286.218333333333,6.52333333333334,47.08,6.60666666666667,997.816666666668
2016,81,12,39.6168333333333,540.346666666667,252.843333333333,277.433333333333,7.495,43.51,7.54166666666667,997.321666666666,39.6168333333333,540.346666666667,252.843333333333,277.433333333333,7.495,43.51,7.54166666666667,997.321666666666
2016,81,13,41.7615,943.843333333333,120.126666666667,334.9,8.67,38.9416666666667,7.08,996.031666666667,41.7615,943.843333333333,120.126666666667,334.9,8.67,38.9416666666667,7.08,996.031666666667
2016,81,14,47.8265,916.556666666667,99.3633333333334,290.96,9.60833333333333,34.94,6.70333333333333,994.943333333334,47.8265,916.556666666667,99.3633333333334,290.96,9.60833333333333,34.94,6.70333333333333,994.943333333334
2016,81,15,56.5305,851.365,92.2516666666667,226.775,10.455,32.1633333333333,5.86833333333333,994.011666666667,56.5305,851.365,92.2516666666667,226.775,10.455,32.1633333333333,5.86833333333333,994.011666666667
2016,81,16,66.7646666666667,710.398333333333,89.8033898305085,147.656666666667,10.9766666666667,30.4183333333333,5.95833333333334,993.183333333333,66.7646666666667,710.398333333333,89.8033898305085,147.656666666667,10.9766666666667,30.4183333333333,5.95833333333334,993.183333333333
2016,81,17,77.7891666666667,290.883333333333,64.5116666666666,54.7083333333333,10.9933333333333,32.805,6.89333333333333,992.625,77.7891666666667,290.883333333333,64.5116666666666,54.7083333333333,10.9933333333333,32.805,6.89333333333333,992.625
2016,81,18,89.0838333333333,64.1083333333333,19.27,2.3962962962963,10.0066666666667,39.89,5.545,992.165,89.0838333333333,64.1083333333333,19.27,2.3962962962963,10.0066666666667,39.89,5.545,992.165
2016,81,19,100.674333333333,-1.33833333333333,-0.27,0,7.92666666666667,50.1433333333333,5.04,991.901666666667,100.674333333333,-1.33833333333333,-0.27,0,7.92666666666667,50.1433333333333,5.04,991.901666666667
2016,81,20,111.706333333333,-0.426666666666667,-0.195,0,7.31833333333333,56.0066666666667,5.33666666666666,991.718333333333,111.706333333333,-0.426666666666667,-0.195,0,7.31833333333333,56.0066666666667,5.33666666666666,991.718333333333
2016,81,21,121.9075,0.0566666666666667,-0.108333333333333,0,6.37833333333334,62.0266666666666,5.21166666666667,991.791666666667,121.9075,0.0566666666666667,-0.108333333333333,0,6.37833333333334,62.0266666666666,5.21166666666667,991.791666666667
2016,81,22,130.575666666667,-0.19,-0.196666666666667,0,5.77166666666666,64.5483333333333,5.45833333333333,991.559999999999,130.575666666667,-0.19,-0.196666666666667,0,5.77166666666666,64.5483333333333,5.45833333333333,991.559999999999
2016,81,23,136.659666666667,0.686666666666667,0,0,5.71,64.8433333333333,5.47,991.116666666666,136.659666666667,0.686666666666667,0,0,5.71,64.8433333333333,5.47,991.116666666666
2016,82,0,138.944,-0.0683333333333333,-0.133333333333333,0,5.54166666666667,65.3316666666667,6.165,990.896666666667,138.944,-0.0683333333333333,-0.133333333333333,0,5.54166666666667,65.3316666666667,6.165,990.896666666667
2016,82,1,136.815333333333,0.388333333333333,-0.00666666666666667,0,5.13666666666666,66.8783333333333,6.43166666666667,990.476666666667,136.815333333333,0.388333333333333,-0.00666666666666667,0,5.13666666666666,66.8783333333333,6.43166666666667,990.476666666667
2016,82,2,130.846,0.383333333333333,-0.0983333333333334,0,5.13333333333333,67.21,7.31333333333333,989.461666666666,130.846,0.383333333333333,-0.0983333333333334,0,5.13333333333333,67.21,7.31333333333333,989.461666666666
2016,82,3,122.246166666667,0.213333333333333,-0.196666666666666,0,4.73,69.79,7.74166666666667,988.416666666666,122.246166666667,0.213333333333333,-0.196666666666666,0,4.73,69.79,7.74166666666667,988.416666666666
2016,82,4,112.078166666667,0.203333333333333,-0.101666666666667,0,4.46166666666667,71.5716666666666,7.13833333333333,988.018333333334,112.078166666667,0.203333333333333,-0.101666666666667,0,4.46166666666667,71.5716666666666,7.13833333333333,988.018333333334
2016,82,5,101.055,0.283333333333333,-0.0183333333333333,0,4.29,72.18,6.88333333333333,987.465000000001,101.055,0.283333333333333,-0.0183333333333333,0,4.29,72.18,6.88333333333333,987.465000000001
2016,82,6,89.4583333333333,65.735,14.545,7.65932203389831,4.24,72.5566666666667,7.62,986.896666666668,89.4583333333333,65.735,14.545,7.65932203389831,4.24,72.5566666666667,7.62,986.896666666668
2016,82,7,78.1258333333333,418.021666666667,71.3716666666667,65.2683333333333,5.705,66.9166666666667,8.05666666666667,986.893333333334,78.1258333333333,418.021666666667,71.3716666666667,65.2683333333333,5.705,66.9166666666667,8.05666666666667,986.893333333334
2016,82,8,67.0488333333333,638.655,112.936666666667,151.256666666667,8.43166666666666,56.4966666666667,10.0983333333333,986.161666666667,67.0488333333333,638.655,112.936666666667,151.256666666667,8.43166666666666,56.4966666666667,10.0983333333333,986.161666666667
2016,82,9,56.723,363.208333333333,210.315,168.668333333333,10.22,49.7483333333333,12.2516666666667,985.796666666667,56.723,363.208333333333,210.315,168.668333333333,10.22,49.7483333333333,12.2516666666667,985.796666666667
2016,82,10,47.8786666666667,460.951666666667,162.6,202.363333333333,11.965,45.8816666666667,11.0916666666667,984.939999999999,47.8786666666667,460.951666666667,162.6,202.363333333333,11.965,45.8816666666667,11.0916666666667,984.939999999999
2016,82,11,41.6075,844.8,142.085,321.916666666667,14.7483333333333,38.5783333333333,11.99,984.238333333333,41.6075,844.8,142.085,321.916666666667,14.7483333333333,38.5783333333333,11.99,984.238333333333
2016,82,12,39.2245,889.481666666667,122.475,337.27,15.8683333333333,39.1316666666667,12.88,983.086666666667,39.2245,889.481666666667,122.475,337.27,15.8683333333333,39.1316666666667,12.88,983.086666666667
2016,82,13,41.4068333333333,833.381666666667,141.326666666667,319.378333333333,17.06,35.9733333333334,15.0916666666667,981.556666666667,41.4068333333333,833.381666666667,141.326666666667,319.378333333333,17.06,35.9733333333334,15.0916666666667,981.556666666667
2016,82,14,47.5261666666667,465.141666666667,265.153333333333,246.06,18.215,32.9733333333333,13.7766666666667,980.169999999999,47.5261666666667,465.141666666667,265.153333333333,246.06,18.215,32.9733333333333,13.7766666666667,980.169999999999
2016,82,15,56.2765,178.411666666667,297.428333333333,170.286666666667,19.0616666666667,31.2483333333333,14.3966666666667,979.575,56.2765,178.411666666667,297.428333333333,170.286666666667,19.0616666666667,31.2483333333333,14.3966666666667,979.575
2016,82,16,66.5446666666667,52.1016666666667,209.908333333333,99.1133333333333,18.65,32.6133333333333,14.7133333333333,979.766666666667,66.5446666666667,52.1016666666667,209.908333333333,99.1133333333333,18.65,32.6133333333333,14.7133333333333,979.766666666667
2016,82,17,77.5881666666667,-1.05333333333333,63.84,27.7383333333333,17.18,37.0866666666667,12.8666666666667,980.275,77.5881666666667,-1.05333333333333,63.84,27.7383333333333,17.18,37.0866666666667,12.8666666666667,980.275
2016,82,18,88.8845,-0.831666666666667,5.08833333333333,2.33,16.1133333333333,42.7383333333333,10.1116666666667,980.711666666667,88.8845,-0.831666666666667,5.08833333333333,2.33,16.1133333333333,42.7383333333333,10.1116666666667,980.711666666667
2016,82,19,100.470666666667,-0.348333333333333,-0.388333333333333,0,15.225,47.0883333333333,9.20166666666666,980.848333333333,100.470666666667,-0.348333333333333,-0.388333333333333,0,15.225,47.0883333333333,9.20166666666666,980.848333333333
2016,82,20,111.483166666667,-0.178333333333333,-0.346666666666667,0,14.7783333333333,48.8383333333333,9.50833333333333,981.335,111.483166666667,-0.178333333333333,-0.346666666666667,0,14.7783333333333,48.8383333333333,9.50833333333333,981.335
2016,82,21,121.6515,-0.285,-0.35,0,14.1333333333333,51.9866666666667,9.16666666666667,981.588333333332,121.6515,-0.285,-0.35,0,14.1333333333333,51.9866666666667,9.16666666666667,981.588333333332
2016,82,22,130.274,-0.175,-0.271666666666667,0,13.77,54.3466666666667,8.93000000000001,981.989999999999,130.274,-0.175,-0.271666666666667,0,13.77,54.3466666666667,8.93000000000001,981.989999999999
2016,82,23,136.306,-0.266666666666667,-0.296666666666667,0,13.3933333333333,55.445,8.24333333333333,982.313333333334,136.306,-0.266666666666667,-0.296666666666667,0,13.3933333333333,55.445,8.24333333333333,982.313333333334
2016,83,0,138.551333333333,-0.281666666666667,-0.305,0,12.8883333333333,58.2766666666667,7.56166666666667,982.491666666667,138.551333333333,-0.281666666666667,-0.305,0,12.8883333333333,58.2766666666667,7.56166666666667,982.491666666667
2016,83,1,136.416,0.211666666666667,-0.095,0,12.87,59.7966666666667,9.23333333333333,982.421666666667,136.416,0.211666666666667,-0.095,0,12.87,59.7966666666667,9.23333333333333,982.421666666667
2016,83,2,130.467,-0.13,-0.103333333333333,0,12.7133333333333,62.3266666666667,9.76333333333333,982.209999999999,130.467,-0.13,-0.103333333333333,0,12.7133333333333,62.3266666666667,9.76333333333333,982.209999999999
2016,83,3,121.893666666667,-0.0883333333333334,-0.0266666666666667,0,12.45,64.6116666666667,9.09333333333333,982.081666666666,121.893666666667,-0.0883333333333334,-0.0266666666666667,0,12.45,64.6116666666667,9.09333333333333,982.081666666666
2016,83,4,111.7475,-0.04,-0.00666666666666667,0,12.2516666666667,66.99,8.46166666666667,982.410000000001,111.7475,-0.04,-0.00666666666666667,0,12.2516666666667,66.99,8.46166666666667,982.410000000001
2016,83,5,100.739333333333,0.0883333333333333,-0.0133333333333333,0,12.1016666666667,69.6016666666667,8.05,982.783333333334,100.739333333333,0.0883333333333333,-0.0133333333333333,0,12.1016666666667,69.6016666666667,8.05,982.783333333334
2016,83,6,89.1503333333333,4.94166666666667,10.57,4.62666666666667,12.2816666666667,71.2333333333333,8.24833333333333,982.865,89.1503333333333,4.94166666666667,10.57,4.62666666666667,12.2816666666667,71.2333333333333,8.24833333333333,982.865
2016,83,7,77.8135,220.995,81.8433333333333,55.275,12.94,70.1383333333334,9.42,983.176666666667,77.8135,220.995,81.8433333333333,55.275,12.94,70.1383333333334,9.42,983.176666666667
2016,83,8,66.722,480.64,96.5983333333333,126.456666666667,14.0566666666667,66.9033333333333,11.7866666666667,983.601666666665,66.722,480.64,96.5983333333333,126.456666666667,14.0566666666667,66.9033333333333,11.7866666666667,983.601666666665
2016,83,9,56.3755,708.915,128.758333333333,221.458333333333,15.565,62.365,12.4633333333333,983.825,56.3755,708.915,128.758333333333,221.458333333333,15.565,62.365,12.4633333333333,983.825
2016,83,10,47.5036666666667,773.036666666667,142.74,282.261666666667,16.975,58.52,12.205,983.778333333333,47.5036666666667,773.036666666667,142.74,282.261666666667,16.975,58.52,12.205,983.778333333333
2016,83,11,41.2108333333333,662.556666666667,239.663333333333,314.135,18.0616666666667,55.3583333333333,11.6516666666667,983.138333333333,41.2108333333333,662.556666666667,239.663333333333,314.135,18.0616666666667,55.3583333333333,11.6516666666667,983.138333333333
2016,83,12,38.8313333333333,50.2533333333333,298.126666666667,150.785,17.6933333333333,56.865,11.0266666666667,983.015,38.8313333333333,50.2533333333333,298.126666666667,150.785,17.6933333333333,56.865,11.0266666666667,983.015
2016,83,13,41.0541666666667,0.228333333333333,180.905,84.7016666666666,17.74,57.1716666666667,10.3,982.451666666667,41.0541666666667,0.228333333333333,180.905,84.7016666666666,17.74,57.1716666666667,10.3,982.451666666667
2016,83,14,47.228,0.0566666666666665,166.4,77.2416666666666,18.2066666666667,56.1033333333333,10.4683333333333,981.863333333333,47.228,0.0566666666666665,166.4,77.2416666666666,18.2066666666667,56.1033333333333,10.4683333333333,981.863333333333
2016,83,15,56.0253333333333,-0.576666666666667,112.701666666667,52.44,17.7166666666667,57.425,11.7033333333333,981.628333333333,56.0253333333333,-0.576666666666667,112.701666666667,52.44,17.7166666666667,57.425,11.7033333333333,981.628333333333
2016,83,16,66.3265,-0.476666666666666,76.2033333333334,35.3216666666667,17.335,58.6333333333333,11.205,981.491666666667,66.3265,-0.476666666666666,76.2033333333334,35.3216666666667,17.335,58.6333333333333,11.205,981.491666666667
2016,83,17,77.388,-0.646666666666667,17.3916666666667,8.40833333333334,16.4933333333333,63.4233333333333,9.80666666666667,981.838333333333,77.388,-0.646666666666667,17.3916666666667,8.40833333333334,16.4933333333333,63.4233333333333,9.80666666666667,981.838333333333
2016,83,18,88.6863333333333,-0.25,1.22,0.693333333333333,15.79,67.7433333333333,8.3,982.15,88.6863333333333,-0.25,1.22,0.693333333333333,15.79,67.7433333333333,8.3,982.15
2016,83,19,100.267,-0.555,-0.0116666666666667,0,15.2316666666667,72.7583333333334,8.19666666666667,981.858333333333,100.267,-0.555,-0.0116666666666667,0,15.2316666666667,72.7583333333334,8.19666666666667,981.858333333333
2016,83,20,111.2605,-0.00333333333333332,0,0,15.0416666666667,75.2033333333333,9.38833333333333,981.29,111.2605,-0.00333333333333332,0,0,15.0416666666667,75.2033333333333,9.38833333333333,981.29
2016,83,21,121.395666666667,-0.0316666666666666,0,0,14.8266666666667,78.1383333333333,8.5,980.378333333333,121.395666666667,-0.0316666666666666,0,0,14.8266666666667,78.1383333333333,8.5,980.378333333333
2016,83,22,129.972166666667,0.411666666666666,0,0,15.24,75.745,8.135,980.085,129.972166666667,0.411666666666666,0,0,15.24,75.745,8.135,980.085
2016,83,23,135.952,0.441666666666667,0,0,15.7983333333333,74.245,5.78833333333333,980.67,135.952,0.441666666666667,0,0,15.7983333333333,74.245,5.78833333333333,980.67
2016,84,0,138.160333333333,0.846666666666667,0,0,16.7716666666667,69.8633333333333,7.79833333333333,980.036666666667,138.160333333333,0.846666666666667,0,0,16.7716666666667,69.8633333333333,7.79833333333333,980.036666666667
2016,84,1,136.019166666667,-0.9,-0.141666666666667,0,15.9433333333333,72.9483333333334,5.99833333333333,979.366666666666,136.019166666667,-0.9,-0.141666666666667,0,15.9433333333333,72.9483333333334,5.99833333333333,979.366666666666
2016,84,2,130.089166666667,-0.03,-0.0466666666666667,0,15.2316666666667,75.585,6.10166666666666,978.61,130.089166666667,-0.03,-0.0466666666666667,0,15.2316666666667,75.585,6.10166666666666,978.61
2016,84,3,121.5415,0.54,0,0,15.535,73.875,7.07666666666667,978.013333333334,121.5415,0.54,0,0,15.535,73.875,7.07666666666667,978.013333333334
2016,84,4,111.416833333333,0.151666666666667,0,0,15.7283333333333,72.8666666666667,6.905,977.345,111.416833333333,0.151666666666667,0,0,15.7283333333333,72.8666666666667,6.905,977.345
2016,84,5,100.420833333333,-0.533333333333333,-0.0566666666666667,0.005,15.145,78.035,5.42166666666667,976.931666666667,100.420833333333,-0.533333333333333,-0.0566666666666667,0.005,15.145,78.035,5.42166666666667,976.931666666667
2016,84,6,88.8318333333333,-1.12833333333333,0.506666666666667,0.301666666666667,15.325,78.2483333333333,3.28166666666667,976.665,88.8318333333333,-1.12833333333333,0.506666666666667,0.301666666666667,15.325,78.2483333333333,3.28166666666667,976.665
2016,84,7,77.5011666666667,-0.0399999999999999,9.11833333333333,4.95833333333333,14.3583333333333,86.01,3.97333333333333,975.563333333333,77.5011666666667,-0.0399999999999999,9.11833333333333,4.95833333333333,14.3583333333333,86.01,3.97333333333333,975.563333333333
2016,84,8,66.3963333333333,0.206666666666667,29.7316666666667,15.44,14.4233333333333,90.225,9.30666666666666,974.585,66.3963333333333,0.206666666666667,29.7316666666667,15.44,14.4233333333333,90.225,9.30666666666666,974.585
2016,84,9,56.0281666666667,13.505,217.646666666667,100.708333333333,14.9466666666667,88.3516666666667,11.6433333333333,973.915,56.0281666666667,13.505,217.646666666667,100.708333333333,14.9466666666667,88.3516666666667,11.6433333333333,973.915
2016,84,10,47.1291666666667,26.3516666666667,234.406666666667,115.043333333333,15.8083333333333,82.83,12.2966666666667,973.153333333333,47.1291666666667,26.3516666666667,234.406666666667,115.043333333333,15.8083333333333,82.83,12.2966666666667,973.153333333333
2016,84,11,40.8143333333333,9.80740740740741,209.253333333333,98.6316666666666,13.9,81.1233333333333,11.975,973.166666666666,40.8143333333333,9.80740740740741,209.253333333333,98.6316666666666,13.9,81.1233333333333,11.975,973.166666666666
2016,84,12,38.44,166.765,389.77,220.32,12.8216666666667,67.4783333333333,12.9183333333333,974.13,38.44,166.765,389.77,220.32,12.8216666666667,67.4783333333333,12.9183333333333,974.13
2016,84,13,40.702,91.3633333333334,311.886666666667,165.246666666667,11.2966666666667,69.1016666666667,13.6983333333333,975.271666666667,40.702,91.3633333333334,311.886666666667,165.246666666667,11.2966666666667,69.1016666666667,13.6983333333333,975.271666666667
2016,84,14,46.931,-0.865,79.3633333333334,37.865,10.085,73.595,11.2583333333333,975.693333333333,46.931,-0.865,79.3633333333334,37.865,10.085,73.595,11.2583333333333,975.693333333333
2016,84,15,55.777,26.6416666666667,126.051666666667,63.2416666666667,9.16333333333333,77.105,12.2533333333333,976.601666666667,55.777,26.6416666666667,126.051666666667,63.2416666666667,9.16333333333333,77.105,12.2533333333333,976.601666666667
2016,84,16,66.1083333333333,-0.793333333333333,43.3516666666667,20.9183333333333,7.15333333333333,82.66,11.1483333333333,977.756666666668,66.1083333333333,-0.793333333333333,43.3516666666667,20.9183333333333,7.15333333333333,82.66,11.1483333333333,977.756666666668
2016,84,17,77.189,-1.60666666666667,24.5616666666667,11.0883333333333,5.34333333333333,85.515,10.2033333333333,979.123333333334,77.189,-1.60666666666667,24.5616666666667,11.0883333333333,5.34333333333333,85.515,10.2033333333333,979.123333333334
2016,84,18,88.489,-0.781666666666667,2.75333333333333,1.38166666666667,3.32666666666667,86.905,9.98333333333333,980.953333333333,88.489,-0.781666666666667,2.75333333333333,1.38166666666667,3.32666666666667,86.905,9.98333333333333,980.953333333333
2016,84,19,100.064833333333,0.295,-0.08,0,2.26333333333333,86.5416666666667,10.065,982.723333333333,100.064833333333,0.295,-0.08,0,2.26333333333333,86.5416666666667,10.065,982.723333333333
2016,84,20,111.038166666667,0.631666666666666,-0.306666666666667,0,1.77833333333333,83.3416666666667,9.72166666666667,984.433333333333,111.038166666667,0.631666666666666,-0.306666666666667,0,1.77833333333333,83.3416666666667,9.72166666666667,984.433333333333
2016,84,21,121.139833333333,0.646666666666666,-0.288333333333333,0,1.19166666666667,80.9766666666667,10.395,985.691666666666,121.139833333333,0.646666666666666,-0.288333333333333,0,1.19166666666667,80.9766666666667,10.395,985.691666666666
2016,84,22,129.668833333333,0.865,-0.27,0,0.538333333333333,80.2116666666666,9.85,986.623333333333,129.668833333333,0.865,-0.27,0,0.538333333333333,80.2116666666666,9.85,986.623333333333
2016,84,23,135.596333333333,1.035,-0.291666666666667,0,0.18,77.9916666666667,9.26666666666667,987.405,135.596333333333,1.035,-0.291666666666667,0,0.18,77.9916666666667,9.26666666666667,987.405
2016,85,0,137.768,1.31833333333333,-0.266666666666667,0,-0.0466666666666667,79.9216666666667,7.80333333333333,987.896666666666,137.768,1.31833333333333,-0.266666666666667,0,-0.0466666666666667,79.9216666666667,7.80333333333333,987.896666666666
2016,85,1,135.621166666667,1.23666666666667,-0.276666666666667,0,-0.44,77.2266666666667,8,988.53,135.621166666667,1.23666666666667,-0.276666666666667,0,-0.44,77.2266666666667,8,988.53
2016,85,2,129.711,1.60833333333333,-0.24,0,-0.56,78.1066666666667,6.565,988.966666666667,129.711,1.60833333333333,-0.24,0,-0.56,78.1066666666667,6.565,988.966666666667
2016,85,3,121.189333333333,1.95833333333333,-0.183333333333333,0,-0.563333333333334,77.645,5.46333333333333,989.51,121.189333333333,1.95833333333333,-0.183333333333333,0,-0.563333333333334,77.645,5.46333333333333,989.51
2016,85,4,111.086,1.87,-0.29,0,-0.671666666666667,77.1233333333333,6.11666666666667,990.401666666667,111.086,1.87,-0.29,0,-0.671666666666667,77.1233333333333,6.11666666666667,990.401666666667
2016,85,5,100.105166666667,1.71666666666667,-0.341666666666667,0,-0.881666666666666,77.17,5.68333333333333,991.206666666666,100.105166666667,1.71666666666667,-0.341666666666667,0,-0.881666666666666,77.17,5.68333333333333,991.206666666666
2016,85,6,88.5133333333333,1.745,8.99666666666667,4.19333333333333,-1.03166666666667,78.37,6.3,991.946666666666,88.5133333333333,1.745,8.99666666666667,4.19333333333333,-1.03166666666667,78.37,6.3,991.946666666666
2016,85,7,77.1895,2.435,89.0216666666667,38.425,-0.911666666666666,77.6383333333333,6.38166666666667,992.414999999999,77.1895,2.435,89.0216666666667,38.425,-0.911666666666666,77.6383333333333,6.38166666666667,992.414999999999
2016,85,8,66.0713333333333,7.28666666666667,201.653333333333,87.71,-0.436666666666666,77.2516666666667,5.52666666666667,992.818333333334,66.0713333333333,7.28666666666667,201.653333333333,87.71,-0.436666666666666,77.2516666666667,5.52666666666667,992.818333333334
2016,85,9,55.6823333333333,466.338333333333,267.308333333333,221.061666666667,0.925,72.7533333333333,3.43666666666667,993.31,55.6823333333333,466.338333333333,267.308333333333,221.061666666667,0.925,72.7533333333333,3.43666666666667,993.31
2016,85,10,46.7548333333333,475.551666666667,314.868333333333,264.01,2.39833333333333,67.5916666666667,2.30833333333333,993.708333333332,46.7548333333333,475.551666666667,314.868333333333,264.01,2.39833333333333,67.5916666666667,2.30833333333333,993.708333333332
2016,85,11,40.419,391.278333333333,424.905,300.473333333333,3.14166666666667,68.825,3.04166666666667,993.638333333332,40.419,391.278333333333,424.905,300.473333333333,3.14166666666667,68.825,3.04166666666667,993.638333333332
2016,85,12,38.049,396.005,429.146666666667,307.198333333333,3.88166666666667,69.225,3.48833333333333,993.511666666667,38.049,396.005,429.146666666667,307.198333333333,3.88166666666667,69.225,3.48833333333333,993.511666666667
2016,85,13,40.3515,244.263333333333,424.818333333333,255.75,4.64666666666667,67.3733333333333,3.16,993.335,40.3515,244.263333333333,424.818333333333,255.75,4.64666666666667,67.3733333333333,3.16,993.335
2016,85,14,46.6355,657.481666666667,246.685,282.66,6.00166666666666,62.6733333333334,2.26833333333333,992.646666666666,46.6355,657.481666666667,246.685,282.66,6.00166666666666,62.6733333333334,2.26833333333333,992.646666666666
2016,85,15,55.528,901.283333333333,120.888333333333,251.406666666667,6.94,59.8616666666667,2.22,992.458333333334,55.528,901.283333333333,120.888333333333,251.406666666667,6.94,59.8616666666667,2.22,992.458333333334
2016,85,16,65.892,779.446666666667,80.345,157.275,7.06666666666667,59.3833333333333,2.965,992.243333333333,65.892,779.446666666667,80.345,157.275,7.06666666666667,59.3833333333333,2.965,992.243333333333
2016,85,17,76.9906666666667,589.133333333333,56.8116666666666,74.1683333333333,7.15833333333334,61.2933333333333,3.76666666666667,992.396666666666,76.9906666666667,589.133333333333,56.8116666666666,74.1683333333333,7.15833333333334,61.2933333333333,3.76666666666667,992.396666666666
2016,85,18,88.2921666666667,133.291666666667,16.37,8.19,6.54333333333333,66.4283333333333,3.58333333333333,992.881666666667,88.2921666666667,133.291666666667,16.37,8.19,6.54333333333333,66.4283333333333,3.58333333333333,992.881666666667
2016,85,19,99.8615,-0.358333333333334,-0.266666666666667,0,5.78833333333334,68.8733333333333,3.11,993.405,99.8615,-0.358333333333334,-0.266666666666667,0,5.78833333333334,68.8733333333333,3.11,993.405
2016,85,20,110.815,0.51,-0.0566666666666667,0,5.135,71.71,2.84666666666667,993.984999999999,110.815,0.51,-0.0566666666666667,0,5.135,71.71,2.84666666666667,993.984999999999
2016,85,21,120.882666666667,1.39166666666667,0,0,4.60333333333333,73.7933333333333,3.345,994.154999999999,120.882666666667,1.39166666666667,0,0,4.60333333333333,73.7933333333333,3.345,994.154999999999
2016,85,22,129.366166666667,0.358333333333334,-0.136666666666667,0,3.48,79.7366666666667,4.19833333333334,993.875,129.366166666667,0.358333333333334,-0.136666666666667,0,3.48,79.7366666666667,4.19833333333334,993.875
2016,85,23,135.243,0.291666666666667,-0.0166666666666667,0,2.87666666666667,82.4033333333333,4.02833333333333,993.961666666666,135.243,0.291666666666667,-0.0166666666666667,0,2.87666666666667,82.4033333333333,4.02833333333333,993.961666666666
2016,86,0,137.377333333333,0.426666666666667,0,0,2.20333333333333,85.3533333333333,4.425,994,137.377333333333,0.426666666666667,0,0,2.20333333333333,85.3533333333333,4.425,994
2016,86,1,135.225666666667,0.425,0,0,1.775,86.4766666666666,3.91333333333334,994.025,135.225666666667,0.425,0,0,1.775,86.4766666666666,3.91333333333334,994.025
2016,86,2,129.333166666667,0.586666666666667,0,0,1.32333333333333,87.82,3.72333333333333,994.086666666666,129.333166666667,0.586666666666667,0,0,1.32333333333333,87.82,3.72333333333333,994.086666666666
2016,86,3,120.837,0.904999999999999,0,0,1.27333333333333,88.425,3.69833333333333,994.181666666667,120.837,0.904999999999999,0,0,1.27333333333333,88.425,3.69833333333333,994.181666666667
2016,86,4,110.756666666667,1.385,0,0,0.805,90.45,3.41166666666667,994.336666666667,110.756666666667,1.385,0,0,0.805,90.45,3.41166666666667,994.336666666667
2016,86,5,99.7895,1.44333333333333,0,0,1.04666666666667,90.2016666666667,4.03333333333333,994.8,99.7895,1.44333333333333,0,0,1.04666666666667,90.2016666666667,4.03333333333333,994.8
2016,86,6,88.2075,106.8,22.105,11.6851063829787,1.49166666666667,89.7316666666666,4.32333333333333,995.19,88.2075,106.8,22.105,11.6851063829787,1.49166666666667,89.7316666666666,4.32333333333333,995.19
2016,86,7,76.8783333333333,413.706666666667,87.685,75.5166666666667,3.21666666666667,84.6533333333334,5.70333333333333,995.606666666666,76.8783333333333,413.706666666667,87.685,75.5166666666667,3.21666666666667,84.6533333333334,5.70333333333333,995.606666666666
2016,86,8,65.7465,674.4,116.168333333333,159.398333333333,4.84166666666667,77.3483333333334,5.45333333333333,995.936666666667,65.7465,674.4,116.168333333333,159.398333333333,4.84166666666667,77.3483333333334,5.45333333333333,995.936666666667
2016,86,9,55.3371666666667,717.571666666667,136.635,225.006666666667,6.44,70.3733333333333,5.615,995.954999999999,55.3371666666667,717.571666666667,136.635,225.006666666667,6.44,70.3733333333333,5.615,995.954999999999
2016,86,10,46.3831666666667,873.491666666667,121.046666666667,295.361666666667,8.13,63.39,4.695,995.816666666667,46.3831666666667,873.491666666667,121.046666666667,295.361666666667,8.13,63.39,4.695,995.816666666667
2016,86,11,40.0245,944.79,101.415,335.54,10.2616666666667,53.3633333333333,5.16166666666667,994.581666666667,40.0245,944.79,101.415,335.54,10.2616666666667,53.3633333333333,5.16166666666667,994.581666666667
2016,86,12,37.658,967.53,94.0433333333333,349.38,11.765,47.9733333333333,5.82333333333333,993.675000000001,37.658,967.53,94.0433333333333,349.38,11.765,47.9733333333333,5.82333333333333,993.675000000001
2016,86,13,40.002,963.503333333334,91.4816666666667,336.988333333333,13.0166666666667,44.8533333333333,5.96333333333333,992.955,40.002,963.503333333334,91.4816666666667,336.988333333333,13.0166666666667,44.8533333333333,5.96333333333333,992.955
2016,86,14,46.3431666666667,916.53,103.27,298.486666666667,14.3183333333333,38.975,6.01166666666667,992.338333333334,46.3431666666667,916.53,103.27,298.486666666667,14.3183333333333,38.975,6.01166666666667,992.338333333334
2016,86,15,55.2825,847.003333333334,96.885,234.165,15.4016666666667,34.6633333333333,6.74333333333333,992.061666666667,55.2825,847.003333333334,96.885,234.165,15.4016666666667,34.6633333333333,6.74333333333333,992.061666666667
2016,86,16,65.6785,749.761666666667,85.8883333333333,158.466666666667,15.855,32.7266666666667,6.51333333333333,991.745,65.6785,749.761666666667,85.8883333333333,158.466666666667,15.855,32.7266666666667,6.51333333333333,991.745
2016,86,17,76.7935,567.858333333333,50.055,73.5816666666667,15.825,33.3683333333333,6.255,991.594999999999,76.7935,567.858333333333,50.055,73.5816666666667,15.825,33.3683333333333,6.255,991.594999999999
2016,86,18,88.0953333333333,30.6966666666667,13.795,8.095,14.4033333333333,38.735,3.88833333333333,991.566666666667,88.0953333333333,30.6966666666667,13.795,8.095,14.4033333333333,38.735,3.88833333333333,991.566666666667
2016,86,19,99.6588333333333,-1.39833333333333,-0.266666666666667,0,12.8833333333333,43.895,4.12333333333333,991.516666666668,99.6588333333333,-1.39833333333333,-0.266666666666667,0,12.8833333333333,43.895,4.12333333333333,991.516666666668
2016,86,20,110.591333333333,-0.848333333333334,-0.385,0,12.1516666666667,47.02,3.375,991.765000000001,110.591333333333,-0.848333333333334,-0.385,0,12.1516666666667,47.02,3.375,991.765000000001
2016,86,21,120.626166666667,-0.551666666666666,-0.265,0,11.235,49.9583333333333,3.29166666666667,992.11,120.626166666667,-0.551666666666666,-0.265,0,11.235,49.9583333333333,3.29166666666667,992.11
2016,86,22,129.0635,-0.528333333333333,-0.2,0,10.4083333333333,53.545,2.86333333333333,992.263333333334,129.0635,-0.528333333333333,-0.2,0,10.4083333333333,53.545,2.86333333333333,992.263333333334
2016,86,23,134.889,0.426666666666667,-0.005,0,9.76166666666667,56.595,2.97833333333333,992.668333333332,134.889,0.426666666666667,-0.005,0,9.76166666666667,56.595,2.97833333333333,992.668333333332
2016,87,0,136.986666666667,-0.798333333333333,-0.158333333333333,0,9.04,60.3533333333333,3.80166666666667,992.775,136.986666666667,-0.798333333333333,-0.158333333333333,0,9.04,60.3533333333333,3.80166666666667,992.775
2016,87,1,134.829666666667,1.125,0,0,8.20166666666667,65.1166666666667,3.85833333333333,992.498333333333,134.829666666667,1.125,0,0,8.20166666666667,65.1166666666667,3.85833333333333,992.498333333333
2016,87,2,128.955666666667,0.336666666666667,0,0,7.275,68.85,3.20166666666667,991.725,128.955666666667,0.336666666666667,0,0,7.275,68.85,3.20166666666667,991.725
2016,87,3,120.485166666667,0.321666666666667,0,0,7.22833333333334,68.1266666666667,3.68166666666667,990.915,120.485166666667,0.321666666666667,0,0,7.22833333333334,68.1266666666667,3.68166666666667,990.915
2016,87,4,110.4265,0.771666666666667,0,0,6.48333333333334,71.07,3.14333333333333,990.649999999999,110.4265,0.771666666666667,0,0,6.48333333333334,71.07,3.14333333333333,990.649999999999
2016,87,5,99.4738333333333,2.1,0,0,6.10333333333334,72.01,2.60166666666667,990.78,99.4738333333333,2.1,0,0,6.10333333333334,72.01,2.60166666666667,990.78
2016,87,6,87.8895,62.65,16.8333333333333,9.09245283018868,5.64833333333333,73.4783333333334,2.57,990.085,87.8895,62.65,16.8333333333333,9.09245283018868,5.64833333333333,73.4783333333334,2.57,990.085
2016,87,7,76.5676666666667,518.68,63.5866666666667,74.6133333333333,6.55333333333333,72.67,1.565,990.131666666668,76.5676666666667,518.68,63.5866666666667,74.6133333333333,6.55333333333333,72.67,1.565,990.131666666668
2016,87,8,65.4241666666667,677.14,96.68,153.066666666667,10.7983333333333,62.665,3.31666666666667,989.661666666667,65.4241666666667,677.14,96.68,153.066666666667,10.7983333333333,62.665,3.31666666666667,989.661666666667
2016,87,9,54.9945,696.66,168.28,232.943333333333,14.76,52.2033333333333,4.57833333333333,989.163333333332,54.9945,696.66,168.28,232.943333333333,14.76,52.2033333333333,4.57833333333333,989.163333333332
2016,87,10,46.012,350.893333333333,325.51,240.133333333333,16.8916666666667,40.4016666666667,5.89833333333334,988.438333333333,46.012,350.893333333333,325.51,240.133333333333,16.8916666666667,40.4016666666667,5.89833333333334,988.438333333333
2016,87,11,39.6308333333333,18.5933333333333,339.095,158.56,17.3,41.0233333333333,4.96333333333333,987.143333333334,39.6308333333333,18.5933333333333,339.095,158.56,17.3,41.0233333333333,4.96333333333333,987.143333333334
2016,87,12,37.2696666666667,9.38166666666667,296.963333333333,136.905,17.7266666666667,35.7066666666667,5.42,985.703333333334,37.2696666666667,9.38166666666667,296.963333333333,136.905,17.7266666666667,35.7066666666667,5.42,985.703333333334
2016,87,13,39.6543333333333,25.53,381.005,175.57,18.64,31.955,8.48166666666667,985.566666666667,39.6543333333333,25.53,381.005,175.57,18.64,31.955,8.48166666666667,985.566666666667
2016,87,14,46.0513333333333,75.9283333333333,325.658333333333,165.276666666667,17.8216666666667,44.0683333333333,8.715,984.801666666666,46.0513333333333,75.9283333333333,325.658333333333,165.276666666667,17.8216666666667,44.0683333333333,8.715,984.801666666666
2016,87,15,55.0376666666667,-2.10666666666667,139.13,65.455,13.58,62.195,11.975,985.363333333333,55.0376666666667,-2.10666666666667,139.13,65.455,13.58,62.195,11.975,985.363333333333
2016,87,16,65.465,-1.95666666666667,19.5433333333333,10.9916666666667,8.75833333333333,81.9733333333333,10.1833333333333,985.643333333333,65.465,-1.95666666666667,19.5433333333333,10.9916666666667,8.75833333333333,81.9733333333333,10.1833333333333,985.643333333333
2016,87,17,76.5975,-0.778333333333334,8.21333333333333,4.61666666666667,7.33333333333333,88.7266666666666,10.7233333333333,986.066666666667,76.5975,-0.778333333333334,8.21333333333333,4.61666666666667,7.33333333333333,88.7266666666666,10.7233333333333,986.066666666667
2016,87,18,87.9001666666667,-0.0933333333333334,1.505,0.803333333333333,6.225,89.7416666666667,9.11666666666667,986.641666666667,87.9001666666667,-0.0933333333333334,1.505,0.803333333333333,6.225,89.7416666666667,9.11666666666667,986.641666666667
2016,87,19,99.4555,0.405,0,0,5.73833333333334,89.2183333333333,9.105,987.063333333333,99.4555,0.405,0,0,5.73833333333334,89.2183333333333,9.105,987.063333333333
2016,87,20,110.3675,1.79666666666667,0,0,5.73166666666667,86.4516666666667,9.06333333333333,987.699999999999,110.3675,1.79666666666667,0,0,5.73166666666667,86.4516666666667,9.06333333333333,987.699999999999
2016,87,21,120.368833333333,1.14333333333333,0,0,5.81833333333333,85.45,8.655,988.54,120.368833333333,1.14333333333333,0,0,5.81833333333333,85.45,8.655,988.54
2016,87,22,128.7595,1.08166666666666,0,0,5.92,86.9283333333333,8.83333333333334,988.956666666666,128.7595,1.08166666666666,0,0,5.92,86.9283333333333,8.83333333333334,988.956666666666
2016,87,23,134.535166666667,0.771666666666666,0,0,6.05166666666667,86.7883333333333,8.75,989.455,134.535166666667,0.771666666666666,0,0,6.05166666666667,86.7883333333333,8.75,989.455
2016,88,0,136.598,0.79,0,0,6.035,85.6283333333333,8.80833333333334,989.718333333333,136.598,0.79,0,0,6.035,85.6283333333333,8.80833333333334,989.718333333333
2016,88,1,134.434166666667,0.275,0,0,5.90166666666667,84.4816666666667,8.90333333333334,989.989999999999,134.434166666667,0.275,0,0,5.90166666666667,84.4816666666667,8.90333333333334,989.989999999999
2016,88,2,128.578666666667,0.665,0,0,5.68666666666667,84.9333333333333,8.19833333333333,990.323333333334,128.578666666667,0.665,0,0,5.68666666666667,84.9333333333333,8.19833333333333,990.323333333334
2016,88,3,120.134666666667,0.46,0,0,5.42666666666667,85.8566666666667,7.59,990.6,120.134666666667,0.46,0,0,5.42666666666667,85.8566666666667,7.59,990.6
2016,88,4,110.0965,0.73,0,0,5.31666666666667,86.1133333333333,7.47666666666667,991.241666666667,110.0965,0.73,0,0,5.31666666666667,86.1133333333333,7.47666666666667,991.241666666667
2016,88,5,99.1583333333333,0.891666666666667,0.00666666666666667,0,5.18833333333333,86.57,6.185,991.763333333333,99.1583333333333,0.891666666666667,0.00666666666666667,0,5.18833333333333,86.57,6.185,991.763333333333
2016,88,6,87.573,0.858333333333334,16.9716666666667,7.55833333333333,5.02166666666666,86.9166666666667,5.875,992.538333333333,87.573,0.858333333333334,16.9716666666667,7.55833333333333,5.02166666666666,86.9166666666667,5.875,992.538333333333
2016,88,7,76.2581666666667,535.11,63.26,79.8666666666667,4.98333333333333,87.2633333333333,5.605,993.141666666667,76.2581666666667,535.11,63.26,79.8666666666667,4.98333333333333,87.2633333333333,5.605,993.141666666667
2016,88,8,65.1018333333333,748.716666666667,97.9316666666667,166.015,5.80833333333333,83.375,6.60833333333333,993.591666666666,65.1018333333333,748.716666666667,97.9316666666667,166.015,5.80833333333333,83.375,6.60833333333333,993.591666666666
2016,88,9,54.651,728.143333333333,165.178333333333,237.675,6.96166666666667,74.8683333333333,6.91166666666667,993.895,54.651,728.143333333333,165.178333333333,237.675,6.96166666666667,74.8683333333333,6.91166666666667,993.895
2016,88,10,45.6418333333333,342.415,288.646666666667,220.855,7.74,65.7033333333333,6.03666666666667,994.588333333334,45.6418333333333,342.415,288.646666666667,220.855,7.74,65.7033333333333,6.03666666666667,994.588333333334
2016,88,11,39.2378333333333,245.375,332.366666666667,219.706666666667,8.315,61.1533333333333,5.895,994.946666666667,39.2378333333333,245.375,332.366666666667,219.706666666667,8.315,61.1533333333333,5.895,994.946666666667
2016,88,12,36.8811666666667,469.625,352.505,301.131666666667,9.14666666666667,56.92,5.84666666666667,995.123333333333,36.8811666666667,469.625,352.505,301.131666666667,9.14666666666667,56.92,5.84666666666667,995.123333333333
2016,88,13,39.309,433.22,317.283333333333,269.733333333333,9.845,54.04,5.04666666666667,994.96,39.309,433.22,317.283333333333,269.733333333333,9.845,54.04,5.04666666666667,994.96
2016,88,14,45.7616666666667,692.333333333333,249.446666666667,296.746666666667,10.6333333333333,51.49,4.32,994.97,45.7616666666667,692.333333333333,249.446666666667,296.746666666667,10.6333333333333,51.49,4.32,994.97
2016,88,15,54.796,591.618333333334,216.178333333333,227.895,10.9566666666667,50.51,4.62666666666667,994.933333333334,54.796,591.618333333334,216.178333333333,227.895,10.9566666666667,50.51,4.62666666666667,994.933333333334
2016,88,16,65.2533333333333,676.935,138.67,169.621666666667,11.065,50.5366666666667,4.38,995.046666666666,65.2533333333333,676.935,138.67,169.621666666667,11.065,50.5366666666667,4.38,995.046666666666
2016,88,17,76.4021666666667,570.973333333333,77.4583333333334,83.8516666666667,10.8966666666667,50.24,4.005,995.268333333335,76.4021666666667,570.973333333333,77.4583333333334,83.8516666666667,10.8966666666667,50.24,4.005,995.268333333335
2016,88,18,87.7041666666667,184.92,17.8883333333333,11.6666666666667,9.88666666666666,57.2566666666667,3.74166666666667,995.686666666667,87.7041666666667,184.92,17.8883333333333,11.6666666666667,9.88666666666666,57.2566666666667,3.74166666666667,995.686666666667
2016,88,19,99.2531666666667,-1.63833333333333,-0.353333333333333,0.01,8.54166666666666,63.02,3.22,996.16,99.2531666666667,-1.63833333333333,-0.353333333333333,0.01,8.54166666666666,63.02,3.22,996.16
2016,88,20,110.144333333333,1.50166666666667,-0.113333333333333,0,8.24833333333333,62.2183333333333,2.05,996.791666666667,110.144333333333,1.50166666666667,-0.113333333333333,0,8.24833333333333,62.2183333333333,2.05,996.791666666667
2016,88,21,120.111,0.931666666666667,-0.0283333333333333,0,7.72166666666667,62.5016666666667,2.61333333333333,997.066666666666,120.111,0.931666666666667,-0.0283333333333333,0,7.72166666666667,62.5016666666667,2.61333333333333,997.066666666666
2016,88,22,128.454833333333,2.84,-0.005,0,7.25,64.9816666666667,1.99666666666667,997.403333333333,128.454833333333,2.84,-0.005,0,7.25,64.9816666666667,1.99666666666667,997.403333333333
2016,88,23,134.181666666667,1.11,-0.298333333333333,0,7.085,66.6666666666667,1.69333333333333,997.781666666667,134.181666666667,1.11,-0.298333333333333,0,7.085,66.6666666666667,1.69333333333333,997.781666666667
2016,89,0,136.209666666667,1.69833333333333,-0.165,0,6.51833333333333,70.375,1.08166666666667,998.063333333332,136.209666666667,1.69833333333333,-0.165,0,6.51833333333333,70.375,1.08166666666667,998.063333333332
2016,89,1,134.039833333333,2.21833333333333,-0.176666666666667,0,4.68666666666667,78.8416666666667,0.913333333333333,998.358333333334,134.039833333333,2.21833333333333,-0.176666666666667,0,4.68666666666667,78.8416666666667,0.913333333333333,998.358333333334
2016,89,2,128.202666666667,3.28666666666667,0,0,4.34833333333333,81.19,0.412727272727273,998.681666666667,128.202666666667,3.28666666666667,0,0,4.34833333333333,81.19,0.412727272727273,998.681666666667
2016,89,3,119.7835,2.03666666666667,-0.0633333333333333,0,5,78.3816666666667,2.12833333333333,998.97,119.7835,2.03666666666667,-0.0633333333333333,0,5,78.3816666666667,2.12833333333333,998.97
2016,89,4,109.7675,2.37166666666667,0,0,4.19333333333333,81.4383333333333,2.325,999.496666666666,109.7675,2.37166666666667,0,0,4.19333333333333,81.4383333333333,2.325,999.496666666666
2016,89,5,98.8441666666667,1.705,0.0366666666666667,0.0266666666666667,3.485,83.1766666666667,3,1000.01333333333,98.8441666666667,1.705,0.0366666666666667,0.0266666666666667,3.485,83.1766666666667,3,1000.01333333333
2016,89,6,87.2693333333333,216.601666666667,18.035,16.4233333333333,3.36333333333333,83.06,4.22166666666667,1000.48166666667,87.2693333333333,216.601666666667,18.035,16.4233333333333,3.36333333333333,83.06,4.22166666666667,1000.48166666667
2016,89,7,75.9495,669.086666666667,50.905,88.645,4.515,81.2383333333333,2.95666666666667,1001.07333333333,75.9495,669.086666666667,50.905,88.645,4.515,81.2383333333333,2.95666666666667,1001.07333333333
2016,89,8,64.7818333333333,847.978333333333,67.2483333333333,171.88,7.725,53.3966666666667,4.51333333333333,1001.22333333333,64.7818333333333,847.978333333333,67.2483333333333,171.88,7.725,53.3966666666667,4.51333333333333,1001.22333333333
2016,89,9,54.3093333333333,908.636666666667,78.31,246.211666666667,9.09666666666667,46.5583333333333,6.21666666666667,1001.31,54.3093333333333,908.636666666667,78.31,246.211666666667,9.09666666666667,46.5583333333333,6.21666666666667,1001.31
2016,89,10,45.2728333333333,959.16,83.985,306.456666666667,10.24,43.425,6.52,1001.45666666667,45.2728333333333,959.16,83.985,306.456666666667,10.24,43.425,6.52,1001.45666666667
2016,89,11,38.8461666666667,982.153333333333,87.8116666666667,344.156666666667,11.4633333333333,39.9083333333333,5.57833333333333,1001.04833333333,38.8461666666667,982.153333333333,87.8116666666667,344.156666666667,11.4633333333333,39.9083333333333,5.57833333333333,1001.04833333333
2016,89,12,36.4945,979.948333333333,92.5333333333334,355.561666666667,12.4566666666667,34.99,6.19666666666667,1000.51833333333,36.4945,979.948333333333,92.5333333333334,355.561666666667,12.4566666666667,34.99,6.19666666666667,1000.51833333333
2016,89,13,38.9646666666667,963.428333333334,97.7033333333333,342.695,12.8383333333333,31.265,5.77833333333334,999.771666666667,38.9646666666667,963.428333333334,97.7033333333333,342.695,12.8383333333333,31.265,5.77833333333334,999.771666666667
2016,89,14,45.4745,925.023333333333,102.91,305.448333333333,13.3683333333333,31.3866666666667,5.975,998.623333333334,45.4745,925.023333333333,102.91,305.448333333333,13.3683333333333,31.3866666666667,5.975,998.623333333334
2016,89,15,54.5546666666667,850.055,103.91,243.32,13.73,30.8733333333333,6.64833333333333,997.681666666667,54.5546666666667,850.055,103.91,243.32,13.73,30.8733333333333,6.64833333333333,997.681666666667
2016,89,16,65.0421666666667,641.643333333333,116.153333333333,157.311666666667,13.7616666666667,31.0216666666667,6.775,996.911666666667,65.0421666666667,641.643333333333,116.153333333333,157.311666666667,13.7616666666667,31.0216666666667,6.775,996.911666666667
2016,89,17,76.2078333333333,313.063333333333,98.8283333333333,71.2766666666666,13.4133333333333,33.0333333333333,6.34666666666666,996.216666666666,76.2078333333333,313.063333333333,98.8283333333333,71.2766666666666,13.4133333333333,33.0333333333333,6.34666666666666,996.216666666666
2016,89,18,87.5108333333333,54.79,26.6533333333333,11.5709090909091,11.9283333333333,42.3766666666667,5.10333333333334,995.656666666666,87.5108333333333,54.79,26.6533333333333,11.5709090909091,11.9283333333333,42.3766666666667,5.10333333333334,995.656666666666
2016,89,19,99.0506666666667,-2.085,-0.395,0.00333333333333333,9.50499999999999,53.5966666666667,4.07166666666667,995.338333333334,99.0506666666667,-2.085,-0.395,0.00333333333333333,9.50499999999999,53.5966666666667,4.07166666666667,995.338333333334
2016,89,20,109.919666666667,-0.728333333333333,-0.36,0,8.17333333333334,58.5066666666667,4.23833333333333,995.566666666667,109.919666666667,-0.728333333333333,-0.36,0,8.17333333333334,58.5066666666667,4.23833333333333,995.566666666667
2016,89,21,119.853,-0.258333333333333,-0.391666666666666,0,7.02,62.645,4.305,995.626666666666,119.853,-0.258333333333333,-0.391666666666666,0,7.02,62.645,4.305,995.626666666666
2016,89,22,128.152166666667,0.313333333333333,-0.383333333333333,0,6.465,64.8283333333333,4.705,995.11,128.152166666667,0.313333333333333,-0.383333333333333,0,6.465,64.8283333333333,4.705,995.11
2016,89,23,133.829166666667,1.035,-0.311666666666667,0,6.37166666666667,64.9233333333333,5.33,994.436666666667,133.829166666667,1.035,-0.311666666666667,0,6.37166666666667,64.9233333333333,5.33,994.436666666667
2016,90,0,135.821333333333,-0.0516666666666666,-0.393333333333333,0,6.19333333333333,64.8866666666667,5.85166666666667,993.765,135.821333333333,-0.0516666666666666,-0.393333333333333,0,6.19333333333333,64.8866666666667,5.85166666666667,993.765
2016,90,1,133.648,0.378333333333334,-0.248333333333333,0,6.17333333333333,64.6433333333333,5.90833333333333,992.963333333333,133.648,0.378333333333334,-0.248333333333333,0,6.17333333333333,64.6433333333333,5.90833333333333,992.963333333333
2016,90,2,127.828166666667,-0.0933333333333334,-0.4,0,5.61499999999999,67.4466666666667,5.27,992.348333333333,127.828166666667,-0.0933333333333334,-0.4,0,5.61499999999999,67.4466666666667,5.27,992.348333333333
2016,90,3,119.433166666667,0.236666666666667,-0.371666666666666,0,5.42833333333334,67.29,5.22833333333333,991.601666666667,119.433166666667,0.236666666666667,-0.371666666666666,0,5.42833333333334,67.29,5.22833333333333,991.601666666667
2016,90,4,109.439666666667,0.441666666666667,-0.338333333333333,0,5.21166666666667,68.8866666666666,5.08,991.010000000001,109.439666666667,0.441666666666667,-0.338333333333333,0,5.21166666666667,68.8866666666666,5.08,991.010000000001
2016,90,5,98.5296666666667,0.345,-0.245,0.015,5.06333333333333,69.835,5.36833333333333,990.583333333333,98.5296666666667,0.345,-0.245,0.015,5.06333333333333,69.835,5.36833333333333,990.583333333333
2016,90,6,86.9551666666667,1.51833333333333,16.1933333333333,6.96833333333334,5.37833333333333,69.4866666666667,5.945,989.929999999999,86.9551666666667,1.51833333333333,16.1933333333333,6.96833333333334,5.37833333333333,69.4866666666667,5.945,989.929999999999
2016,90,7,75.6423333333333,2.57666666666667,56.5983333333333,25.4733333333333,6.88833333333333,65.1133333333333,6.67666666666667,989.16,75.6423333333333,2.57666666666667,56.5983333333333,25.4733333333333,6.88833333333333,65.1133333333333,6.67666666666667,989.16
2016,90,8,64.4628333333333,1.17833333333333,80.555,37.7466666666667,8.835,57.225,8.04333333333334,988.586666666667,64.4628333333333,1.17833333333333,80.555,37.7466666666667,8.835,57.225,8.04333333333334,988.586666666667
2016,90,9,53.9701666666667,14.2033333333333,220.321666666667,102.086666666667,10.3716666666667,54.75,8.05,987.686666666667,53.9701666666667,14.2033333333333,220.321666666667,102.086666666667,10.3716666666667,54.75,8.05,987.686666666667
2016,90,10,44.9061666666667,52.85,356.096666666667,174.22,13.1,47.2883333333333,10.9766666666667,986.558333333333,44.9061666666667,52.85,356.096666666667,174.22,13.1,47.2883333333333,10.9766666666667,986.558333333333
2016,90,11,38.4558333333333,0.312962962962963,133.661666666667,63.9866666666667,13.86,52.3266666666667,9.38166666666667,985.411666666667,38.4558333333333,0.312962962962963,133.661666666667,63.9866666666667,13.86,52.3266666666667,9.38166666666667,985.411666666667
2016,90,12,36.1098333333333,1.50333333333333,67.545,33.3783333333333,14.8516666666667,55.98,7.11333333333333,984.796666666667,36.1098333333333,1.50333333333333,67.545,33.3783333333333,14.8516666666667,55.98,7.11333333333333,984.796666666667
2016,90,13,38.6226666666667,-2.78333333333333,40.7333333333333,22.4116666666667,13.745,69.6483333333333,5.33666666666667,984.321666666667,38.6226666666667,-2.78333333333333,40.7333333333333,22.4116666666667,13.745,69.6483333333333,5.33666666666667,984.321666666667
2016,90,14,45.189,-0.79,32.645,18,12.6416666666667,85.03,6.13666666666667,982.36,45.189,-0.79,32.645,18,12.6416666666667,85.03,6.13666666666667,982.36
2016,90,15,54.3158333333333,-0.0466666666666666,12.805,7.47333333333334,12.355,88.77,4.92833333333333,982.338333333333,54.3158333333333,-0.0466666666666666,12.805,7.47333333333334,12.355,88.77,4.92833333333333,982.338333333333
2016,90,16,64.8348333333333,0.829999999999999,16.83,9.215,12.8016666666667,84.9616666666667,7.075,981.215,64.8348333333333,0.829999999999999,16.83,9.215,12.8016666666667,84.9616666666667,7.075,981.215
2016,90,17,76.0145,1.04666666666667,4.40666666666667,2.61333333333333,14.07,86.8366666666667,11.7233333333333,981.525,76.0145,1.04666666666667,4.40666666666667,2.61333333333333,14.07,86.8366666666667,11.7233333333333,981.525
2016,90,18,87.3148333333333,-0.101666666666667,0.971666666666667,0.611666666666666,13.7783333333333,88.6733333333333,6.535,982.135,87.3148333333333,-0.101666666666667,0.971666666666667,0.611666666666666,13.7783333333333,88.6733333333333,6.535,982.135
2016,90,19,98.849,-0.095,0,0,13.5016666666667,89.3133333333333,6.6,981.271666666666,98.849,-0.095,0,0,13.5016666666667,89.3133333333333,6.6,981.271666666666
2016,90,20,109.6965,0.00833333333333333,0,0,13.66,89.125,7.14333333333333,980.01,109.6965,0.00833333333333333,0,0,13.66,89.125,7.14333333333333,980.01
2016,90,21,119.595,0.348333333333333,0,0,13.8866666666667,90.15,9.06,978.611666666667,119.595,0.348333333333333,0,0,13.8866666666667,90.15,9.06,978.611666666667
2016,90,22,127.848166666667,0.31,0,0,14.9516666666667,88.7616666666666,13.185,976.913333333334,127.848166666667,0.31,0,0,14.9516666666667,88.7616666666666,13.185,976.913333333334
2016,90,23,133.475833333333,0.525,0,0,15.1033333333333,88.565,11.1816666666667,976.320000000001,133.475833333333,0.525,0,0,15.1033333333333,88.565,11.1816666666667,976.320000000001
2016,91,0,135.435333333333,1.29833333333333,0,0,15.1066666666667,87.95,11.3983333333333,975.58,135.435333333333,1.29833333333333,0,0,15.1066666666667,87.95,11.3983333333333,975.58
2016,91,1,133.255666666667,0.893333333333332,0,0,15.1733333333333,88.2766666666667,11.1183333333333,974.783333333332,133.255666666667,0.893333333333332,0,0,15.1733333333333,88.2766666666667,11.1183333333333,974.783333333332
2016,91,2,127.453833333333,0.875,0,0,15.2416666666667,87.8216666666667,10.4283333333333,974.315000000001,127.453833333333,0.875,0,0,15.2416666666667,87.8216666666667,10.4283333333333,974.315000000001
2016,91,3,119.0845,0.148333333333333,0,0,15.4133333333333,88.3616666666667,9.88833333333333,973.641666666666,119.0845,0.148333333333333,0,0,15.4133333333333,88.3616666666667,9.88833333333333,973.641666666666
2016,91,4,109.112666666667,-0.08,0,0,15.3016666666667,90.17,11.1316666666667,972.956666666666,109.112666666667,-0.08,0,0,15.3016666666667,90.17,11.1316666666667,972.956666666666
2016,91,5,98.2176666666667,-0.356666666666667,0,0.00333333333333333,15.055,88.6916666666666,9.65,972.466666666667,98.2176666666667,-0.356666666666667,0,0.00333333333333333,15.055,88.6916666666666,9.65,972.466666666667
2016,91,6,86.6533333333333,1.20833333333333,6.31333333333333,2.95666666666667,15.0516666666667,88.3233333333333,9.61333333333334,972.308333333333,86.6533333333333,1.20833333333333,6.31333333333333,2.95666666666667,15.0516666666667,88.3233333333333,9.61333333333334,972.308333333333
2016,91,7,75.3355,1.98,67.2283333333333,30.3883333333333,14.975,87.6399999999999,8.49,973.155,75.3355,1.98,67.2283333333333,30.3883333333333,14.975,87.6399999999999,8.49,973.155
2016,91,8,64.145,2.64833333333333,140.028333333333,63.78,15.14,88.28,8.79166666666666,972.34,64.145,2.64833333333333,140.028333333333,63.78,15.14,88.28,8.79166666666666,972.34
2016,91,9,53.6323333333333,238.41,253.806666666667,175.12,16.4183333333333,85.6866666666667,11.4933333333333,971.911666666666,53.6323333333333,238.41,253.806666666667,175.12,16.4183333333333,85.6866666666667,11.4933333333333,971.911666666666
2016,91,10,44.5398333333333,79.4966666666667,329.71,171.408333333333,17.8416666666667,81.675,13.62,971.2,44.5398333333333,79.4966666666667,329.71,171.408333333333,17.8416666666667,81.675,13.62,971.2
2016,91,11,38.0665,236.893333333333,369.611666666667,243.696666666667,19.1966666666667,76.6766666666667,13.3916666666667,970.405,38.0665,236.893333333333,369.611666666667,243.696666666667,19.1966666666667,76.6766666666667,13.3916666666667,970.405
2016,91,12,35.725,130.031481481482,195.826666666667,130.373333333333,19.3833333333333,76.2866666666667,13.2483333333333,969.565,35.725,130.031481481482,195.826666666667,130.373333333333,19.3833333333333,76.2866666666667,13.2483333333333,969.565
2016,91,13,38.2826666666667,3.98333333333333,142.326666666667,69.3733333333333,17.395,76.9633333333333,10.5366666666667,970.805,38.2826666666667,3.98333333333333,142.326666666667,69.3733333333333,17.395,76.9633333333333,10.5366666666667,970.805
2016,91,14,44.9068333333333,407.266666666667,298.138333333333,251.283333333333,18.8333333333333,71.8866666666667,10.6366666666667,970.859999999999,44.9068333333333,407.266666666667,298.138333333333,251.283333333333,18.8333333333333,71.8866666666667,10.6366666666667,970.859999999999
2016,91,15,54.0788333333333,438.983333333333,182.325,184.141666666667,17.9766666666667,65.41,13.8733333333333,971.975,54.0788333333333,438.983333333333,182.325,184.141666666667,17.9766666666667,65.41,13.8733333333333,971.975
2016,91,16,64.6265,584.178333333334,121.693333333333,155.305,16.27,62.3483333333333,12.6366666666667,973.28,64.6265,584.178333333334,121.693333333333,155.305,16.27,62.3483333333333,12.6366666666667,973.28
2016,91,17,75.8218333333333,301.126666666667,92.3333333333333,67.7316666666667,15.4166666666667,64.0733333333333,9.41333333333333,974.358333333333,75.8218333333333,301.126666666667,92.3333333333333,67.7316666666667,15.4166666666667,64.0733333333333,9.41333333333333,974.358333333333
2016,91,18,87.1223333333333,73.425,19.325,12.03,14.0266666666667,68.145,7.82,975.438333333333,87.1223333333333,73.425,19.325,12.03,14.0266666666667,68.145,7.82,975.438333333333
2016,91,19,98.6468333333333,-1.10833333333333,0.0466666666666667,0.0316666666666667,11.9133333333333,72.395,7.03,976.596666666667,98.6468333333333,-1.10833333333333,0.0466666666666667,0.0316666666666667,11.9133333333333,72.395,7.03,976.596666666667
2016,91,20,109.472833333333,-0.913333333333333,0,0,10.7283333333333,73.4883333333334,4.81,977.551666666666,109.472833333333,-0.913333333333333,0,0,10.7283333333333,73.4883333333334,4.81,977.551666666666
2016,91,21,119.336166666667,-0.838333333333333,0,0,9.61166666666666,74.7966666666667,4.32333333333333,977.925,119.336166666667,-0.838333333333333,0,0,9.61166666666666,74.7966666666667,4.32333333333333,977.925
2016,91,22,127.5445,-0.44,0,0,9.075,74.9416666666667,4.38833333333333,978.596666666668,127.5445,-0.44,0,0,9.075,74.9416666666667,4.38833333333333,978.596666666668
2016,91,23,133.125,-0.448333333333334,0,0,8.38166666666667,75.0833333333333,5.48833333333333,979.213333333333,133.125,-0.448333333333334,0,0,8.38166666666667,75.0833333333333,5.48833333333333,979.213333333333
2016,92,0,135.050333333333,-0.666666666666667,0,0,7.37833333333333,77.465,3.79833333333333,979.958333333334,135.050333333333,-0.666666666666667,0,0,7.37833333333333,77.465,3.79833333333333,979.958333333334
2016,92,1,132.864666666667,0.0883333333333333,0,0,6.60166666666666,80.7883333333334,3.14833333333333,980.466666666667,132.864666666667,0.0883333333333333,0,0,6.60166666666666,80.7883333333334,3.14833333333333,980.466666666667
2016,92,2,127.081,0.446666666666667,0,0,6.03333333333333,83.0083333333334,3.275,980.496666666667,127.081,0.446666666666667,0,0,6.03333333333333,83.0083333333334,3.275,980.496666666667
2016,92,3,118.736833333333,0.328333333333333,0,0,4.86333333333333,87.73,2.35,980.313333333334,118.736833333333,0.328333333333333,0,0,4.86333333333333,87.73,2.35,980.313333333334
2016,92,4,108.7855,1.18166666666667,0,0,4.62166666666667,88.5466666666666,2.80333333333333,979.976666666667,108.7855,1.18166666666667,0,0,4.62166666666667,88.5466666666666,2.80333333333333,979.976666666667
2016,92,5,97.9055,2.14,0.0616666666666667,0.0233333333333333,4.755,89.4533333333334,2.08833333333333,979.916666666667,97.9055,2.14,0.0616666666666667,0.0233333333333333,4.755,89.4533333333334,2.08833333333333,979.916666666667
2016,92,6,86.341,4.94500000000001,6.00166666666667,2.89833333333333,5.57166666666666,89.1033333333333,1.56833333333333,980.61,86.341,4.94500000000001,6.00166666666667,2.89833333333333,5.57166666666666,89.1033333333333,1.56833333333333,980.61
2016,92,7,75.0318333333333,2.295,56.86,25.4533333333333,6.41333333333333,88.7683333333334,2.09,981.073333333333,75.0318333333333,2.295,56.86,25.4533333333333,6.41333333333333,88.7683333333334,2.09,981.073333333333
2016,92,8,63.829,55.09,196.031666666667,93.4183333333333,7.185,81.7416666666667,10.1883333333333,981.49,63.829,55.09,196.031666666667,93.4183333333333,7.185,81.7416666666667,10.1883333333333,981.49
2016,92,9,53.296,628.706666666667,174.606666666667,228.845,7.89833333333333,70.5983333333333,11.47,982.281666666667,53.296,628.706666666667,174.606666666667,228.845,7.89833333333333,70.5983333333333,11.47,982.281666666667
2016,92,10,44.1763333333333,169.721666666667,236.398333333333,151.696666666667,8.16666666666666,64.0983333333333,12.0866666666667,983.333333333333,44.1763333333333,169.721666666667,236.398333333333,151.696666666667,8.16666666666666,64.0983333333333,12.0866666666667,983.333333333333
2016,92,11,37.6785,318.26,296.24,231.48,8.46666666666667,57.69,11.6183333333333,984.051666666667,37.6785,318.26,296.24,231.48,8.46666666666667,57.69,11.6183333333333,984.051666666667
2016,92,12,35.3423333333333,206.46,378.961666666667,233.156666666667,9.31,53.7083333333333,10.42,984.036666666667,35.3423333333333,206.46,378.961666666667,233.156666666667,9.31,53.7083333333333,10.42,984.036666666667
2016,92,13,37.9443333333333,287.076666666667,344.088333333333,239.515,9.70333333333334,52.905,10.7966666666667,984.298333333334,37.9443333333333,287.076666666667,344.088333333333,239.515,9.70333333333334,52.905,10.7966666666667,984.298333333334
2016,92,14,44.6255,501.79,283.426666666667,266.693333333333,10.215,53.875,11.4883333333333,984.086666666666,44.6255,501.79,283.426666666667,266.693333333333,10.215,53.875,11.4883333333333,984.086666666666
2016,92,15,53.8448333333333,119.278333333333,255.931666666667,140.403333333333,10.2233333333333,54.2766666666667,10.9316666666667,984.363333333333,53.8448333333333,119.278333333333,255.931666666667,140.403333333333,10.2233333333333,54.2766666666667,10.9316666666667,984.363333333333
2016,92,16,64.4205,91.2066666666667,184.913333333333,93.525,9.53833333333333,59.225,9.75833333333333,984.401666666668,64.4205,91.2066666666667,184.913333333333,93.525,9.53833333333333,59.225,9.75833333333333,984.401666666668
2016,92,17,75.6305,166.101666666667,99.2133333333333,56.8633333333333,9.28,61.0983333333333,9.56666666666666,984.393333333334,75.6305,166.101666666667,99.2133333333333,56.8633333333333,9.28,61.0983333333333,9.56666666666666,984.393333333334
2016,92,18,86.9293333333333,57.9983333333333,19.325,7.25576923076922,8.34166666666667,68.48,9.14833333333334,984.938333333333,86.9293333333333,57.9983333333333,19.325,7.25576923076922,8.34166666666667,68.48,9.14833333333334,984.938333333333
2016,92,19,98.4448333333333,0.203333333333333,-0.0866666666666667,0.0133333333333333,6.05666666666666,82.7466666666667,6.36333333333333,986.085,98.4448333333333,0.203333333333333,-0.0866666666666667,0.0133333333333333,6.05666666666666,82.7466666666667,6.36333333333333,986.085
2016,92,20,109.249333333333,1.025,0,0,6.06333333333333,80.0216666666667,4.79333333333333,986.996666666666,109.249333333333,1.025,0,0,6.06333333333333,80.0216666666667,4.79333333333333,986.996666666666
2016,92,21,119.078333333333,0.98,0,0,5.66666666666666,81.6766666666666,4.21166666666667,987.198333333332,119.078333333333,0.98,0,0,5.66666666666666,81.6766666666666,4.21166666666667,987.198333333332
2016,92,22,127.241333333333,1.105,0,0,5.38666666666667,81.15,4.20666666666667,987.280000000001,127.241333333333,1.105,0,0,5.38666666666667,81.15,4.20666666666667,987.280000000001
2016,92,23,132.774,0.571666666666667,0,0,4.93833333333333,71.4283333333334,6.05333333333334,987.628333333332,132.774,0.571666666666667,0,0,4.93833333333333,71.4283333333334,6.05333333333334,987.628333333332
2016,93,0,134.665833333333,0.403333333333333,0,0,3.45166666666667,70.845,4.67166666666667,987.551666666667,134.665833333333,0.403333333333333,0,0,3.45166666666667,70.845,4.67166666666667,987.551666666667
2016,93,1,132.476166666667,0.666666666666667,0,0,2.86666666666667,66.8316666666666,6.175,987.318333333333,132.476166666667,0.666666666666667,0,0,2.86666666666667,66.8316666666666,6.175,987.318333333333
2016,93,2,126.71,1.34,0,0,2.02833333333333,72.89,4.37333333333333,986.784999999999,126.71,1.34,0,0,2.02833333333333,72.89,4.37333333333333,986.784999999999
2016,93,3,118.389666666667,1.34833333333333,0,0,1.14666666666667,77.2233333333334,3.97,986.216666666666,118.389666666667,1.34833333333333,0,0,1.14666666666667,77.2233333333334,3.97,986.216666666666
2016,93,4,108.460333333333,1.35666666666667,0,0,0.82,80.535,4.94333333333333,985.621666666667,108.460333333333,1.35666666666667,0,0,0.82,80.535,4.94333333333333,985.621666666667
2016,93,5,97.5956666666667,0.988333333333333,0.233333333333333,0.108333333333333,0.595,81.7183333333333,5.28333333333333,984.72,97.5956666666667,0.988333333333333,0.233333333333333,0.108333333333333,0.595,81.7183333333333,5.28333333333333,984.72
2016,93,6,86.0306666666667,272.701666666667,21.1733333333333,19.8648148148148,0.561666666666667,82.555,6.03333333333333,983.785,86.0306666666667,272.701666666667,21.1733333333333,19.8648148148148,0.561666666666667,82.555,6.03333333333333,983.785
2016,93,7,74.7298333333333,189.03,116.21,67.3366666666667,1.59166666666667,79.4816666666667,8.705,982.786666666666,74.7298333333333,189.03,116.21,67.3366666666667,1.59166666666667,79.4816666666667,8.705,982.786666666666
2016,93,8,63.5145,35.4883333333333,210.55,96.6433333333333,3.255,71.7633333333333,12.0016666666667,981.278333333333,63.5145,35.4883333333333,210.55,96.6433333333333,3.255,71.7633333333333,12.0016666666667,981.278333333333
2016,93,9,52.9621666666667,615.78,156.52,222.988333333333,5.33333333333333,59.8783333333333,14.965,980.251666666667,52.9621666666667,615.78,156.52,222.988333333333,5.33333333333333,59.8783333333333,14.965,980.251666666667
2016,93,10,43.8143333333333,906.253333333333,118.07,313.04,7.18666666666667,53.495,17.2716666666667,979.496666666667,43.8143333333333,906.253333333333,118.07,313.04,7.18666666666667,53.495,17.2716666666667,979.496666666667
2016,93,11,37.2925,631.59,249.486666666667,305.925,8.44666666666667,41.4233333333333,18.2416666666667,979.415,37.2925,631.59,249.486666666667,305.925,8.44666666666667,41.4233333333333,18.2416666666667,979.415
2016,93,12,34.9621666666667,710.26,260.361666666667,339.395,8.43666666666667,34.95,19.24,980.438333333334,34.9621666666667,710.26,260.361666666667,339.395,8.43666666666667,34.95,19.24,980.438333333334
2016,93,13,37.6078333333333,987.218333333334,102.223333333333,350.533333333333,7.235,28.94,19.29,982.016666666667,37.6078333333333,987.218333333334,102.223333333333,350.533333333333,7.235,28.94,19.29,982.016666666667
2016,93,14,44.3463333333333,645.661666666667,198.275,268.081666666667,6.31666666666667,36.96,16.7716666666667,983.406666666667,44.3463333333333,645.661666666667,198.275,268.081666666667,6.31666666666667,36.96,16.7716666666667,983.406666666667
2016,93,15,53.611,747.596666666667,152.615,237.766666666667,5.80333333333333,36.2,16.59,984.728333333334,53.611,747.596666666667,152.615,237.766666666667,5.80333333333333,36.2,16.59,984.728333333334
2016,93,16,64.2163333333333,813.898333333333,82.5566666666667,172.038333333333,5.60833333333333,33.9716666666667,15.705,985.873333333333,64.2163333333333,813.898333333333,82.5566666666667,172.038333333333,5.60833333333333,33.9716666666667,15.705,985.873333333333
2016,93,17,75.4401666666667,693.601666666667,50.2866666666667,87.3816666666667,5.20666666666667,32.84,13.885,987.163333333333,75.4401666666667,693.601666666667,50.2866666666667,87.3816666666667,5.20666666666667,32.84,13.885,987.163333333333
2016,93,18,86.7365,268.51,18.7316666666667,16.2275,4.48,35.4466666666667,11.655,988.486666666667,86.7365,268.51,18.7316666666667,16.2275,4.48,35.4466666666667,11.655,988.486666666667
2016,93,19,98.2435,0.065,-0.108333333333333,0.06,3.23666666666667,42.2983333333333,7.77,989.96,98.2435,0.065,-0.108333333333333,0.06,3.23666666666667,42.2983333333333,7.77,989.96
2016,93,20,109.024333333333,0.873333333333334,-0.3,0,2.16333333333333,48.6433333333333,6.915,991.285,109.024333333333,0.873333333333334,-0.3,0,2.16333333333333,48.6433333333333,6.915,991.285
2016,93,21,118.820166666667,1.13666666666667,-0.205,0,1.54,50.6116666666667,5.87666666666667,992.121666666667,118.820166666667,1.13666666666667,-0.205,0,1.54,50.6116666666667,5.87666666666667,992.121666666667
2016,93,22,126.937833333333,1.87166666666667,-0.305,0,0.596666666666666,59.245,3.84,992.686666666668,126.937833333333,1.87166666666667,-0.305,0,0.596666666666666,59.245,3.84,992.686666666668
2016,93,23,132.423666666667,3.59333333333333,-0.2,0,0.31,62.2016666666667,3.215,992.806666666667,132.423666666667,3.59333333333333,-0.2,0,0.31,62.2016666666667,3.215,992.806666666667
2016,94,0,134.283166666667,3.105,-0.0949999999999999,0,0.0333333333333333,63.03,2.45666666666667,992.695,134.283166666667,3.105,-0.0949999999999999,0,0.0333333333333333,63.03,2.45666666666667,992.695
2016,94,1,132.089,2.51333333333333,-0.04,0,-0.00333333333333337,61.3266666666667,3.055,992.805,132.089,2.51333333333333,-0.04,0,-0.00333333333333337,61.3266666666667,3.055,992.805
2016,94,2,126.339833333333,2.05833333333333,-0.0466666666666667,0,-1.01,72.7516666666667,3.1,992.998333333334,126.339833333333,2.05833333333333,-0.0466666666666667,0,-1.01,72.7516666666667,3.1,992.998333333334
2016,94,3,118.043833333333,2.01166666666667,-0.0183333333333333,0,-1.63166666666667,77.775,2.40166666666667,992.785,118.043833333333,2.01166666666667,-0.0183333333333333,0,-1.63166666666667,77.775,2.40166666666667,992.785
2016,94,4,108.136833333333,1.785,-0.00666666666666667,0,-1.82,77.5883333333334,3.33666666666667,992.48,108.136833333333,1.785,-0.00666666666666667,0,-1.82,77.5883333333334,3.33666666666667,992.48
2016,94,5,97.2861666666667,1.67333333333333,0.3,0.153333333333333,-1.57333333333333,79.6433333333333,4.23,992.808333333333,97.2861666666667,1.67333333333333,0.3,0.153333333333333,-1.57333333333333,79.6433333333333,4.23,992.808333333333
2016,94,6,85.7338333333333,285.716666666667,22.3283333333333,21.7216666666667,-1.17333333333333,79.8783333333333,3.90666666666667,993.111666666666,85.7338333333333,285.716666666667,22.3283333333333,21.7216666666667,-1.17333333333333,79.8783333333333,3.90666666666667,993.111666666666
2016,94,7,74.4285,692.09,51.3883333333333,98.3716666666667,1.06833333333333,69.485,6.24666666666667,992.664999999999,74.4285,692.09,51.3883333333333,98.3716666666667,1.06833333333333,69.485,6.24666666666667,992.664999999999
2016,94,8,63.2026666666667,844.93,66.0716666666667,185.178333333333,3.3,53.6883333333333,8.98333333333334,992.173333333333,63.2026666666667,844.93,66.0716666666667,185.178333333333,3.3,53.6883333333333,8.98333333333334,992.173333333333
2016,94,9,52.6301666666667,917.443333333333,75.1966666666667,261.126666666667,5.725,44.8183333333333,9.88833333333333,991.54,52.6301666666667,917.443333333333,75.1966666666667,261.126666666667,5.725,44.8183333333333,9.88833333333333,991.54
2016,94,10,43.4553333333333,941.973333333333,86.6566666666667,316.675,7.905,43.3116666666667,11.0733333333333,990.555,43.4553333333333,941.973333333333,86.6566666666667,316.675,7.905,43.3116666666667,11.0733333333333,990.555
2016,94,11,36.9085,932.683333333333,104.508333333333,347.523333333333,10.5083333333333,41.7416666666667,11.965,989.003333333333,36.9085,932.683333333333,104.508333333333,347.523333333333,10.5083333333333,41.7416666666667,11.965,989.003333333333
2016,94,12,34.5826666666667,907.19,122.221666666667,353.896666666667,13.4616666666667,37.2983333333333,13.1433333333333,987.37,34.5826666666667,907.19,122.221666666667,353.896666666667,13.4616666666667,37.2983333333333,13.1433333333333,987.37
2016,94,13,37.2733333333333,930.078333333333,101.323333333333,344.311666666667,15.7383333333333,33.9333333333333,14.57,985.72,37.2733333333333,930.078333333333,101.323333333333,344.311666666667,15.7383333333333,33.9333333333333,14.57,985.72
2016,94,14,44.0698333333333,905.83,97.4533333333333,306.1,17.2633333333333,33.3983333333333,15.065,984.386666666667,44.0698333333333,905.83,97.4533333333333,306.1,17.2633333333333,33.3983333333333,15.065,984.386666666667
2016,94,15,53.3803333333333,851.595,91.0633333333333,244.97,18.2466666666667,32.065,16.115,983.005,53.3803333333333,851.595,91.0633333333333,244.97,18.2466666666667,32.065,16.115,983.005
2016,94,16,64.013,732.123333333333,84.485,164.566666666667,18.8766666666667,31.6316666666667,15.135,982.343333333334,64.013,732.123333333333,84.485,164.566666666667,18.8766666666667,31.6316666666667,15.135,982.343333333334
2016,94,17,75.2505,546.991666666667,61.5683333333333,80.4283333333333,18.48,33.9316666666667,14.4133333333333,981.505000000001,75.2505,546.991666666667,61.5683333333333,80.4283333333333,18.48,33.9316666666667,14.4133333333333,981.505000000001
2016,94,18,86.5451666666667,160.383333333333,21.1116666666667,14.825,17.1916666666667,38.7366666666667,12.3183333333333,981.44,86.5451666666667,160.383333333333,21.1116666666667,14.825,17.1916666666667,38.7366666666667,12.3183333333333,981.44
2016,94,19,98.0423333333333,-0.746666666666667,-0.198333333333333,0.0583333333333333,15.5866666666667,44.4166666666667,11.7133333333333,981.24,98.0423333333333,-0.746666666666667,-0.198333333333333,0.0583333333333333,15.5866666666667,44.4166666666667,11.7133333333333,981.24
2016,94,20,108.800833333333,-0.613333333333333,-0.338333333333334,0,14.4,49.6016666666667,11.0833333333333,981.661666666666,108.800833333333,-0.613333333333333,-0.338333333333334,0,14.4,49.6016666666667,11.0833333333333,981.661666666666
2016,94,21,118.561166666667,-0.13,-0.0616666666666667,0,13.9933333333333,52.515,10.6366666666667,982.146666666666,118.561166666667,-0.13,-0.0616666666666667,0,13.9933333333333,52.515,10.6366666666667,982.146666666666
2016,94,22,126.6345,0.251666666666667,0,0,14.045,53.6633333333333,8.995,982.288333333334,126.6345,0.251666666666667,0,0,14.045,53.6633333333333,8.995,982.288333333334
2016,94,23,132.073833333333,0.0916666666666666,-0.0216666666666667,0,13.9966666666667,55.2233333333333,8.815,982.351666666666,132.073833333333,0.0916666666666666,-0.0216666666666667,0,13.9966666666667,55.2233333333333,8.815,982.351666666666
2016,95,0,133.903,-0.201666666666667,-0.0966666666666667,0,13.7483333333333,56.48,7.77166666666667,983.035,133.903,-0.201666666666667,-0.0966666666666667,0,13.7483333333333,56.48,7.77166666666667,983.035
2016,95,1,131.7035,0.2,0,0,13.7016666666667,55.7266666666667,8.405,982.808333333334,131.7035,0.2,0,0,13.7016666666667,55.7266666666667,8.405,982.808333333334
2016,95,2,125.971,-0.47,-0.09,0,13.6766666666667,54.5633333333333,8.075,983.051666666667,125.971,-0.47,-0.09,0,13.6766666666667,54.5633333333333,8.075,983.051666666667
2016,95,3,117.699333333333,-4.15,-0.524999999999999,0,8.58166666666667,71.825,9.01333333333333,984.783333333334,117.699333333333,-4.15,-0.524999999999999,0,8.58166666666667,71.825,9.01333333333333,984.783333333334
2016,95,4,107.812833333333,-0.865,-0.381666666666666,0,5.225,80.0116666666666,7.67333333333333,985.915,107.812833333333,-0.865,-0.381666666666666,0,5.225,80.0116666666666,7.67333333333333,985.915
2016,95,5,96.9788333333333,0.203333333333333,-0.0633333333333334,0.121666666666667,4.45,77.9316666666667,8.51333333333333,987.385,96.9788333333333,0.203333333333333,-0.0633333333333334,0.121666666666667,4.45,77.9316666666667,8.51333333333333,987.385
2016,95,6,85.426,173.153333333333,26.735,19.4169811320755,3.30666666666667,78.8533333333334,8.01666666666667,989.133333333333,85.426,173.153333333333,26.735,19.4169811320755,3.30666666666667,78.8533333333334,8.01666666666667,989.133333333333
2016,95,7,74.1278333333333,102.483333333333,110.706666666667,55.0616666666666,2.85166666666667,78.5966666666667,9.50666666666666,990.801666666667,74.1278333333333,102.483333333333,110.706666666667,55.0616666666666,2.85166666666667,78.5966666666667,9.50666666666666,990.801666666667
2016,95,8,62.8935,49.8866666666667,203.723333333333,97.7466666666667,2.94166666666667,77.1283333333333,9.07166666666667,992.018333333333,62.8935,49.8866666666667,203.723333333333,97.7466666666667,2.94166666666667,77.1283333333333,9.07166666666667,992.018333333333
2016,95,9,52.3008333333333,324.55,245.921666666667,189.113333333333,3.67666666666667,71.02,8.69333333333333,993.143333333333,52.3008333333333,324.55,245.921666666667,189.113333333333,3.67666666666667,71.02,8.69333333333333,993.143333333333
2016,95,10,43.0971666666667,544.741666666667,323.206666666667,295.833333333333,4.72833333333333,64.39,8.53166666666667,994.173333333334,43.0971666666667,544.741666666667,323.206666666667,295.833333333333,4.72833333333333,64.39,8.53166666666667,994.173333333334
2016,95,11,36.5261666666667,331.905,389.121666666666,272.933333333333,5.485,60.8166666666666,7.88833333333333,994.796666666667,36.5261666666667,331.905,389.121666666666,272.933333333333,5.485,60.8166666666666,7.88833333333333,994.796666666667
2016,95,12,34.2058333333333,263.69,400.953333333333,258.126666666667,6.18333333333333,55.405,8.75333333333333,995.371666666666,34.2058333333333,263.69,400.953333333333,258.126666666667,6.18333333333333,55.405,8.75333333333333,995.371666666666
2016,95,13,36.9411666666667,351.071666666667,375.763333333333,272.06,6.43666666666667,53.265,8.94,995.981666666666,36.9411666666667,351.071666666667,375.763333333333,272.06,6.43666666666667,53.265,8.94,995.981666666666
2016,95,14,43.7963333333333,90.8983333333334,353.151666666667,178.78,6.16333333333333,51.3483333333333,9.505,996.626666666667,43.7963333333333,90.8983333333334,353.151666666667,178.78,6.16333333333333,51.3483333333333,9.505,996.626666666667
2016,95,15,53.1506666666667,36.8966666666667,242.165,113.273333333333,5.82666666666667,50.95,8.92333333333333,997.37,53.1506666666667,36.8966666666667,242.165,113.273333333333,5.82666666666667,50.95,8.92333333333333,997.37
2016,95,16,63.8113333333333,410.815,150.831666666667,130.828333333333,5.52833333333333,50.7683333333333,9.02833333333333,997.805000000001,63.8113333333333,410.815,150.831666666667,130.828333333333,5.52833333333333,50.7683333333333,9.02833333333333,997.805000000001
2016,95,17,75.0603333333333,558.86,61.4416666666666,84.4183333333334,5.23166666666667,50.195,8.11833333333333,998.228333333334,75.0603333333333,558.86,61.4416666666666,84.4183333333334,5.23166666666667,50.195,8.11833333333333,998.228333333334
2016,95,18,86.3541666666667,59.5666666666666,20.5616666666667,12.485,4.07666666666667,56.8833333333333,7.33833333333333,999.065,86.3541666666667,59.5666666666666,20.5616666666667,12.485,4.07666666666667,56.8833333333333,7.33833333333333,999.065
2016,95,19,97.8413333333333,0.401666666666667,0.12,0.0366666666666667,2.63666666666667,67.4833333333333,6.18833333333333,1000.04166666667,97.8413333333333,0.401666666666667,0.12,0.0366666666666667,2.63666666666667,67.4833333333333,6.18833333333333,1000.04166666667
2016,95,20,108.576666666667,0.153333333333333,-0.0466666666666667,0,1.72166666666667,70.835,5.52166666666667,1000.85333333333,108.576666666667,0.153333333333333,-0.0466666666666667,0,1.72166666666667,70.835,5.52166666666667,1000.85333333333
2016,95,21,118.303166666667,0.651666666666666,0,0,0.893333333333333,72.6216666666667,4.73,1001.65833333333,118.303166666667,0.651666666666666,0,0,0.893333333333333,72.6216666666667,4.73,1001.65833333333
2016,95,22,126.3325,1.55666666666667,0,0,0.356666666666667,73.665,3.91,1002.32833333333,126.3325,1.55666666666667,0,0,0.356666666666667,73.665,3.91,1002.32833333333
2016,95,23,131.725666666667,1.24833333333333,0,0,-0.191666666666667,74.1533333333334,3.85,1002.83,131.725666666667,1.24833333333333,0,0,-0.191666666666667,74.1533333333334,3.85,1002.83
2016,96,0,133.5235,1.80333333333333,0,0,-0.605,74.125,3.91666666666667,1003.26,133.5235,1.80333333333333,0,0,-0.605,74.125,3.91666666666667,1003.26
2016,96,1,131.32,1.895,0,0,-0.985000000000001,72.7883333333334,3.91,1003.545,131.32,1.895,0,0,-0.985000000000001,72.7883333333334,3.91,1003.545
2016,96,2,125.604833333333,1.95833333333333,0,0,-1.51166666666667,74.31,4.04833333333333,1003.50166666667,125.604833333333,1.95833333333333,0,0,-1.51166666666667,74.31,4.04833333333333,1003.50166666667
2016,96,3,117.357,2.86166666666667,-0.0116666666666667,0,-2.08,76.0033333333333,2.29666666666667,1003.53666666667,117.357,2.86166666666667,-0.0116666666666667,0,-2.08,76.0033333333333,2.29666666666667,1003.53666666667
2016,96,4,107.493,2.86166666666667,-0.0266666666666667,0,-2.28,73.9883333333333,1.845,1003.96833333333,107.493,2.86166666666667,-0.0266666666666667,0,-2.28,73.9883333333333,1.845,1003.96833333333
2016,96,5,96.6738333333333,5.19,0.541666666666667,0.243333333333333,-2.73833333333333,75.9083333333334,1.54833333333333,1004.40833333333,96.6738333333333,5.19,0.541666666666667,0.243333333333333,-2.73833333333333,75.9083333333334,1.54833333333333,1004.40833333333
2016,96,6,85.1333333333333,371.043333333333,23.7683333333333,25.9909090909091,-2.24333333333333,72.465,1.815,1004.75166666667,85.1333333333333,371.043333333333,23.7683333333333,25.9909090909091,-2.24333333333333,72.465,1.815,1004.75166666667
2016,96,7,73.8303333333333,741.635,52.895,103.66,-0.616666666666667,60.75,5.09666666666667,1005.12166666667,73.8303333333333,741.635,52.895,103.66,-0.616666666666667,60.75,5.09666666666667,1005.12166666667
2016,96,8,62.5861666666667,872.553333333333,70.9433333333333,190.823333333333,0.265,57.4066666666667,5.85166666666667,1005.51833333333,62.5861666666667,872.553333333333,70.9433333333333,190.823333333333,0.265,57.4066666666667,5.85166666666667,1005.51833333333
2016,96,9,51.9731666666667,935.378333333333,82.3933333333333,267.096666666667,1.09166666666667,52.1733333333333,7.43333333333333,1005.07,51.9731666666667,935.378333333333,82.3933333333333,267.096666666667,1.09166666666667,52.1733333333333,7.43333333333333,1005.07
2016,96,10,42.7415,962.303333333333,91.025,324.721666666667,2.52166666666667,50.2616666666667,6.51666666666667,1004.89833333333,42.7415,962.303333333333,91.025,324.721666666667,2.52166666666667,50.2616666666667,6.51666666666667,1004.89833333333
2016,96,11,36.1458333333333,966.97,99.8233333333333,358.863333333333,3.95666666666667,47.0466666666667,6.04333333333333,1003.82833333333,36.1458333333333,966.97,99.8233333333333,358.863333333333,3.95666666666667,47.0466666666667,6.04333333333333,1003.82833333333
2016,96,12,33.8296666666667,913.191666666667,139.43,367.563333333333,5.25333333333333,43.3616666666667,5.99333333333333,1002.69333333333,33.8296666666667,913.191666666667,139.43,367.563333333333,5.25333333333333,43.3616666666667,5.99333333333333,1002.69333333333
2016,96,13,36.6118333333333,698.581666666666,236.663333333333,331.66,6.72833333333334,38.7833333333333,5.82333333333334,1001.595,36.6118333333333,698.581666666666,236.663333333333,331.66,6.72833333333334,38.7833333333333,5.82333333333334,1001.595
2016,96,14,43.5231666666667,498.4,299.526666666667,279.416666666667,7.975,35.1016666666667,5.77833333333333,1000.52666666667,43.5231666666667,498.4,299.526666666667,279.416666666667,7.975,35.1016666666667,5.77833333333333,1000.52666666667
2016,96,15,52.924,92.2133333333333,285.713333333333,147.841666666667,8.49000000000001,34.8083333333333,6.24,999.328333333333,52.924,92.2133333333333,285.713333333333,147.841666666667,8.49000000000001,34.8083333333333,6.24,999.328333333333
2016,96,16,63.6111666666667,373.528333333333,179.536666666667,146.645,9.07,35.8933333333333,8.25333333333333,997.658333333333,63.6111666666667,373.528333333333,179.536666666667,146.645,9.07,35.8933333333333,8.25333333333333,997.658333333333
2016,96,17,74.8765,79.7983333333334,114.383333333333,56.5966666666667,9.24333333333334,38.3,8.34333333333334,996.855,74.8765,79.7983333333334,114.383333333333,56.5966666666667,9.24333333333334,38.3,8.34333333333334,996.855
2016,96,18,86.1638333333333,-0.4,20.0933333333333,8.60166666666666,8.84166666666667,41.5583333333333,8.24333333333334,995.911666666667,86.1638333333333,-0.4,20.0933333333333,8.60166666666666,8.84166666666667,41.5583333333333,8.24333333333334,995.911666666667
2016,96,19,97.6403333333333,-0.306666666666667,0.0366666666666667,0.01,8.44,46.4183333333333,8.84833333333333,994.168333333334,97.6403333333333,-0.306666666666667,0.0366666666666667,0.01,8.44,46.4183333333333,8.84833333333333,994.168333333334
2016,96,20,108.353,-0.111666666666667,-0.125,0,8.11,50,9.19666666666666,993.041666666666,108.353,-0.111666666666667,-0.125,0,8.11,50,9.19666666666666,993.041666666666
2016,96,21,118.045,-0.195,-0.143333333333333,0,8.05833333333333,51.3216666666667,9.65666666666666,991.816666666666,118.045,-0.195,-0.143333333333333,0,8.05833333333333,51.3216666666667,9.65666666666666,991.816666666666
2016,96,22,126.030166666667,-0.0533333333333333,-0.165,0,7.58166666666667,54.0933333333333,9.16333333333333,990.6,126.030166666667,-0.0533333333333333,-0.165,0,7.58166666666667,54.0933333333333,9.16333333333333,990.6
2016,96,23,131.377833333333,0.0433333333333333,-0.225,0,7.61166666666667,53.5616666666667,9.61,989.266666666667,131.377833333333,0.0433333333333333,-0.225,0,7.61166666666667,53.5616666666667,9.61,989.266666666667
2016,97,0,133.145333333333,0.173333333333333,-0.108333333333333,0,7.60833333333334,53.33,10.4416666666667,988.311666666667,133.145333333333,0.173333333333333,-0.108333333333333,0,7.60833333333334,53.33,10.4416666666667,988.311666666667
2016,97,1,130.938333333333,0.253333333333333,0,0,7.79166666666667,54.19,11.18,986.948333333333,130.938333333333,0.253333333333333,0,0,7.79166666666667,54.19,11.18,986.948333333333
2016,97,2,125.2395,0.383333333333333,0,0,8.15333333333333,54.1183333333333,10.465,985.846666666667,125.2395,0.383333333333333,0,0,8.15333333333333,54.1183333333333,10.465,985.846666666667
2016,97,3,117.0165,0.205,-0.02,0,8.52666666666667,52.8483333333333,10.9333333333333,984.39,117.0165,0.205,-0.02,0,8.52666666666667,52.8483333333333,10.9333333333333,984.39
2016,97,4,107.1735,0.135,-0.12,0,8.61333333333333,53.8316666666667,10.53,982.971666666667,107.1735,0.135,-0.12,0,8.61333333333333,53.8316666666667,10.53,982.971666666667
2016,97,5,96.369,0.376666666666666,0.161666666666667,0.0783333333333333,9.14166666666666,53.2833333333333,11.255,982.195,96.369,0.376666666666666,0.161666666666667,0.0783333333333333,9.14166666666666,53.2833333333333,11.255,982.195
2016,97,6,84.83,0.315,21.9433333333333,9.58166666666667,9.39166666666666,54.1866666666667,6.52833333333333,982.221666666666,84.83,0.315,21.9433333333333,9.58166666666667,9.39166666666666,54.1866666666667,6.52833333333333,982.221666666666
2016,97,7,73.5363333333333,2.29666666666667,72.6366666666667,32.62,10.3066666666667,52.4983333333333,6.76333333333333,981.035,73.5363333333333,2.29666666666667,72.6366666666667,32.62,10.3066666666667,52.4983333333333,6.76333333333333,981.035
2016,97,8,62.2805,-0.663333333333333,45.055,22.1933333333333,11.0616666666667,51.865,7.88166666666667,980.188333333333,62.2805,-0.663333333333333,45.055,22.1933333333333,11.0616666666667,51.865,7.88166666666667,980.188333333333
2016,97,9,51.6485,-0.463333333333333,23.5933333333333,13.6283333333333,9.09666666666667,74.0216666666667,5.79166666666667,979.348333333333,51.6485,-0.463333333333333,23.5933333333333,13.6283333333333,9.09666666666667,74.0216666666667,5.79166666666667,979.348333333333
2016,97,10,42.39,0.106666666666667,27.9416666666667,16.0033333333333,8.86166666666667,81.4716666666667,5.39,978.771666666667,42.39,0.106666666666667,27.9416666666667,16.0033333333333,8.86166666666667,81.4716666666667,5.39,978.771666666667
2016,97,11,35.7676666666667,0.408333333333333,44.88,25.74,9.03333333333334,86.6066666666667,6.945,978.15,35.7676666666667,0.408333333333333,44.88,25.74,9.03333333333334,86.6066666666667,6.945,978.15
2016,97,12,33.4568333333333,0.231666666666667,51.8366666666667,29.2633333333333,9.4,90.295,8.58,977.863333333333,33.4568333333333,0.231666666666667,51.8366666666667,29.2633333333333,9.4,90.295,8.58,977.863333333333
2016,97,13,36.2838333333333,0.135,46.12,26.7166666666667,9.36166666666666,91.91,6.375,976.913333333334,36.2838333333333,0.135,46.12,26.7166666666667,9.36166666666666,91.91,6.375,976.913333333334
2016,97,14,43.2538333333333,0.06,36.22,20.945,9.55666666666668,92.955,6.95333333333334,976.601666666667,43.2538333333333,0.06,36.22,20.945,9.55666666666668,92.955,6.95333333333334,976.601666666667
2016,97,15,52.698,-1.09833333333333,59.8633333333333,30.9933333333333,8.535,86.0483333333333,7.76166666666667,976.838333333334,52.698,-1.09833333333333,59.8633333333333,30.9933333333333,8.535,86.0483333333333,7.76166666666667,976.838333333334
2016,97,16,63.4128333333333,1.03666666666667,69.33,31.865,9.07666666666667,81.14,7.10833333333333,976.786666666668,63.4128333333333,1.03666666666667,69.33,31.865,9.07666666666667,81.14,7.10833333333333,976.786666666668
2016,97,17,74.6865,120.051666666667,96.7516666666667,52.58,9.29166666666667,70.595,9.435,976.796666666666,74.6865,120.051666666667,96.7516666666667,52.58,9.29166666666667,70.595,9.435,976.796666666666
2016,97,18,85.9741666666667,0.101666666666667,18.3016666666667,7.96333333333333,8.60833333333334,75.0783333333333,8.97666666666666,976.801666666668,85.9741666666667,0.101666666666667,18.3016666666667,7.96333333333333,8.60833333333334,75.0783333333333,8.97666666666666,976.801666666668
2016,97,19,97.4403333333333,0.125,0.0183333333333333,0.02,8.195,80.5766666666667,8.73833333333333,977.066666666667,97.4403333333333,0.125,0.0183333333333333,0.02,8.195,80.5766666666667,8.73833333333333,977.066666666667
2016,97,20,108.1295,1.23333333333333,0,0,8.07666666666667,83.725,7.96833333333333,977.834999999999,108.1295,1.23333333333333,0,0,8.07666666666667,83.725,7.96833333333333,977.834999999999
2016,97,21,117.786166666667,0.336666666666667,0,0,7.92666666666667,83.6966666666667,6.52,978.268333333334,117.786166666667,0.336666666666667,0,0,7.92666666666667,83.6966666666667,6.52,978.268333333334
2016,97,22,125.727833333333,0.466666666666667,0,0,8.18,84.8483333333333,9.30666666666667,978.423333333334,125.727833333333,0.466666666666667,0,0,8.18,84.8483333333333,9.30666666666667,978.423333333334
2016,97,23,131.031833333333,0.12,0,0,8.12,84.6533333333334,7.06166666666667,978.388333333334,131.031833333333,0.12,0,0,8.12,84.6533333333334,7.06166666666667,978.388333333334
2016,98,0,132.770166666667,0.656666666666667,0,0,7.84666666666667,86.6416666666667,6.40166666666667,978.068333333334,132.770166666667,0.656666666666667,0,0,7.84666666666667,86.6416666666667,6.40166666666667,978.068333333334
2016,98,1,130.558666666667,0.38,-0.00333333333333333,0,6.725,86.0916666666667,9.00166666666667,977.856666666668,130.558666666667,0.38,-0.00333333333333333,0,6.725,86.0916666666667,9.00166666666667,977.856666666668
2016,98,2,124.876333333333,0.425,0,0,6.02833333333333,82.6383333333334,9.47166666666666,977.955,124.876333333333,0.425,0,0,6.02833333333333,82.6383333333334,9.47166666666666,977.955
2016,98,3,116.677166666667,0.473333333333333,0,0,5.215,83.6,9.09333333333334,978.146666666667,116.677166666667,0.473333333333333,0,0,5.215,83.6,9.09333333333334,978.146666666667
2016,98,4,106.855666666667,0.496666666666667,0,0,4.75833333333333,82.07,8.37,978.59,106.855666666667,0.496666666666667,0,0,4.75833333333333,82.07,8.37,978.59
2016,98,5,96.0426666666667,0.645,0.345,0.2,4.01166666666667,81.6916666666667,8.91333333333334,979.265,96.0426666666667,0.645,0.345,0.2,4.01166666666667,81.6916666666667,8.91333333333334,979.265
2016,98,6,84.5523333333333,7.43166666666667,24.6966666666667,11.4016666666667,3.50333333333333,80.99,8.40333333333333,979.87,84.5523333333333,7.43166666666667,24.6966666666667,11.4016666666667,3.50333333333333,80.99,8.40333333333333,979.87
2016,98,7,73.2416666666667,228.961666666667,101.426666666667,66.6166666666667,3.505,75.3283333333333,10.55,980.441666666666,73.2416666666667,228.961666666667,101.426666666667,66.6166666666667,3.505,75.3283333333333,10.55,980.441666666666
2016,98,8,61.978,102.978333333333,234.041666666667,118.116666666667,3.665,73.28,11.5183333333333,980.878333333333,61.978,102.978333333333,234.041666666667,118.116666666667,3.665,73.28,11.5183333333333,980.878333333333
2016,98,9,51.327,14.755,238.335,107.868333333333,4.015,70.2733333333333,11.215,981.501666666666,51.327,14.755,238.335,107.868333333333,4.015,70.2733333333333,11.215,981.501666666666
2016,98,10,42.0386666666667,242.795,306.016666666667,204.091666666667,4.915,64.14,10.8033333333333,981.708333333332,42.0386666666667,242.795,306.016666666667,204.091666666667,4.915,64.14,10.8033333333333,981.708333333332
2016,98,11,35.3921666666667,60.0016666666667,360.036666666667,178.481666666667,5.19333333333333,61.185,10.5683333333333,981.86,35.3921666666667,60.0016666666667,360.036666666667,178.481666666667,5.19333333333333,61.185,10.5683333333333,981.86
2016,98,12,33.0856666666667,28.915,276.006666666667,133.316666666667,5.42,59.8283333333333,9.77666666666667,982.243333333334,33.0856666666667,28.915,276.006666666667,133.316666666667,5.42,59.8283333333333,9.77666666666667,982.243333333334
2016,98,13,35.9588333333333,149.255,361.235,205.96,5.81833333333333,60.4933333333333,9.635,982.643333333334,35.9588333333333,149.255,361.235,205.96,5.81833333333333,60.4933333333333,9.635,982.643333333334
2016,98,14,42.9856666666667,575.556666666667,234.206666666667,274.093333333333,6.285,59.285,10.7683333333333,983.11,42.9856666666667,575.556666666667,234.206666666667,274.093333333333,6.285,59.285,10.7683333333333,983.11
2016,98,15,52.4751666666667,149.211666666667,292.416666666667,163.546666666667,6.39666666666667,57.1216666666666,9.85,983.541666666666,52.4751666666667,149.211666666667,292.416666666667,163.546666666667,6.39666666666667,57.1216666666666,9.85,983.541666666666
2016,98,16,63.2158333333333,303.813333333333,207.128333333333,140.718333333333,6.425,58.6966666666667,8.53833333333333,984.061666666666,63.2158333333333,303.813333333333,207.128333333333,140.718333333333,6.425,58.6966666666667,8.53833333333333,984.061666666666
2016,98,17,74.502,517.711666666667,97.0333333333334,92.4783333333333,6.65166666666667,58.2,7.68833333333333,984.658333333334,74.502,517.711666666667,97.0333333333334,92.4783333333333,6.65166666666667,58.2,7.68833333333333,984.658333333334
2016,98,18,85.785,215.508333333333,24.725,19.2085106382979,6.075,61.8716666666667,5.595,985.186666666667,85.785,215.508333333333,24.725,19.2085106382979,6.075,61.8716666666667,5.595,985.186666666667
2016,98,19,97.2403333333333,0.165,-0.0816666666666668,0.115,4.89166666666667,67.75,3.735,985.916666666667,97.2403333333333,0.165,-0.0816666666666668,0.115,4.89166666666667,67.75,3.735,985.916666666667
2016,98,20,107.905833333333,2.055,-0.281666666666667,0,3.96,71.4333333333333,2.79166666666667,986.730000000001,107.905833333333,2.055,-0.281666666666667,0,3.96,71.4333333333333,2.79166666666667,986.730000000001
2016,98,21,117.529333333333,1.925,-0.05,0,3.49333333333333,72.9416666666667,1.265,986.868333333334,117.529333333333,1.925,-0.05,0,3.49333333333333,72.9416666666667,1.265,986.868333333334
2016,98,22,125.427833333333,0.583333333333333,-0.163333333333333,0,3.3,72.685,2.025,986.744999999999,125.427833333333,0.583333333333333,-0.163333333333333,0,3.3,72.685,2.025,986.744999999999
2016,98,23,130.6875,2.11333333333333,0,0,2.995,73.9183333333333,2.51833333333333,986.850000000001,130.6875,2.11333333333333,0,0,2.995,73.9183333333333,2.51833333333333,986.850000000001
2016,99,0,132.395666666667,2.25,0,0,2.35166666666667,83.595,2.85166666666667,986.948333333334,132.395666666667,2.25,0,0,2.35166666666667,83.595,2.85166666666667,986.948333333334
2016,99,1,130.180666666667,1.475,0,0,3.01,83.0133333333333,3.64833333333333,986.656666666667,130.180666666667,1.475,0,0,3.01,83.0133333333333,3.64833333333333,986.656666666667
2016,99,2,124.516333333333,0.976666666666667,0,0,3.28166666666666,83.6366666666666,3.06666666666667,986.246666666666,124.516333333333,0.976666666666667,0,0,3.28166666666666,83.6366666666666,3.06666666666667,986.246666666666
2016,99,3,116.3395,0.784999999999999,0,0,3.14666666666667,86.9816666666666,2.465,985.548333333334,116.3395,0.784999999999999,0,0,3.14666666666667,86.9816666666666,2.465,985.548333333334
2016,99,4,106.54,1.025,0,0,3.01166666666667,85.2383333333334,3.625,985.218333333332,106.54,1.025,0,0,3.01166666666667,85.2383333333334,3.625,985.218333333332
2016,99,5,95.7333333333333,1.9,0.215,0.103333333333333,3.50333333333333,85.395,4.50333333333333,985.300000000001,95.7333333333333,1.9,0.215,0.103333333333333,3.50333333333333,85.395,4.50333333333333,985.300000000001
2016,99,6,84.2748333333333,0.988333333333333,26.0983333333333,11.4566666666667,4.03666666666667,86.5416666666667,5.89166666666667,985.593333333333,84.2748333333333,0.988333333333333,26.0983333333333,11.4566666666667,4.03666666666667,86.5416666666667,5.89166666666667,985.593333333333
2016,99,7,72.9516666666667,13.95,68.6133333333333,31.0083333333333,3.98333333333333,87.3733333333333,7.96666666666667,985.803333333334,72.9516666666667,13.95,68.6133333333333,31.0083333333333,3.98333333333333,87.3733333333333,7.96666666666667,985.803333333334
2016,99,8,61.6778333333333,5.06,157.638333333333,71.0233333333333,4.35,85.2133333333333,8.365,985.783333333335,61.6778333333333,5.06,157.638333333333,71.0233333333333,4.35,85.2133333333333,8.365,985.783333333335
2016,99,9,51.007,1.03666666666667,181.36,81.575,4.825,76.4583333333333,10.1933333333333,986.341666666666,51.007,1.03666666666667,181.36,81.575,4.825,76.4583333333333,10.1933333333333,986.341666666666
2016,99,10,41.6913333333333,2.17666666666667,236.243333333333,107.16,4.98666666666667,72.0683333333333,10.375,986.853333333334,41.6913333333333,2.17666666666667,236.243333333333,107.16,4.98666666666667,72.0683333333333,10.375,986.853333333334
2016,99,11,35.0183333333333,-0.0883333333333333,218.965,100.655,4.9,71.4966666666667,11.1616666666667,986.983333333333,35.0183333333333,-0.0883333333333333,218.965,100.655,4.9,71.4966666666667,11.1616666666667,986.983333333333
2016,99,12,32.7158333333333,25.2833333333333,337.073333333333,158.776666666667,5.13333333333334,65.515,12.5633333333333,986.966666666667,32.7158333333333,25.2833333333333,337.073333333333,158.776666666667,5.13333333333334,65.515,12.5633333333333,986.966666666667
2016,99,13,35.636,221.231666666667,311.44,209.705,5.95,52.8966666666667,12.5783333333333,986.946666666668,35.636,221.231666666667,311.44,209.705,5.95,52.8966666666667,12.5783333333333,986.946666666668
2016,99,14,42.7205,5.91666666666667,277.485,124.158333333333,6.16833333333333,44.53,12.965,986.908333333334,42.7205,5.91666666666667,277.485,124.158333333333,6.16833333333333,44.53,12.965,986.908333333334
2016,99,15,52.2533333333333,191.668333333333,235.086666666667,148.126666666667,6.20166666666666,50.2,12.0766666666667,986.685,52.2533333333333,191.668333333333,235.086666666667,148.126666666667,6.20166666666666,50.2,12.0766666666667,986.685
2016,99,16,63.0198333333333,1.95357142857143,128.503333333333,57.6933333333333,4.49166666666666,64.1733333333333,12.9083333333333,986.861666666667,63.0198333333333,1.95357142857143,128.503333333333,57.6933333333333,4.49166666666666,64.1733333333333,12.9083333333333,986.861666666667
2016,99,17,74.3166666666667,1.89333333333333,38.875,17.045,3.02833333333334,81.0716666666667,8.66,987.701666666667,74.3166666666667,1.89333333333333,38.875,17.045,3.02833333333334,81.0716666666667,8.66,987.701666666667
2016,99,18,85.5956666666667,198.821666666667,37.1933333333333,9.63846153846154,3.51,69.335,8.195,987.838333333333,85.5956666666667,198.821666666667,37.1933333333333,9.63846153846154,3.51,69.335,8.195,987.838333333333
2016,99,19,97.0401666666667,0.698333333333333,0.0966666666666666,0.0866666666666667,2.7,70.2716666666667,8.58833333333333,988.77,97.0401666666667,0.698333333333333,0.0966666666666666,0.0866666666666667,2.7,70.2716666666667,8.58833333333333,988.77
2016,99,20,107.682666666667,0.41,-0.31,0,1.56166666666667,72.675,8.055,989.828333333333,107.682666666667,0.41,-0.31,0,1.56166666666667,72.675,8.055,989.828333333333
2016,99,21,117.2715,0.585,-0.16,0,1.15666666666667,64.9183333333333,9.66166666666667,990.445,117.2715,0.585,-0.16,0,1.15666666666667,64.9183333333333,9.66166666666667,990.445
2016,99,22,125.127166666667,0.461666666666666,-0.24,0,0.886666666666666,60.6266666666667,10.1433333333333,990.815,125.127166666667,0.461666666666666,-0.24,0,0.886666666666666,60.6266666666667,10.1433333333333,990.815
2016,99,23,130.344166666667,0.411666666666666,-0.338333333333333,0,0.326666666666667,59.2466666666667,10.1516666666667,991.455,130.344166666667,0.411666666666666,-0.338333333333333,0,0.326666666666667,59.2466666666667,10.1516666666667,991.455
2016,100,0,132.0235,0.461666666666667,-0.343333333333333,0,-0.21,61.8566666666667,10.2366666666667,992.085,132.0235,0.461666666666667,-0.343333333333333,0,-0.21,61.8566666666667,10.2366666666667,992.085
2016,100,1,129.805666666667,0.411666666666666,-0.396666666666666,0,-0.981666666666667,68.0816666666667,11.0416666666667,992.746666666667,129.805666666667,0.411666666666666,-0.396666666666666,0,-0.981666666666667,68.0816666666667,11.0416666666667,992.746666666667
2016,100,2,124.157166666667,0.46,-0.393333333333333,0,-1.655,72.9383333333334,9.34,993.525,124.157166666667,0.46,-0.393333333333333,0,-1.655,72.9383333333334,9.34,993.525
2016,100,3,116.004333333333,0.805,-0.383333333333333,0,-2.325,78.355,8.08333333333333,994.331666666667,116.004333333333,0.805,-0.383333333333333,0,-2.325,78.355,8.08333333333333,994.331666666667
2016,100,4,106.227166666667,1.12166666666667,-0.366666666666667,0,-2.80833333333333,76.5666666666667,7.80833333333333,995.123333333334,106.227166666667,1.12166666666667,-0.366666666666667,0,-2.80833333333333,76.5666666666667,7.80833333333333,995.123333333334
2016,100,5,95.4151666666667,4.865,0.928333333333333,0.516666666666667,-3.29,71.8083333333334,7.93833333333333,995.926666666667,95.4151666666667,4.865,0.928333333333333,0.516666666666667,-3.29,71.8083333333334,7.93833333333333,995.926666666667
2016,100,6,83.9971666666667,455.948214285714,25.685,39.9175,-3.36666666666667,70.6733333333334,6.655,997.02,83.9971666666667,455.948214285714,25.685,39.9175,-3.36666666666667,70.6733333333334,6.655,997.02
2016,100,7,72.6631666666667,793.596666666667,50.3266666666667,113.19,-2.86333333333333,65.9183333333333,7.24833333333333,998.23,72.6631666666667,793.596666666667,50.3266666666667,113.19,-2.86333333333333,65.9183333333333,7.24833333333333,998.23
2016,100,8,61.3803333333333,924.125,61.7483333333333,200.833333333333,-2.01833333333333,53.125,6.55,999.121666666666,61.3803333333333,924.125,61.7483333333333,200.833333333333,-2.01833333333333,53.125,6.55,999.121666666666
2016,100,9,50.6905,981.9,69.7416666666667,276.398333333333,-1.14166666666667,44.3683333333333,5.545,999.931666666667,50.6905,981.9,69.7416666666667,276.398333333333,-1.14166666666667,44.3683333333333,5.545,999.931666666667
2016,100,10,41.346,1004.24666666667,77.39,332.586666666667,-0.178333333333333,41.76,3.76833333333333,1000.30666666667,41.346,1004.24666666667,77.39,332.586666666667,-0.178333333333333,41.76,3.76833333333333,1000.30666666667
2016,100,11,34.6468333333333,999.666666666666,92.51,366.591666666667,0.881666666666667,40.3983333333333,2.63166666666667,999.935,34.6468333333333,999.666666666666,92.51,366.591666666667,0.881666666666667,40.3983333333333,2.63166666666667,999.935
2016,100,12,32.3493333333333,995.241666666667,96.685,377.145,1.60333333333333,38.75,2.68,999.255000000001,32.3493333333333,995.241666666667,96.685,377.145,1.60333333333333,38.75,2.68,999.255000000001
2016,100,13,35.3156666666667,992.468333333333,90.57,362.373333333333,2.45333333333333,35.885,2.06166666666667,998.736666666666,35.3156666666667,992.468333333333,90.57,362.373333333333,2.45333333333333,35.885,2.06166666666667,998.736666666666
2016,100,14,42.4576666666667,966.111666666667,93.8733333333333,325.296666666667,3.25,34.2633333333333,2.14833333333333,998.283333333333,42.4576666666667,966.111666666667,93.8733333333333,325.296666666667,3.25,34.2633333333333,2.14833333333333,998.283333333333
2016,100,15,52.0345,945.055,74.6433333333333,264.15,3.82,31.665,2.03833333333333,998.036666666667,52.0345,945.055,74.6433333333333,264.15,3.82,31.665,2.03833333333333,998.036666666667
2016,100,16,62.825,877.605,63.0016666666667,185.523333333333,4.36166666666667,30.7983333333333,1.32333333333333,997.368333333334,62.825,877.605,63.0016666666667,185.523333333333,4.36166666666667,30.7983333333333,1.32333333333333,997.368333333334
2016,100,17,74.1325,731.715,48.3733333333333,98.5033333333333,4.10833333333333,35.2283333333333,2.35833333333333,996.931666666667,74.1325,731.715,48.3733333333333,98.5033333333333,4.10833333333333,35.2283333333333,2.35833333333333,996.931666666667
2016,100,18,85.408,340.48,21.9966666666667,25.0302325581395,3.73166666666667,39.4766666666667,3.35666666666667,996.63,85.408,340.48,21.9966666666667,25.0302325581395,3.73166666666667,39.4766666666667,3.35666666666667,996.63
2016,100,19,96.841,-1.47,0.0616666666666665,0.186666666666667,2.34833333333333,52.8583333333333,3.86,996.478333333333,96.841,-1.47,0.0616666666666665,0.186666666666667,2.34833333333333,52.8583333333333,3.86,996.478333333333
2016,100,20,107.46,0.345,-0.4,0,1.285,59.64,4.28,996.155,107.46,0.345,-0.4,0,1.285,59.64,4.28,996.155
2016,100,21,117.013833333333,1.82666666666667,-0.0733333333333333,0,1.43,60.9216666666667,4.72833333333333,995.931666666667,117.013833333333,1.82666666666667,-0.0733333333333333,0,1.43,60.9216666666667,4.72833333333333,995.931666666667
2016,100,22,124.8275,0.908333333333334,-0.201666666666667,0,2.09,56.9116666666667,5.71333333333333,995.628333333333,124.8275,0.908333333333334,-0.201666666666667,0,2.09,56.9116666666667,5.71333333333333,995.628333333333
2016,100,23,130.002166666667,-0.538333333333333,-0.0533333333333333,0,2.21,57.58,7.065,994.5,130.002166666667,-0.538333333333333,-0.0533333333333333,0,2.21,57.58,7.065,994.5
2016,101,0,131.654166666667,0.596666666666666,0,0,2.24333333333333,59.485,7.08333333333333,994.011666666666,131.654166666667,0.596666666666666,0,0,2.24333333333333,59.485,7.08333333333333,994.011666666666
2016,101,1,129.432833333333,0.4,-0.045,0,2.345,59.8983333333333,7.69,992.771666666666,129.432833333333,0.4,-0.045,0,2.345,59.8983333333333,7.69,992.771666666666
2016,101,2,123.8015,0.649999999999999,-0.00166666666666667,0,2.64333333333333,58.6816666666667,7.93333333333333,991.781666666666,123.8015,0.649999999999999,-0.00166666666666667,0,2.64333333333333,58.6816666666667,7.93333333333333,991.781666666666
2016,101,3,115.671666666667,0.4,-0.0366666666666667,0,2.81333333333333,59.0066666666667,7.48333333333333,991.123333333334,115.671666666667,0.4,-0.0366666666666667,0,2.81333333333333,59.0066666666667,7.48333333333333,991.123333333334
2016,101,4,105.914833333333,0.58,0,0,3.09333333333333,59.6866666666667,7.93833333333333,990.315,105.914833333333,0.58,0,0,3.09333333333333,59.6866666666667,7.93833333333333,990.315
2016,101,5,95.1131666666667,0.558333333333333,0.45,0.231666666666667,3.40666666666667,58.11,8.64666666666667,989.87,95.1131666666667,0.558333333333333,0.45,0.231666666666667,3.40666666666667,58.11,8.64666666666667,989.87
2016,101,6,83.7215,1.115,30.04,13.2133333333333,3.845,56.1783333333333,8.94666666666667,989.383333333333,83.7215,1.115,30.04,13.2133333333333,3.845,56.1783333333333,8.94666666666667,989.383333333333
2016,101,7,72.379,1.175,58.525,27.0716666666667,4.97333333333333,51.765,10.255,988.865,72.379,1.175,58.525,27.0716666666667,4.97333333333333,51.765,10.255,988.865
2016,101,8,61.0863333333333,0.216666666666667,42.4633333333333,21.9183333333333,5.35666666666667,53.3783333333333,10.5666666666667,988.22,61.0863333333333,0.216666666666667,42.4633333333333,21.9183333333333,5.35666666666667,53.3783333333333,10.5666666666667,988.22
2016,101,9,50.3778333333333,-0.826666666666667,83.6416666666667,42.4266666666667,5.48666666666667,64.4283333333333,9.93833333333334,987.476666666666,50.3778333333333,-0.826666666666667,83.6416666666667,42.4266666666667,5.48666666666667,64.4283333333333,9.93833333333334,987.476666666666
2016,101,10,41.0045,-0.433333333333333,57.4466666666667,31.315,6.41833333333334,67.2666666666667,8.94666666666667,986.775,41.0045,-0.433333333333333,57.4466666666667,31.315,6.41833333333334,67.2666666666667,8.94666666666667,986.775
2016,101,11,34.2785,-0.635,71.5616666666667,38.2283333333333,6.93833333333333,72.4666666666667,7.855,986.031666666667,34.2785,-0.635,71.5616666666667,38.2283333333333,6.93833333333333,72.4666666666667,7.855,986.031666666667
2016,101,12,31.9843333333333,0.32,68.6033333333333,36.32,9.305,73.8316666666667,10.14,984.769999999999,31.9843333333333,0.32,68.6033333333333,36.32,9.305,73.8316666666667,10.14,984.769999999999
2016,101,13,34.998,-0.784999999999999,46.22,26.2983333333333,9.81833333333334,82.9033333333334,10.7866666666667,983.876666666666,34.998,-0.784999999999999,46.22,26.2983333333333,9.81833333333334,82.9033333333334,10.7866666666667,983.876666666666
2016,101,14,42.198,-0.166666666666667,38.8766666666667,22.2583333333333,10.2466666666667,87.0666666666667,11.735,983.46,42.198,-0.166666666666667,38.8766666666667,22.2583333333333,10.2466666666667,87.0666666666667,11.735,983.46
2016,101,15,51.8161666666667,0.776666666666667,118.65,57.945,10.5383333333333,87.8933333333334,12.235,982.833333333334,51.8161666666667,0.776666666666667,118.65,57.945,10.5383333333333,87.8933333333334,12.235,982.833333333334
2016,101,16,62.6333333333333,0.165,58.55,28.4483333333333,10.795,87.2433333333334,10.895,982.786666666668,62.6333333333333,0.165,58.55,28.4483333333333,10.795,87.2433333333334,10.895,982.786666666668
2016,101,17,73.9496666666667,-0.0483333333333333,11.035,5.94666666666667,10.4516666666667,88.78,7.41666666666667,983.295,73.9496666666667,-0.0483333333333333,11.035,5.94666666666667,10.4516666666667,88.78,7.41666666666667,983.295
2016,101,18,85.221,0.105,3.375,1.78,10.15,91.5583333333334,6.405,983.461666666668,85.221,0.105,3.375,1.78,10.15,91.5583333333334,6.405,983.461666666668
2016,101,19,96.6415,0.0616666666666667,0.00666666666666667,0.00166666666666667,10.1,92.1966666666666,4.37166666666667,983.523333333333,96.6415,0.0616666666666667,0.00666666666666667,0.00166666666666667,10.1,92.1966666666666,4.37166666666667,983.523333333333
2016,101,20,107.236833333333,0.245,0,0,10.1316666666667,93.1850000000001,2.79833333333333,983.991666666666,107.236833333333,0.245,0,0,10.1316666666667,93.1850000000001,2.79833333333333,983.991666666666
2016,101,21,116.756833333333,0.363333333333333,0,0,10.36,93.4816666666666,2.67833333333333,983.903333333334,116.756833333333,0.363333333333333,0,0,10.36,93.4816666666666,2.67833333333333,983.903333333334
2016,101,22,124.528666666667,0.438333333333334,0,0,10.245,93.5616666666667,2.24166666666667,983.49,124.528666666667,0.438333333333334,0,0,10.245,93.5616666666667,2.24166666666667,983.49
2016,101,23,129.660833333333,0.268333333333333,0,0,10.1733333333333,93.595,2.15666666666667,983.425000000001,129.660833333333,0.268333333333333,0,0,10.1733333333333,93.595,2.15666666666667,983.425000000001
2016,102,0,131.285833333333,0.665,0,0,10.1416666666667,93.4816666666666,2.48833333333333,983.725,131.285833333333,0.665,0,0,10.1416666666667,93.4816666666666,2.48833333333333,983.725
2016,102,1,129.062833333333,0.281666666666667,0,0,10.24,93.3350000000001,3.12666666666667,983.908333333333,129.062833333333,0.281666666666667,0,0,10.24,93.3350000000001,3.12666666666667,983.908333333333
2016,102,2,123.446833333333,0.566666666666667,0,0,10.295,93.5283333333333,3.39166666666667,983.735,123.446833333333,0.566666666666667,0,0,10.295,93.5283333333333,3.39166666666667,983.735
2016,102,3,115.3415,0.683333333333333,0,0,10.415,93.7566666666667,3.78833333333333,984.635000000001,115.3415,0.683333333333333,0,0,10.415,93.7566666666667,3.78833333333333,984.635000000001
2016,102,4,105.6065,0.335,0,0,10.325,94.4733333333334,3.39333333333334,985.398333333333,105.6065,0.335,0,0,10.325,94.4733333333334,3.39333333333334,985.398333333333
2016,102,5,94.8025,0.0266666666666667,0.718333333333333,0.401666666666667,10.02,94.715,4.09166666666667,986.618333333333,94.8025,0.0266666666666667,0.718333333333333,0.401666666666667,10.02,94.715,4.09166666666667,986.618333333333
2016,102,6,83.4468333333333,2.56833333333333,33.8716666666667,14.1566666666667,9.16333333333333,94.7966666666667,3.73833333333333,986.813333333334,83.4468333333333,2.56833333333333,33.8716666666667,14.1566666666667,9.16333333333333,94.7966666666667,3.73833333333333,986.813333333334
2016,102,7,72.0951666666667,39.0283333333333,133.831666666667,61.6483333333333,9.49166666666666,92.52,5.26,986.863333333334,72.0951666666667,39.0283333333333,133.831666666667,61.6483333333333,9.49166666666666,92.52,5.26,986.863333333334
2016,102,8,60.7945,2.87333333333333,153.235,68.8783333333333,10.1733333333333,74.5216666666667,5.94333333333333,988.086666666667,60.7945,2.87333333333333,153.235,68.8783333333333,10.1733333333333,74.5216666666667,5.94333333333333,988.086666666667
2016,102,9,50.0676666666667,1.595,166.678333333333,78.805,9.415,67.84,5.19666666666667,989.063333333332,50.0676666666667,1.595,166.678333333333,78.805,9.415,67.84,5.19666666666667,989.063333333332
2016,102,10,40.6656666666667,-0.435,143.483333333333,69.9433333333333,8.24,66.3466666666667,7.09166666666667,989.198333333333,40.6656666666667,-0.435,143.483333333333,69.9433333333333,8.24,66.3466666666667,7.09166666666667,989.198333333333
2016,102,11,33.9121666666667,0.305,153.403333333333,74.5383333333333,7.38833333333333,60.9833333333333,7.385,990.128333333333,33.9121666666667,0.305,153.403333333333,74.5383333333333,7.38833333333333,60.9833333333333,7.385,990.128333333333
2016,102,12,31.6221666666667,262.483333333333,308.146666666667,226.208333333333,7.71833333333334,60.2716666666667,8.19666666666667,990.096666666667,31.6221666666667,262.483333333333,308.146666666667,226.208333333333,7.71833333333334,60.2716666666667,8.19666666666667,990.096666666667
2016,102,13,34.6828333333333,668.718333333333,290.348333333333,343.821666666667,8.62,56.365,9.11333333333333,989.871666666668,34.6828333333333,668.718333333333,290.348333333333,343.821666666667,8.62,56.365,9.11333333333333,989.871666666668
2016,102,14,41.9413333333333,315.803333333333,361.531666666667,247.675,8.905,49.09,9.24166666666667,990.113333333333,41.9413333333333,315.803333333333,361.531666666667,247.675,8.905,49.09,9.24166666666667,990.113333333333
2016,102,15,51.6015,922.568333333333,108.541666666667,270.445,9,47.22,9.35,990.093333333333,51.6015,922.568333333333,108.541666666667,270.445,9,47.22,9.35,990.093333333333
2016,102,16,62.4413333333333,562.013333333333,150.825,162.503333333333,9.13,43.3083333333333,8.795,990.625000000001,62.4413333333333,562.013333333333,150.825,162.503333333333,9.13,43.3083333333333,8.795,990.625000000001
2016,102,17,73.7693333333333,296.051666666667,121.023333333333,81.0616666666667,9.38666666666666,42.7416666666667,8.25833333333333,991.438333333333,73.7693333333333,296.051666666667,121.023333333333,81.0616666666667,9.38666666666666,42.7416666666667,8.25833333333333,991.438333333333
2016,102,18,85.0338333333333,227.243333333333,44.9983333333333,29.9411764705882,8.9,46.2233333333333,5.98166666666667,992.128333333334,85.0338333333333,227.243333333333,44.9983333333333,29.9411764705882,8.9,46.2233333333333,5.98166666666667,992.128333333334
2016,102,19,96.443,-1.75333333333333,0.515000000000001,0.265,7.40833333333333,53.4766666666667,3.92333333333333,992.603333333332,96.443,-1.75333333333333,0.515000000000001,0.265,7.40833333333333,53.4766666666667,3.92333333333333,992.603333333332
2016,102,20,107.013833333333,1.25333333333333,-0.113333333333333,0,5.86333333333333,60.52,3.83833333333333,993.564999999999,107.013833333333,1.25333333333333,-0.113333333333333,0,5.86333333333333,60.52,3.83833333333333,993.564999999999
2016,102,21,116.500666666667,1.67833333333333,-0.09,0,4.65833333333333,61.7916666666667,3.545,994.646666666666,116.500666666667,1.67833333333333,-0.09,0,4.65833333333333,61.7916666666667,3.545,994.646666666666
2016,102,22,124.230666666667,1.31833333333333,-0.0116666666666667,0,4.11,60.8666666666667,3.69166666666667,995.451666666667,124.230666666667,1.31833333333333,-0.0116666666666667,0,4.11,60.8666666666667,3.69166666666667,995.451666666667
2016,102,23,129.322166666667,2.25333333333333,0,0,3.65666666666667,59.955,3.13333333333333,996.145,129.322166666667,2.25333333333333,0,0,3.65666666666667,59.955,3.13333333333333,996.145
2016,103,0,130.9215,1.695,0,0,3.44,58.1416666666667,3.995,996.595,130.9215,1.695,0,0,3.44,58.1416666666667,3.995,996.595
2016,103,1,128.694333333333,2.405,0,0,2.14666666666667,66.2333333333333,4.38,996.973333333333,128.694333333333,2.405,0,0,2.14666666666667,66.2333333333333,4.38,996.973333333333
2016,103,2,123.095333333333,2.53333333333333,0,0,1.59333333333333,68.8516666666666,4.89666666666667,997.394999999999,123.095333333333,2.53333333333333,0,0,1.59333333333333,68.8516666666666,4.89666666666667,997.394999999999
2016,103,3,115.0135,2.495,0,0,0.773333333333334,74.1666666666667,3.995,998.09,115.0135,2.495,0,0,0.773333333333334,74.1666666666667,3.995,998.09
2016,103,4,105.299333333333,2.59333333333334,0,0,0.708333333333334,73.0816666666667,3.03833333333333,999.058333333333,105.299333333333,2.59333333333334,0,0,0.708333333333334,73.0816666666667,3.03833333333333,999.058333333333
2016,103,5,94.5073333333333,10.0666666666667,2.02166666666667,0.898333333333333,0.585,72.26,3.24,1000.01666666667,94.5073333333333,10.0666666666667,2.02166666666667,0.898333333333333,0.585,72.26,3.24,1000.01666666667
2016,103,6,83.1733333333333,403.805555555556,33.37,39.8978260869565,0.368333333333333,76.0816666666667,3.275,1000.86333333333,83.1733333333333,403.805555555556,33.37,39.8978260869565,0.368333333333333,76.0816666666667,3.275,1000.86333333333
2016,103,7,71.815,738.078333333333,61.09,114.638333333333,1.83166666666667,70.9233333333333,5.2,1001.44333333333,71.815,738.078333333333,61.09,114.638333333333,1.83166666666667,70.9233333333333,5.2,1001.44333333333
2016,103,8,60.5058333333333,866.485,76.8034482758621,200.1,3.89,63.5816666666667,5.295,1001.82833333333,60.5058333333333,866.485,76.8034482758621,200.1,3.89,63.5816666666667,5.295,1001.82833333333
2016,103,9,49.7601666666667,932.691666666667,85.0816666666666,274.685,5.73166666666667,49.3966666666667,5.28833333333333,1002.22666666667,49.7601666666667,932.691666666667,85.0816666666666,274.685,5.73166666666667,49.3966666666667,5.28833333333333,1002.22666666667
2016,103,10,40.33,969.821666666667,90.8690909090909,331.343333333333,6.46333333333333,45.0616666666667,5.15,1002.34,40.33,969.821666666667,90.8690909090909,331.343333333333,6.46333333333333,45.0616666666667,5.15,1002.34
2016,103,11,33.5496666666667,985.041666666666,95.8183333333333,365.561666666667,7.18166666666667,42.505,4.62666666666667,1002.34,33.5496666666667,985.041666666666,95.8183333333333,365.561666666667,7.18166666666667,42.505,4.62666666666667,1002.34
2016,103,12,31.2626666666667,991.551666666667,94.9716666666666,375.611666666667,8.20166666666667,39.0316666666667,3.77333333333333,1002.125,31.2626666666667,991.551666666667,94.9716666666666,375.611666666667,8.20166666666667,39.0316666666667,3.77333333333333,1002.125
2016,103,13,34.3701666666667,982.553333333333,92.1716666666667,361.265,8.98666666666667,36.995,4.125,1001.54666666667,34.3701666666667,982.553333333333,92.1716666666667,361.265,8.98666666666667,36.995,4.125,1001.54666666667
2016,103,14,41.685,958.085,89.665,321.755,9.86166666666667,34.2733333333333,3.04833333333333,1001.00666666667,41.685,958.085,89.665,321.755,9.86166666666667,34.2733333333333,3.04833333333333,1001.00666666667
2016,103,15,51.3883333333333,915.298333333333,84.6933333333334,261.586666666667,10.405,30.9966666666667,2.38666666666667,1000.52333333333,51.3883333333333,915.298333333333,84.6933333333334,261.586666666667,10.405,30.9966666666667,2.38666666666667,1000.52333333333
2016,103,16,62.2513333333333,837.851666666667,75.4866666666667,184.056666666667,10.865,30.6816666666667,2.58166666666667,1000.18833333333,62.2513333333333,837.851666666667,75.4866666666667,184.056666666667,10.865,30.6816666666667,2.58166666666667,1000.18833333333
2016,103,17,73.5888333333333,693.055,57.4214285714285,98.2,10.7,29.4333333333333,2.915,999.970000000001,73.5888333333333,693.055,57.4214285714285,98.2,10.7,29.4333333333333,2.915,999.970000000001
2016,103,18,84.8473333333333,327.726666666667,26.5666666666667,27.7820512820513,9.88166666666667,35.2466666666667,3.78166666666667,999.691666666666,84.8473333333333,327.726666666667,26.5666666666667,27.7820512820513,9.88166666666667,35.2466666666667,3.78166666666667,999.691666666666
2016,103,19,96.244,-0.811666666666667,0.516666666666667,0.291666666666667,8.80833333333333,38.4533333333333,2.84,999.806666666667,96.244,-0.811666666666667,0.516666666666667,0.291666666666667,8.80833333333333,38.4533333333333,2.84,999.806666666667
2016,103,20,106.7915,0.015,-0.138333333333333,0,8.165,41.0816666666667,2.29166666666667,1000.38333333333,106.7915,0.015,-0.138333333333333,0,8.165,41.0816666666667,2.29166666666667,1000.38333333333
2016,103,21,116.2455,0.36,-0.33,0,7.14666666666666,49.9916666666667,3.11833333333333,1000.86666666667,116.2455,0.36,-0.33,0,7.14666666666666,49.9916666666667,3.11833333333333,1000.86666666667
2016,103,22,123.933166666667,-0.281666666666666,-0.273333333333334,0,6.13,56.45,3.25166666666667,1000.81833333333,123.933166666667,-0.281666666666666,-0.273333333333334,0,6.13,56.45,3.25166666666667,1000.81833333333
2016,103,23,128.984166666667,0.899999999999999,-0.166666666666667,0,5.38,60.1216666666667,3.335,1000.97833333333,128.984166666667,0.899999999999999,-0.166666666666667,0,5.38,60.1216666666667,3.335,1000.97833333333
2016,104,0,130.5575,1.31666666666667,-0.175,0,4.875,62.0866666666667,3.565,1000.995,130.5575,1.31666666666667,-0.175,0,4.875,62.0866666666667,3.565,1000.995
2016,104,1,128.329666666667,1.00833333333333,-0.05,0,4.155,65.8883333333333,3.22166666666667,1000.67,128.329666666667,1.00833333333333,-0.05,0,4.155,65.8883333333333,3.22166666666667,1000.67
2016,104,2,122.746833333333,0.868333333333333,-0.04,0,3.02,72.6833333333333,3.6,1000.23,122.746833333333,0.868333333333333,-0.04,0,3.02,72.6833333333333,3.6,1000.23
2016,104,3,114.688,1.14166666666667,-0.0466666666666667,0,2.62833333333333,74.4516666666667,3.65166666666667,1000.005,114.688,1.14166666666667,-0.0466666666666667,0,2.62833333333333,74.4516666666667,3.65166666666667,1000.005
2016,104,4,104.9955,1.40833333333333,0,0,2.23166666666667,76.5016666666667,3.84,999.943333333334,104.9955,1.40833333333333,0,0,2.23166666666667,76.5016666666667,3.84,999.943333333334
2016,104,5,94.2036666666667,6.985,2.14166666666667,1.05333333333333,2.13833333333333,76.2933333333334,3.745,1000.245,94.2036666666667,6.985,2.14166666666667,1.05333333333333,2.13833333333333,76.2933333333334,3.745,1000.245
2016,104,6,82.9021666666667,405.081481481481,33.845,37.1839285714286,1.87,79.3233333333333,3.10833333333333,1000.90666666667,82.9021666666667,405.081481481481,33.845,37.1839285714286,1.87,79.3233333333333,3.10833333333333,1000.90666666667
2016,104,7,71.5376666666667,724.605,60.7783333333333,115.985,4.54833333333333,71.435,4.65833333333333,1000.93,71.5376666666667,724.605,60.7783333333333,115.985,4.54833333333333,71.435,4.65833333333333,1000.93
2016,104,8,60.2206666666667,861.026666666667,75.3783333333333,201.73,7.03666666666667,60.9983333333333,5.95333333333333,1000.295,60.2206666666667,861.026666666667,75.3783333333333,201.73,7.03666666666667,60.9983333333333,5.95333333333333,1000.295
2016,104,9,49.4571666666667,932.48,82.5866666666667,276.563333333333,8.69499999999999,53.82,6.54666666666667,999.453333333334,49.4571666666667,932.48,82.5866666666667,276.563333333333,8.69499999999999,53.82,6.54666666666667,999.453333333334
2016,104,10,39.9988333333333,964.535,89.5016666666667,332.375,10.1783333333333,50.19,5.43166666666667,999.456666666667,39.9988333333333,964.535,89.5016666666667,332.375,10.1783333333333,50.19,5.43166666666667,999.456666666667
2016,104,11,33.1895,971.17,98.8016666666666,365.635,11.2783333333333,45.9383333333333,4.865,999.594999999999,33.1895,971.17,98.8016666666666,365.635,11.2783333333333,45.9383333333333,4.865,999.594999999999
2016,104,12,30.9055,974.5,99.0216666666667,375.591666666667,12.3083333333333,43.2066666666667,4.06333333333333,999.181666666667,30.9055,974.5,99.0216666666667,375.591666666667,12.3083333333333,43.2066666666667,4.06333333333333,999.181666666667
2016,104,13,34.0611666666667,970.973333333333,93.905,360.931666666667,13.365,38.495,3.40833333333333,998.478333333334,34.0611666666667,970.973333333333,93.905,360.931666666667,13.365,38.495,3.40833333333333,998.478333333334
2016,104,14,41.4331666666667,954.438333333334,87.4866666666667,322.561666666667,14.5783333333333,33.6783333333333,2.49833333333333,997.813333333334,41.4331666666667,954.438333333334,87.4866666666667,322.561666666667,14.5783333333333,33.6783333333333,2.49833333333333,997.813333333334
2016,104,15,51.1773333333333,910.065,81.8066666666667,262.37,15.1366666666667,31.5866666666667,3.03833333333333,996.879999999999,51.1773333333333,910.065,81.8066666666667,262.37,15.1366666666667,31.5866666666667,3.03833333333333,996.879999999999
2016,104,16,62.0628333333333,842.398333333333,71.215,185.951666666667,15.2666666666667,30.1033333333333,3.37666666666667,996.268333333332,62.0628333333333,842.398333333333,71.215,185.951666666667,15.2666666666667,30.1033333333333,3.37666666666667,996.268333333332
2016,104,17,73.4068333333333,684.45,57.2166666666667,99.255,15.16,28.535,3.995,996.338333333334,73.4068333333333,684.45,57.2166666666667,99.255,15.16,28.535,3.995,996.338333333334
2016,104,18,84.6745,320.605,26.7083333333333,26.5204081632653,14.4833333333333,31.4333333333333,3.60333333333333,996.351666666668,84.6745,320.605,26.7083333333333,26.5204081632653,14.4833333333333,31.4333333333333,3.60333333333333,996.351666666668
2016,104,19,96.0341666666667,-1.27,0.476666666666667,0.33,12.77,38.2366666666667,3.66666666666667,996.648333333334,96.0341666666667,-1.27,0.476666666666667,0.33,12.77,38.2366666666667,3.66666666666667,996.648333333334
2016,104,20,106.571,-0.495,-0.28,0,11.2566666666667,44.655,3.25666666666667,997.041666666666,106.571,-0.495,-0.28,0,11.2566666666667,44.655,3.25666666666667,997.041666666666
2016,104,21,115.989666666667,-0.333333333333333,-0.268333333333334,0,10.22,49.285,3.80666666666667,997.209999999999,115.989666666667,-0.333333333333333,-0.268333333333334,0,10.22,49.285,3.80666666666667,997.209999999999
2016,104,22,123.637666666667,-0.595,-0.338333333333333,0,9.15166666666667,55.06,4.66166666666667,996.880000000001,123.637666666667,-0.595,-0.338333333333333,0,9.15166666666667,55.06,4.66166666666667,996.880000000001
2016,104,23,128.649333333333,0.075,-0.18,0,8.27833333333333,60.2966666666667,4.595,996.886666666667,128.649333333333,0.075,-0.18,0,8.27833333333333,60.2966666666667,4.595,996.886666666667
2016,105,0,130.196833333333,0.08,-0.206666666666667,0,7.82333333333334,61.8233333333333,4.98666666666667,996.936666666667,130.196833333333,0.08,-0.206666666666667,0,7.82333333333334,61.8233333333333,4.98666666666667,996.936666666667
2016,105,1,127.9675,-0.173333333333333,-0.351666666666667,0,7.29,63.2916666666667,5.04333333333333,996.845000000001,127.9675,-0.173333333333333,-0.351666666666667,0,7.29,63.2916666666667,5.04333333333333,996.845000000001
2016,105,2,122.4015,-0.405,-0.385,0,6.39,66.2216666666667,4.73166666666667,996.993333333333,122.4015,-0.405,-0.385,0,6.39,66.2216666666667,4.73166666666667,996.993333333333
2016,105,3,114.365833333333,0.39,-0.268333333333333,0,5.51666666666667,70.1083333333333,4.59833333333333,997.256666666667,114.365833333333,0.39,-0.268333333333333,0,5.51666666666667,70.1083333333333,4.59833333333333,997.256666666667
2016,105,4,104.694333333333,-0.203333333333333,-0.378333333333333,0,4.685,75.5366666666667,5.02833333333333,997.53,104.694333333333,-0.203333333333333,-0.378333333333333,0,4.685,75.5366666666667,5.02833333333333,997.53
2016,105,5,93.9153333333333,4.54166666666667,2.14333333333333,1.10833333333333,3.95666666666667,79.4116666666667,4.51166666666667,997.806666666667,93.9153333333333,4.54166666666667,2.14333333333333,1.10833333333333,3.95666666666667,79.4116666666667,4.51166666666667,997.806666666667
2016,105,6,82.6323333333333,401.512727272727,33.3633333333333,37.5068965517241,4.515,77.1366666666667,3.94166666666667,998.363333333333,82.6323333333333,401.512727272727,33.3633333333333,37.5068965517241,4.515,77.1366666666667,3.94166666666667,998.363333333333
2016,105,7,71.265,706.86,65.815,118.341666666667,6.40833333333333,67.5183333333333,6.26166666666667,998.646666666666,71.265,706.86,65.815,118.341666666667,6.40833333333333,67.5183333333333,6.26166666666667,998.646666666666
2016,105,8,59.9386666666667,808.721666666667,88.9866666666667,200.618333333333,8.71,57.9683333333334,5.91166666666667,998.628333333332,59.9386666666667,808.721666666667,88.9866666666667,200.618333333333,8.71,57.9683333333334,5.91166666666667,998.628333333332
2016,105,9,49.157,871.76,123.715,280.555,11.165,47.655,4.48,998.505000000001,49.157,871.76,123.715,280.555,11.165,47.655,4.48,998.505000000001
2016,105,10,39.6688333333333,873.178333333333,141.83,328.633333333333,13.7166666666667,35.5083333333333,5.01833333333333,998.05,39.6688333333333,873.178333333333,141.83,328.633333333333,13.7166666666667,35.5083333333333,5.01833333333333,998.05
2016,105,11,32.8321666666667,855.413333333334,157.946666666667,354.601666666667,15.2816666666667,28.1433333333333,6.695,997.326666666667,32.8321666666667,855.413333333334,157.946666666667,354.601666666667,15.2816666666667,28.1433333333333,6.695,997.326666666667
2016,105,12,30.5513333333333,856.241666666666,167.103333333333,365.746666666667,16.3716666666667,25.8283333333333,6.675,996.439999999999,30.5513333333333,856.241666666666,167.103333333333,365.746666666667,16.3716666666667,25.8283333333333,6.675,996.439999999999
2016,105,13,33.754,914.485,116.451666666667,354.133333333333,17.4016666666667,25.1533333333333,6.94166666666667,995.858333333333,33.754,914.485,116.451666666667,354.133333333333,17.4016666666667,25.1533333333333,6.94166666666667,995.858333333333
2016,105,14,41.1833333333333,958.436666666666,81.0916666666667,323.731666666667,18.4883333333333,23.0233333333333,6.8,995.268333333333,41.1833333333333,958.436666666666,81.0916666666667,323.731666666667,18.4883333333333,23.0233333333333,6.8,995.268333333333
2016,105,15,50.9675,916.906666666667,76.2516666666667,263.746666666667,19.0566666666667,22.2183333333333,7.2,994.596666666667,50.9675,916.906666666667,76.2516666666667,263.746666666667,19.0566666666667,22.2183333333333,7.2,994.596666666667
2016,105,16,61.8755,842.603333333333,68.0716666666667,186.826666666667,19.315,22.875,6.93166666666667,994.301666666668,61.8755,842.603333333333,68.0716666666667,186.826666666667,19.315,22.875,6.93166666666667,994.301666666668
2016,105,17,73.2278333333333,699.001666666667,54.2816666666667,101.245,19.2366666666667,23.9866666666667,6.58666666666666,994.13,73.2278333333333,699.001666666667,54.2816666666667,101.245,19.2366666666667,23.9866666666667,6.58666666666666,994.13
2016,105,18,84.5005,334.316666666667,26.57,27.0339622641509,18.09,27.86,5.49833333333333,994.089999999999,84.5005,334.316666666667,26.57,27.0339622641509,18.09,27.86,5.49833333333333,994.089999999999
2016,105,19,95.8256666666667,-2.045,0.453333333333334,0.363333333333333,15.9316666666667,33.6366666666667,4.345,994.358333333333,95.8256666666667,-2.045,0.453333333333334,0.363333333333333,15.9316666666667,33.6366666666667,4.345,994.358333333333
2016,105,20,106.349166666667,0.175,-0.295,0,14.1366666666667,40.5283333333333,4.525,994.780000000001,106.349166666667,0.175,-0.295,0,14.1366666666667,40.5283333333333,4.525,994.780000000001
2016,105,21,115.7355,0.0366666666666665,-0.34,0,13.0783333333333,47.75,5.73666666666667,995.141666666665,115.7355,0.0366666666666665,-0.34,0,13.0783333333333,47.75,5.73666666666667,995.141666666665
2016,105,22,123.343,-0.65,-0.4,0,12.145,51.6516666666667,6.325,995.016666666667,123.343,-0.65,-0.4,0,12.145,51.6516666666667,6.325,995.016666666667
2016,105,23,128.316,-0.588333333333333,-0.4,0,11.2783333333333,52.8133333333333,6.235,994.978333333334,128.316,-0.588333333333333,-0.4,0,11.2783333333333,52.8133333333333,6.235,994.978333333334
2016,106,0,129.840166666667,-0.501666666666667,-0.4,0,10.4333333333333,54.5183333333333,5.75666666666667,994.830000000001,129.840166666667,-0.501666666666667,-0.4,0,10.4333333333333,54.5183333333333,5.75666666666667,994.830000000001
2016,106,1,127.607833333333,-0.415,-0.4,0,9.56166666666667,58.8866666666666,5.865,994.756666666665,127.607833333333,-0.415,-0.4,0,9.56166666666667,58.8866666666666,5.865,994.756666666665
2016,106,2,122.057833333333,-0.505,-0.398333333333333,0,8.43166666666666,65.0933333333333,5.38833333333333,994.701666666667,122.057833333333,-0.505,-0.398333333333333,0,8.43166666666666,65.0933333333333,5.38833333333333,994.701666666667
2016,106,3,114.045333333333,-0.268333333333333,-0.4,0,7.855,68.5016666666666,5.36166666666667,995.036666666666,114.045333333333,-0.268333333333333,-0.4,0,7.855,68.5016666666666,5.36166666666667,995.036666666666
2016,106,4,104.3955,-0.245,-0.361666666666667,0,7.28833333333334,71.0066666666666,5.37166666666667,995.293333333334,104.3955,-0.245,-0.361666666666667,0,7.28833333333334,71.0066666666666,5.37166666666667,995.293333333334
2016,106,5,93.6188333333333,4.05333333333333,2.58166666666667,1.39333333333333,6.91833333333334,71.5116666666667,5.26333333333333,995.718333333334,93.6188333333333,4.05333333333333,2.58166666666667,1.39333333333333,6.91833333333334,71.5116666666667,5.26333333333333,995.718333333334
2016,106,6,82.3653333333333,382.558490566038,35.07,37.9933333333333,7.385,68.4683333333333,5.44833333333333,996.238333333335,82.3653333333333,382.558490566038,35.07,37.9933333333333,7.385,68.4683333333333,5.44833333333333,996.238333333335
2016,106,7,70.9946666666667,676.953333333333,65.5948275862069,118.381666666667,9.405,60.775,6.58,996.533333333333,70.9946666666667,676.953333333333,65.5948275862069,118.381666666667,9.405,60.775,6.58,996.533333333333
2016,106,8,59.6606666666667,804.755,82.6533333333334,202.693333333333,12.13,51.5666666666666,6.65166666666667,996.458333333334,59.6606666666667,804.755,82.6533333333334,202.693333333333,12.13,51.5666666666666,6.65166666666667,996.458333333334
2016,106,9,48.8608333333333,872.223333333333,93.6066666666667,275.905,15.415,41.745,5.58166666666666,996.428333333334,48.8608333333333,872.223333333333,93.6066666666667,275.905,15.415,41.745,5.58166666666666,996.428333333334
2016,106,10,39.3441666666667,914.898333333333,98.49,332.035,18.3833333333333,33.0666666666667,4.97833333333333,996.269999999999,39.3441666666667,914.898333333333,98.49,332.035,18.3833333333333,33.0666666666667,4.97833333333333,996.269999999999
2016,106,11,32.4775,923.421666666667,105.94,364.515,20.585,29.015,4.80333333333333,995.966666666668,32.4775,923.421666666667,105.94,364.515,20.585,29.015,4.80333333333333,995.966666666668
2016,106,12,30.1996666666667,925.947457627119,104.556666666667,374.076666666667,21.8316666666667,30.0033333333333,5.65,995.603333333333,30.1996666666667,925.947457627119,104.556666666667,374.076666666667,21.8316666666667,30.0033333333333,5.65,995.603333333333
2016,106,13,33.4498333333333,918.753333333333,101.881666666667,360.013333333333,22.74,30.945,5.55666666666667,995.183333333333,33.4498333333333,918.753333333333,101.881666666667,360.013333333333,22.74,30.945,5.55666666666667,995.183333333333
2016,106,14,40.9351666666667,832.833333333333,121.336666666667,312.08,23.2133333333333,32.09,5.28,994.746666666666,40.9351666666667,832.833333333333,121.336666666667,312.08,23.2133333333333,32.09,5.28,994.746666666666
2016,106,15,50.7598333333333,847.436666666666,95.2216666666667,261.94,23.6466666666667,29.7383333333333,4.86,994.453333333333,50.7598333333333,847.436666666666,95.2216666666667,261.94,23.6466666666667,29.7383333333333,4.86,994.453333333333
2016,106,16,61.6896666666667,766.218333333334,82.1933333333333,183.968333333333,23.77,28.8183333333333,4.78666666666667,994.361666666667,61.6896666666667,766.218333333334,82.1933333333333,183.968333333333,23.77,28.8183333333333,4.78666666666667,994.361666666667
2016,106,17,73.051,599.758333333333,68.0883333333333,99.8616666666667,23.525,31.0783333333333,5.60833333333333,994.466666666667,73.051,599.758333333333,68.0883333333333,99.8616666666667,23.525,31.0783333333333,5.60833333333333,994.466666666667
2016,106,18,84.3261666666667,241.448333333333,30.5066666666667,24.06,22.4516666666667,34.99,3.775,994.876666666667,84.3261666666667,241.448333333333,30.5066666666667,24.06,22.4516666666667,34.99,3.775,994.876666666667
2016,106,19,95.6178333333333,-3.855,0.311666666666668,0.355,20.4516666666667,41.6,3.57,995.353333333333,95.6178333333333,-3.855,0.311666666666668,0.355,20.4516666666667,41.6,3.57,995.353333333333
2016,106,20,106.127666666667,-0.4,-0.263333333333333,0,19.1416666666667,46.0766666666667,2.96833333333333,995.793333333334,106.127666666667,-0.4,-0.263333333333333,0,19.1416666666667,46.0766666666667,2.96833333333333,995.793333333334
2016,106,21,115.481666666667,-0.526666666666667,-0.196666666666667,0,17.565,51.865,3.89833333333333,995.994999999999,115.481666666667,-0.526666666666667,-0.196666666666667,0,17.565,51.865,3.89833333333333,995.994999999999
2016,106,22,123.049166666667,-0.0783333333333332,-0.15,0,16.9566666666667,49.4583333333333,3.58833333333333,996.261666666666,123.049166666667,-0.0783333333333332,-0.15,0,16.9566666666667,49.4583333333333,3.58833333333333,996.261666666666
2016,106,23,127.985166666667,-1.04333333333333,-0.4,0,15.9433333333333,48.9016666666667,4.72833333333333,996.251666666668,127.985166666667,-1.04333333333333,-0.4,0,15.9433333333333,48.9016666666667,4.72833333333333,996.251666666668
2016,107,0,129.484,0.471666666666667,-0.211666666666667,0,15.19,48.905,5.24833333333333,996.310000000001,129.484,0.471666666666667,-0.211666666666667,0,15.19,48.905,5.24833333333333,996.310000000001
2016,107,1,127.252166666667,-1.51666666666667,-0.395,0,14.52,49.98,4.86333333333334,996.300000000001,127.252166666667,-1.51666666666667,-0.395,0,14.52,49.98,4.86333333333334,996.300000000001
2016,107,2,121.7185,0.131666666666667,-0.215,0,14.065,51.315,4.66,996.43,121.7185,0.131666666666667,-0.215,0,14.065,51.315,4.66,996.43
2016,107,3,113.728333333333,-0.808333333333333,-0.395,0,13.3316666666667,54.5583333333333,4.67,996.675,113.728333333333,-0.808333333333333,-0.395,0,13.3316666666667,54.5583333333333,4.67,996.675
2016,107,4,104.100166666667,-0.596666666666666,-0.386666666666667,0,12.7433333333333,56.6916666666667,4.62666666666667,997.12,104.100166666667,-0.596666666666666,-0.386666666666667,0,12.7433333333333,56.6916666666667,4.62666666666667,997.12
2016,107,5,93.3375,6.78166666666667,2.93333333333333,1.47166666666667,12.535,57.9433333333333,4.53666666666667,997.896666666666,93.3375,6.78166666666667,2.93333333333333,1.47166666666667,12.535,57.9433333333333,4.53666666666667,997.896666666666
2016,107,6,82.1023333333333,318.043636363636,38.5333333333333,35.555,12.5866666666667,60.0916666666667,4.60666666666667,998.765000000001,82.1023333333333,318.043636363636,38.5333333333333,35.555,12.5866666666667,60.0916666666667,4.60666666666667,998.765000000001
2016,107,7,70.727,618.443333333333,73.1083333333333,114.343333333333,15.0916666666667,55.0783333333333,4.65166666666667,999.124999999999,70.727,618.443333333333,73.1083333333333,114.343333333333,15.0916666666667,55.0783333333333,4.65166666666667,999.124999999999
2016,107,8,59.3861666666667,766.61,90.0916666666666,199.075,18.0683333333333,48.3266666666667,4.925,999.211666666667,59.3861666666667,766.61,90.0916666666666,199.075,18.0683333333333,48.3266666666667,4.925,999.211666666667
2016,107,9,48.5685,839.100000000001,103.15,272.553333333333,20.2283333333333,44.8733333333333,3.38666666666667,999.368333333334,48.5685,839.100000000001,103.15,272.553333333333,20.2283333333333,44.8733333333333,3.38666666666667,999.368333333334
2016,107,10,39.0231666666667,884.4,107.388333333333,328.223333333333,22.3816666666667,40.105,2.24,999.268333333332,39.0231666666667,884.4,107.388333333333,328.223333333333,22.3816666666667,40.105,2.24,999.268333333332
2016,107,11,32.1273333333333,901.716666666667,113.753333333333,362.118333333333,23.6283333333333,34.8966666666667,2.85,998.96,32.1273333333333,901.716666666667,113.753333333333,362.118333333333,23.6283333333333,34.8966666666667,2.85,998.96
2016,107,12,29.8515,742.851666666667,166,335.703333333333,24.4966666666667,29.15,4.945,998.633333333333,29.8515,742.851666666667,166,335.703333333333,24.4966666666667,29.15,4.945,998.633333333333
2016,107,13,33.1483333333333,564.481666666667,241.688333333333,296.736666666667,24.8933333333333,25.8516666666667,5.29333333333333,998.506666666667,33.1483333333333,564.481666666667,241.688333333333,296.736666666667,24.8933333333333,25.8516666666667,5.29333333333333,998.506666666667
2016,107,14,40.6906666666667,791.805,189.963333333333,324.713333333333,25.35,24.4766666666667,5.90666666666667,998.279999999999,40.6906666666667,791.805,189.963333333333,324.713333333333,25.35,24.4766666666667,5.90666666666667,998.279999999999
2016,107,15,50.554,836.846666666666,125.655,270.16,25.455,23.5566666666667,5.94333333333333,998.081666666666,50.554,836.846666666666,125.655,270.16,25.455,23.5566666666667,5.94333333333333,998.081666666666
2016,107,16,61.5063333333333,766.071666666667,90.2066666666667,186.605,25.3566666666667,24.4783333333333,5.42,998.051666666666,61.5063333333333,766.071666666667,90.2066666666667,186.605,25.3566666666667,24.4783333333333,5.42,998.051666666666
2016,107,17,72.875,613.148333333333,65.3066666666667,99.7566666666667,24.9283333333333,27.2933333333333,5.27833333333334,998.069999999999,72.875,613.148333333333,65.3066666666667,99.7566666666667,24.9283333333333,27.2933333333333,5.27833333333334,998.069999999999
2016,107,18,84.1525,277.788333333333,29.435,26.2583333333333,23.8716666666667,31.5166666666667,4.44,998.438333333333,84.1525,277.788333333333,29.435,26.2583333333333,23.8716666666667,31.5166666666667,4.44,998.438333333333
2016,107,19,95.4123333333333,-3.37833333333333,0.378333333333334,0.4,21.555,39.9416666666667,3.78833333333333,998.938333333333,95.4123333333333,-3.37833333333333,0.378333333333334,0.4,21.555,39.9416666666667,3.78833333333333,998.938333333333
2016,107,20,105.908333333333,-0.936666666666667,-0.39,0,19.7,45.7566666666667,3.03166666666667,999.528333333333,105.908333333333,-0.936666666666667,-0.39,0,19.7,45.7566666666667,3.03166666666667,999.528333333333
2016,107,21,115.228166666667,-0.548333333333333,-0.311666666666667,0,18.56,48.8566666666667,1.90666666666667,999.888333333334,115.228166666667,-0.548333333333333,-0.311666666666667,0,18.56,48.8566666666667,1.90666666666667,999.888333333334
2016,107,22,122.757,0.575,-0.0433333333333333,0,17.87,52.025,1.38333333333333,1000.06,122.757,0.575,-0.0433333333333333,0,17.87,52.025,1.38333333333333,1000.06
2016,107,23,127.6555,0.301666666666667,-0.14,0,17.7033333333333,50.995,1.99,1000.275,127.6555,0.301666666666667,-0.14,0,17.7033333333333,50.995,1.99,1000.275
2016,108,0,129.131833333333,0.508333333333333,-0.0666666666666667,0,17.3966666666667,51.8666666666667,2.10333333333333,1000.63,129.131833333333,0.508333333333333,-0.0666666666666667,0,17.3966666666667,51.8666666666667,2.10333333333333,1000.63
2016,108,1,126.898333333333,-0.26,-0.206666666666667,0,15.6916666666667,59.545,1.96333333333333,1000.77,126.898333333333,-0.26,-0.206666666666667,0,15.6916666666667,59.545,1.96333333333333,1000.77
2016,108,2,121.381666666667,1.30666666666667,0,0,15.355,59.8166666666667,3.23333333333333,1000.93,121.381666666667,1.30666666666667,0,0,15.355,59.8166666666667,3.23333333333333,1000.93
2016,108,3,113.414666666667,-0.505,-0.181666666666667,0,15.1466666666667,59.575,3.13333333333333,1001.43666666667,113.414666666667,-0.505,-0.181666666666667,0,15.1466666666667,59.575,3.13333333333333,1001.43666666667
2016,108,4,103.8075,0.366666666666667,-0.05,0,14.1166666666667,60.32,3.47,1001.95333333333,103.8075,0.366666666666667,-0.05,0,14.1166666666667,60.32,3.47,1001.95333333333
2016,108,5,93.0471666666667,10.3033333333333,3.45166666666667,1.79833333333333,13.685,60.9816666666667,2.93166666666667,1002.46,93.0471666666667,10.3033333333333,3.45166666666667,1.79833333333333,13.685,60.9816666666667,2.93166666666667,1002.46
2016,108,6,81.8393333333333,398.54,36.55,40.7474576271186,13.155,63.94,3.58166666666667,1003.25333333333,81.8393333333333,398.54,36.55,40.7474576271186,13.155,63.94,3.58166666666667,1003.25333333333
2016,108,7,70.4621666666667,698.406666666666,64.0166666666667,120.683333333333,16.4916666666667,56.9766666666667,2.895,1003.595,70.4621666666667,698.406666666666,64.0166666666667,120.683333333333,16.4916666666667,56.9766666666667,2.895,1003.595
2016,108,8,59.1146666666667,828.276666666667,78.295,205.225,19.605,41.2333333333333,4.24,1003.51833333333,59.1146666666667,828.276666666667,78.295,205.225,19.605,41.2333333333333,4.24,1003.51833333333
2016,108,9,48.2798333333333,899.951666666667,86.96,277.96724137931,22.6666666666667,28.1683333333333,3.015,1003.29666666667,48.2798333333333,899.951666666667,86.96,277.96724137931,22.6666666666667,28.1683333333333,3.015,1003.29666666667
2016,108,10,38.7053333333333,936.59,92.435,334.055,23.7333333333333,22.545,3.645,1002.975,38.7053333333333,936.59,92.435,334.055,23.7333333333333,22.545,3.645,1002.975
2016,108,11,31.78,950.185,98.6183333333333,367.186666666667,24.4166666666667,21.175,4.25833333333333,1002.565,31.78,950.185,98.6183333333333,367.186666666667,24.4166666666667,21.175,4.25833333333333,1002.565
2016,108,12,29.5063333333333,941.493333333333,106.031666666667,375.221666666667,25.0516666666667,20.19,4.785,1001.83333333333,29.5063333333333,941.493333333333,106.031666666667,375.221666666667,25.0516666666667,20.19,4.785,1001.83333333333
2016,108,13,32.8501666666667,930.85,106.918333333333,360.3,25.715,18.4066666666667,4.86833333333333,1001.19333333333,32.8501666666667,930.85,106.918333333333,360.3,25.715,18.4066666666667,4.86833333333333,1001.19333333333
2016,108,14,40.4485,904.858333333333,102.741666666667,320.938333333333,26.1066666666667,17.1466666666667,5.58,1000.63666666667,40.4485,904.858333333333,102.741666666667,320.938333333333,26.1066666666667,17.1466666666667,5.58,1000.63666666667
2016,108,15,50.3506666666667,863.356666666667,96.2083333333333,261.996666666667,26.4533333333333,17.165,5.32166666666667,1000.01,50.3506666666667,863.356666666667,96.2083333333333,261.996666666667,26.4533333333333,17.165,5.32166666666667,1000.01
2016,108,16,61.323,782.653333333333,85.01,185.781666666667,26.5233333333333,16.395,5.02333333333333,999.745,61.323,782.653333333333,85.01,185.781666666667,26.5233333333333,16.395,5.02333333333333,999.745
2016,108,17,72.697,624.728333333333,68.03,101.381666666667,26.3433333333333,17.1483333333333,5.15333333333333,999.714999999999,72.697,624.728333333333,68.03,101.381666666667,26.3433333333333,17.1483333333333,5.15333333333333,999.714999999999
2016,108,18,83.9781666666667,243.7,30.825,25.2866666666667,25.1966666666667,20.965,3.91333333333333,999.818333333334,83.9781666666667,243.7,30.825,25.2866666666667,25.1966666666667,20.965,3.91333333333333,999.818333333334
2016,108,19,95.2081666666667,-3.17833333333333,0.501666666666667,0.433333333333333,23.2233333333333,25.3466666666667,3.60833333333333,1000.31166666667,95.2081666666667,-3.17833333333333,0.501666666666667,0.433333333333333,23.2233333333333,25.3466666666667,3.60833333333333,1000.31166666667
2016,108,20,105.687666666667,-1.1,-0.4,0,21.6016666666667,27.7916666666667,2.67166666666667,1000.72166666667,105.687666666667,-1.1,-0.4,0,21.6016666666667,27.7916666666667,2.67166666666667,1000.72166666667
2016,108,21,114.975333333333,-1.15333333333333,-0.391666666666666,0,19.9733333333333,31.8666666666667,1.59333333333333,1000.985,114.975333333333,-1.15333333333333,-0.391666666666666,0,19.9733333333333,31.8666666666667,1.59333333333333,1000.985
2016,108,22,122.466333333333,-0.31,-0.321666666666667,0,18.28,37.145,2.29333333333333,1001.15,122.466333333333,-0.31,-0.321666666666667,0,18.28,37.145,2.29333333333333,1001.15
2016,108,23,127.327833333333,1.03,-0.166666666666667,0,18.9266666666667,32.8966666666667,2.65,1001.17,127.327833333333,1.03,-0.166666666666667,0,18.9266666666667,32.8966666666667,2.65,1001.17
2016,109,0,128.782833333333,0.481666666666667,-0.223333333333333,0,18.9566666666667,31.2666666666667,1.86166666666667,1001.17333333333,128.782833333333,0.481666666666667,-0.223333333333333,0,18.9566666666667,31.2666666666667,1.86166666666667,1001.17333333333
2016,109,1,126.548833333333,0.508333333333333,-0.178333333333333,0,17.9733333333333,33.525,2.07166666666667,1001.04833333333,126.548833333333,0.508333333333333,-0.178333333333333,0,17.9733333333333,33.525,2.07166666666667,1001.04833333333
2016,109,2,121.047666666667,0.356666666666667,-0.246666666666667,0,18.95,29.315,2.30333333333333,1000.55166666667,121.047666666667,0.356666666666667,-0.246666666666667,0,18.95,29.315,2.30333333333333,1000.55166666667
2016,109,3,113.103833333333,0.285,-0.158333333333333,0,15.0733333333333,47.34,1.365,1000.54666666667,113.103833333333,0.285,-0.158333333333333,0,15.0733333333333,47.34,1.365,1000.54666666667
2016,109,4,103.517833333333,0.226666666666667,-0.303333333333333,0,14.5333333333333,49.34,1.75166666666667,1000.67166666667,103.517833333333,0.226666666666667,-0.303333333333333,0,14.5333333333333,49.34,1.75166666666667,1000.67166666667
2016,109,5,92.7743333333333,13.365,5.21,1.43818181818182,14.575,47.7733333333333,1.91833333333333,1000.91833333333,92.7743333333333,13.365,5.21,1.43818181818182,14.575,47.7733333333333,1.91833333333333,1000.91833333333
2016,109,6,81.5801666666667,217.391666666667,49.7133333333333,34.5927272727273,14.3016666666667,50.8033333333333,1.35166666666667,1001.36833333333,81.5801666666667,217.391666666667,49.7133333333333,34.5927272727273,14.3016666666667,50.8033333333333,1.35166666666667,1001.36833333333
2016,109,7,70.202,603.436666666667,88.5783333333333,119.635,16.5433333333333,49.695,1.65166666666667,1001.79166666667,70.202,603.436666666667,88.5783333333333,119.635,16.5433333333333,49.695,1.65166666666667,1001.79166666667
2016,109,8,58.8475,720.785,121.978333333333,202.49,20.885,36.6616666666667,2.28333333333333,1001.325,58.8475,720.785,121.978333333333,202.49,20.885,36.6616666666667,2.28333333333333,1001.325
2016,109,9,47.9946666666667,723.353333333333,180.211666666667,272.065,23.5366666666667,30.0183333333333,2.73,1001.04833333333,47.9946666666667,723.353333333333,180.211666666667,272.065,23.5366666666667,30.0183333333333,2.73,1001.04833333333
2016,109,10,38.3918333333333,661.426666666667,248.876666666667,315.118333333333,25.3633333333333,22.6816666666667,3.21666666666667,1000.76,38.3918333333333,661.426666666667,248.876666666667,315.118333333333,25.3633333333333,22.6816666666667,3.21666666666667,1000.76
2016,109,11,31.4366666666667,551.83,309.26,322.018333333333,26.11,19.905,4.21833333333333,1000.35,31.4366666666667,551.83,309.26,322.018333333333,26.11,19.905,4.21833333333333,1000.35
2016,109,12,29.1638333333333,564.97,325.13220338983,338.158333333333,26.64,19.585,4.535,999.541666666667,29.1638333333333,564.97,325.13220338983,338.158333333333,26.64,19.585,4.535,999.541666666667
2016,109,13,32.5548333333333,477.495,353.308474576271,313.22,26.9816666666667,17.225,4.65666666666667,998.838333333333,32.5548333333333,477.495,353.308474576271,313.22,26.9816666666667,17.225,4.65666666666667,998.838333333333
2016,109,14,40.2085,518.068333333333,321.435,296.05,27.115,18.2233333333333,5.44833333333333,998.1,40.2085,518.068333333333,321.435,296.05,27.115,18.2233333333333,5.44833333333333,998.1
2016,109,15,50.1496666666667,478.931666666667,234.486666666667,226.265,27.12,16.3416666666667,5.52833333333333,997.546666666667,50.1496666666667,478.931666666667,234.486666666667,226.265,27.12,16.3416666666667,5.52833333333333,997.546666666667
2016,109,16,61.1411666666667,280.071666666667,235.661666666667,153.085,26.8883333333333,17.635,5.43166666666667,997.269999999999,61.1411666666667,280.071666666667,235.661666666667,153.085,26.8883333333333,17.635,5.43166666666667,997.269999999999
2016,109,17,72.5233333333333,299.283333333333,124.266666666667,88.09,26.5333333333333,20.99,5.61,997.138333333332,72.5233333333333,299.283333333333,124.266666666667,88.09,26.5333333333333,20.99,5.61,997.138333333332
2016,109,18,83.805,42.1933333333333,38.6466666666667,19.945,25.025,25.4183333333333,4.60833333333333,997.193333333332,83.805,42.1933333333333,38.6466666666667,19.945,25.025,25.4183333333333,4.60833333333333,997.193333333332
2016,109,19,95.004,-2.65166666666667,0.306666666666668,0.346666666666667,22.8766666666667,30.6583333333333,4.21666666666667,997.224999999999,95.004,-2.65166666666667,0.306666666666668,0.346666666666667,22.8766666666667,30.6583333333333,4.21666666666667,997.224999999999
2016,109,20,105.469333333333,-1.565,-0.321666666666667,0,21.495,33.88,3.89166666666667,997.469999999999,105.469333333333,-1.565,-0.321666666666667,0,21.495,33.88,3.89166666666667,997.469999999999
2016,109,21,114.7245,-0.413333333333333,-0.39,0,20.6,37.07,3.30666666666667,997.731666666665,114.7245,-0.413333333333333,-0.39,0,20.6,37.07,3.30666666666667,997.731666666665
2016,109,22,122.177666666667,-0.639999999999999,-0.398333333333333,0,18.4283333333333,44.0733333333333,1.37333333333333,997.699999999999,122.177666666667,-0.639999999999999,-0.398333333333333,0,18.4283333333333,44.0733333333333,1.37333333333333,997.699999999999
2016,109,23,127.002333333333,0.46,-0.238333333333333,0,17.9183333333333,46.1566666666667,0.915,997.689999999999,127.002333333333,0.46,-0.238333333333333,0,17.9183333333333,46.1566666666667,0.915,997.689999999999
2016,110,0,128.436333333333,1.01166666666667,-0.085,0,17.9133333333333,46.6366666666667,1.01166666666667,997.478333333334,128.436333333333,1.01166666666667,-0.085,0,17.9133333333333,46.6366666666667,1.01166666666667,997.478333333334
2016,110,1,126.202333333333,0.0833333333333333,-0.295,0,17.9383333333333,46.2166666666667,1.28333333333333,997.048333333334,126.202333333333,0.0833333333333333,-0.295,0,17.9383333333333,46.2166666666667,1.28333333333333,997.048333333334
2016,110,2,120.7175,-0.88,-0.371666666666667,0,17.75,45.5483333333333,1.77333333333333,996.659999999999,120.7175,-0.88,-0.371666666666667,0,17.75,45.5483333333333,1.77333333333333,996.659999999999
2016,110,3,112.795166666667,0.44,-0.0316666666666667,0,17.4066666666667,45.7983333333333,2.00166666666667,996.609999999999,112.795166666667,0.44,-0.0316666666666667,0,17.4066666666667,45.7983333333333,2.00166666666667,996.609999999999
2016,110,4,103.231666666667,0.168333333333333,-0.101666666666667,0,16.695,48.8933333333333,2.855,996.760000000001,103.231666666667,0.168333333333333,-0.101666666666667,0,16.695,48.8933333333333,2.855,996.760000000001
2016,110,5,92.4901666666667,3.22333333333333,2.36333333333333,1.31833333333333,15.925,53.225,3.36166666666667,996.674999999999,92.4901666666667,3.22333333333333,2.36333333333333,1.31833333333333,15.925,53.225,3.36166666666667,996.674999999999
2016,110,6,81.326,99.6516666666667,70.0068965517242,37.75,15.7183333333333,54.23,3.365,996.780000000001,81.326,99.6516666666667,70.0068965517242,37.75,15.7183333333333,54.23,3.365,996.780000000001
2016,110,7,69.9451666666667,95.7783333333334,180.603448275862,89.7266666666667,17.9516666666667,50.5283333333333,2.86,996.836666666667,69.9451666666667,95.7783333333334,180.603448275862,89.7266666666667,17.9516666666667,50.5283333333333,2.86,996.836666666667
2016,110,8,58.5838333333333,14.4716666666667,284.6,126.7,20.575,37.3166666666666,3.595,996.926666666667,58.5838333333333,14.4716666666667,284.6,126.7,20.575,37.3166666666666,3.595,996.926666666667
2016,110,9,47.7133333333333,128.545,342.72,187.54,21.69,35.165,3.53833333333333,996.868333333334,47.7133333333333,128.545,342.72,187.54,21.69,35.165,3.53833333333333,996.868333333334
2016,110,10,38.0823333333333,51.3933333333333,365.248333333333,178.628333333333,22.8266666666667,36.3966666666667,3.62666666666667,996.648333333333,38.0823333333333,51.3933333333333,365.248333333333,178.628333333333,22.8266666666667,36.3966666666667,3.62666666666667,996.648333333333
2016,110,11,31.096,147.763333333333,413.476666666666,236.556666666667,23.65,38.1133333333333,4.08166666666667,996.298333333333,31.096,147.763333333333,413.476666666666,236.556666666667,23.65,38.1133333333333,4.08166666666667,996.298333333333
2016,110,12,28.8248333333333,189.526666666667,540.938333333333,302.79,24.54,28.9266666666667,4.94666666666667,995.563333333333,28.8248333333333,189.526666666667,540.938333333333,302.79,24.54,28.9266666666667,4.94666666666667,995.563333333333
2016,110,13,32.2621666666667,15.5366666666667,446.784210526316,198.473333333333,25.185,21.6816666666667,5.98333333333333,994.99,32.2621666666667,15.5366666666667,446.784210526316,198.473333333333,25.185,21.6816666666667,5.98333333333333,994.99
2016,110,14,39.9716666666667,10.82,404.811666666667,179.221666666667,25.12,23.8816666666667,5.62,994.536666666667,39.9716666666667,10.82,404.811666666667,179.221666666667,25.12,23.8816666666667,5.62,994.536666666667
2016,110,15,49.9495,-0.385,260.536666666667,114.126666666667,24.955,23.54,6.23666666666667,994.071666666666,49.9495,-0.385,260.536666666667,114.126666666667,24.955,23.54,6.23666666666667,994.071666666666
2016,110,16,60.963,0.283333333333333,212.153333333333,91.9983333333333,24.65,24.18,5.93166666666667,993.786666666665,60.963,0.283333333333333,212.153333333333,91.9983333333333,24.65,24.18,5.93166666666667,993.786666666665
2016,110,17,72.348,72.195,135.868421052632,68.4416666666667,24.34,23.0933333333333,5.70833333333333,993.711666666667,72.348,72.195,135.868421052632,68.4416666666667,24.34,23.0933333333333,5.70833333333333,993.711666666667
2016,110,18,83.6318333333333,3.58833333333333,31.7283333333333,14.5616666666667,22.8283333333333,27.56,3.51,993.693333333332,83.6318333333333,3.58833333333333,31.7283333333333,14.5616666666667,22.8283333333333,27.56,3.51,993.693333333332
2016,110,19,94.802,-1.48833333333333,0.443333333333334,0.41,21.9516666666667,31.19,2.97333333333333,993.72,94.802,-1.48833333333333,0.443333333333334,0.41,21.9516666666667,31.19,2.97333333333333,993.72
2016,110,20,105.251333333333,-0.685,-0.293333333333334,0,20.725,34.0383333333333,1.785,993.93,105.251333333333,-0.685,-0.293333333333334,0,20.725,34.0383333333333,1.785,993.93
2016,110,21,114.4735,0.626666666666667,-0.168333333333333,0,19.0583333333333,40.91,0.932203389830508,994.290000000001,114.4735,0.626666666666667,-0.168333333333333,0,19.0583333333333,40.91,0.932203389830508,994.290000000001
2016,110,22,121.889166666667,-0.735,-0.315,0,17.9483333333333,45.1266666666667,1.19607843137255,994.351666666667,121.889166666667,-0.735,-0.315,0,17.9483333333333,45.1266666666667,1.19607843137255,994.351666666667
2016,110,23,126.6805,0.136666666666667,-0.233333333333333,0,16.495,52.9233333333333,2.63833333333333,994.376666666668,126.6805,0.136666666666667,-0.233333333333333,0,16.495,52.9233333333333,2.63833333333333,994.376666666668
2016,111,0,128.093333333333,-0.176666666666667,-0.37,0,14.975,67.9866666666667,4.38,994.018333333334,128.093333333333,-0.176666666666667,-0.37,0,14.975,67.9866666666667,4.38,994.018333333334
2016,111,1,125.859,-0.311666666666667,-0.341666666666667,0,14.07,75.6316666666667,4.35166666666667,993.716666666666,125.859,-0.311666666666667,-0.341666666666667,0,14.07,75.6316666666667,4.35166666666667,993.716666666666
2016,111,2,120.391333333333,-0.01,-0.28,0,13.635,78.5583333333333,4.70833333333333,993.251666666666,120.391333333333,-0.01,-0.28,0,13.635,78.5583333333333,4.70833333333333,993.251666666666
2016,111,3,112.4915,-0.188333333333333,-0.216666666666667,0,13.1366666666667,80.1683333333334,5.055,993.198333333334,112.4915,-0.188333333333333,-0.216666666666667,0,13.1366666666667,80.1683333333334,5.055,993.198333333334
2016,111,4,102.949166666667,-0.598333333333333,-0.233333333333333,0,12.1016666666667,82.985,4.66166666666667,993.216666666666,102.949166666667,-0.598333333333333,-0.233333333333333,0,12.1016666666667,82.985,4.66166666666667,993.216666666666
2016,111,5,92.2238333333333,3.92333333333333,3.26833333333333,1.95,11.7733333333333,83.6133333333333,5.12833333333333,993.216666666666,92.2238333333333,3.92333333333333,3.26833333333333,1.95,11.7733333333333,83.6133333333333,5.12833333333333,993.216666666666
2016,111,6,81.0716666666667,13.0633333333333,60.005,27.9233333333333,12.2733333333333,82.2116666666667,5.3,993.134999999999,81.0716666666667,13.0633333333333,60.005,27.9233333333333,12.2733333333333,82.2116666666667,5.3,993.134999999999
2016,111,7,69.6926666666667,29.3683333333333,155.47,71.315,14.3816666666667,75.46,6.42833333333333,993.076666666666,69.6926666666667,29.3683333333333,155.47,71.315,14.3816666666667,75.46,6.42833333333333,993.076666666666
2016,111,8,58.3253333333333,15.525,255.664285714286,117.1,16.48,67.525,6.37333333333333,993.085,58.3253333333333,15.525,255.664285714286,117.1,16.48,67.525,6.37333333333333,993.085
2016,111,9,47.4375,52.925,300.023333333333,147.17,18.8333333333333,58.3216666666667,6.58,992.576666666666,47.4375,52.925,300.023333333333,147.17,18.8333333333333,58.3216666666667,6.58,992.576666666666
2016,111,10,37.7765,13.4766666666667,378.957894736842,170.523333333333,20.98,43.5633333333333,7.51666666666667,992.256666666666,37.7765,13.4766666666667,378.957894736842,170.523333333333,20.98,43.5633333333333,7.51666666666667,992.256666666666
2016,111,11,30.7598333333333,4.88833333333333,310.950877192982,147.115,22.2233333333333,30.2916666666667,8.58,991.771666666666,30.7598333333333,4.88833333333333,310.950877192982,147.115,22.2233333333333,30.2916666666667,8.58,991.771666666666
2016,111,12,28.4886666666667,21.1783333333333,394.763333333333,187.528333333333,22.645,30.2066666666667,10.5566666666667,991.141666666667,28.4886666666667,21.1783333333333,394.763333333333,187.528333333333,22.645,30.2066666666667,10.5566666666667,991.141666666667
2016,111,13,31.9738333333333,-3.30363636363636,189.849122807017,91.5633333333333,19.3033333333333,51.6133333333333,9.19666666666667,991.178333333333,31.9738333333333,-3.30363636363636,189.849122807017,91.5633333333333,19.3033333333333,51.6133333333333,9.19666666666667,991.178333333333
2016,111,14,39.7375,0.805,244.33,114.593333333333,18.7916666666667,51.54,7.77833333333334,990.851666666666,39.7375,0.805,244.33,114.593333333333,18.7916666666667,51.54,7.77833333333334,990.851666666666
2016,111,15,49.7525,-0.4,199.758333333333,94.2366666666667,17.84,58.0466666666667,7.83333333333333,990.528333333333,49.7525,-0.4,199.758333333333,94.2366666666667,17.84,58.0466666666667,7.83333333333333,990.528333333333
2016,111,16,60.783,-0.25,106.878333333333,50.865,17.085,66.3333333333334,6.33833333333333,989.715,60.783,-0.25,106.878333333333,50.865,17.085,66.3333333333334,6.33833333333333,989.715
2016,111,17,72.1755,-3.13833333333333,17.8266666666667,9.11166666666667,16.0983333333333,76.6533333333334,4.23166666666667,989.525,72.1755,-3.13833333333333,17.8266666666667,9.11166666666667,16.0983333333333,76.6533333333334,4.23166666666667,989.525
2016,111,18,83.4588333333333,-0.513333333333333,3.87333333333334,2.11166666666667,15.13,85.8533333333333,1.85660377358491,990.011666666667,83.4588333333333,-0.513333333333333,3.87333333333334,2.11166666666667,15.13,85.8533333333333,1.85660377358491,990.011666666667
2016,111,19,94.6001666666667,0.14,0.131666666666667,0.08,14.725,87.5533333333333,1.545,989.781666666667,94.6001666666667,0.14,0.131666666666667,0.08,14.725,87.5533333333333,1.545,989.781666666667
2016,111,20,105.0335,0.0833333333333333,0,0,14.7683333333333,88.325,3.21166666666667,990.073333333333,105.0335,0.0833333333333333,0,0,14.7683333333333,88.325,3.21166666666667,990.073333333333
2016,111,21,114.224833333333,0,0,0,14.8633333333333,88.29,3.065,989.771666666666,114.224833333333,0,0,0,14.8633333333333,88.29,3.065,989.771666666666
2016,111,22,121.603166666667,0.055,0,0,14.8016666666667,89.1783333333333,3.41333333333333,989.365,121.603166666667,0.055,0,0,14.8016666666667,89.1783333333333,3.41333333333333,989.365
2016,111,23,126.3605,0.38,0,0,14.5416666666667,91.5083333333334,3.645,988.768333333333,126.3605,0.38,0,0,14.5416666666667,91.5083333333334,3.645,988.768333333333
2016,112,0,127.753333333333,0.695,0,0,14.64,92.065,4.335,988.103333333333,127.753333333333,0.695,0,0,14.64,92.065,4.335,988.103333333333
2016,112,1,125.5195,0.04,0,0,14.85,93.385,4.13833333333333,987.343333333333,125.5195,0.04,0,0,14.85,93.385,4.13833333333333,987.343333333333
2016,112,2,120.067666666667,0,0,0,14.805,94.1233333333333,3.69833333333333,986.565,120.067666666667,0,0,0,14.805,94.1233333333333,3.69833333333333,986.565
2016,112,3,112.190833333333,0.166666666666667,0,0,15.0383333333333,94.3000000000001,2.97166666666667,986.376666666668,112.190833333333,0.166666666666667,0,0,15.0383333333333,94.3000000000001,2.97166666666667,986.376666666668
2016,112,4,102.669666666667,0.521666666666667,0,0,15.1133333333333,94.1583333333333,1.70666666666667,986.340000000001,102.669666666667,0.521666666666667,0,0,15.1133333333333,94.1583333333333,1.70666666666667,986.340000000001
2016,112,5,91.9486666666667,0.684999999999999,1.61666666666667,0.873333333333333,14.9066666666666,94.0049999999999,2.44,986.376666666667,91.9486666666667,0.684999999999999,1.61666666666667,0.873333333333333,14.9066666666666,94.0049999999999,2.44,986.376666666667
2016,112,6,80.8235,1.52833333333333,37.3516666666667,16.62,14.8816666666667,92.5033333333333,3.40666666666667,986.41,80.8235,1.52833333333333,37.3516666666667,16.62,14.8816666666667,92.5033333333333,3.40666666666667,986.41
2016,112,7,69.443,1.32833333333333,58.1433333333333,26.0733333333333,14.5683333333333,91.5,3.75166666666667,986.758333333334,69.443,1.32833333333333,58.1433333333333,26.0733333333333,14.5683333333333,91.5,3.75166666666667,986.758333333334
2016,112,8,58.07,1.19833333333333,85.4733333333333,39.035,14.7266666666667,91.2983333333333,3.75833333333333,986.973333333334,58.07,1.19833333333333,85.4733333333333,39.035,14.7266666666667,91.2983333333333,3.75833333333333,986.973333333334
2016,112,9,47.1663333333333,3.75333333333333,194.063333333333,86.8516666666667,14.98,89.3716666666667,4.38666666666667,987.295000000001,47.1663333333333,3.75333333333333,194.063333333333,86.8516666666667,14.98,89.3716666666667,4.38666666666667,987.295000000001
2016,112,10,37.4768333333333,254.2,372.876666666667,249.946666666667,16.3683333333333,79.34,3.98,987.28,37.4768333333333,254.2,372.876666666667,249.946666666667,16.3683333333333,79.34,3.98,987.28
2016,112,11,30.427,174.271666666667,378.17,229.86,17.7433333333333,72.2166666666667,3.19166666666667,986.468333333334,30.427,174.271666666667,378.17,229.86,17.7433333333333,72.2166666666667,3.19166666666667,986.468333333334
2016,112,12,28.156,76.9366666666666,469.473333333333,235.78,18.725,66.8183333333333,2.78,985.696666666666,28.156,76.9366666666666,469.473333333333,235.78,18.725,66.8183333333333,2.78,985.696666666666
2016,112,13,31.688,56.62,393.716666666667,197.521666666667,19.0783333333333,60.6633333333333,3.96333333333333,985.095000000001,31.688,56.62,393.716666666667,197.521666666667,19.0783333333333,60.6633333333333,3.96333333333333,985.095000000001
2016,112,14,39.5055,210.38,350.32,219.315,19.61,58.76,4.15666666666667,984.253333333333,39.5055,210.38,350.32,219.315,19.61,58.76,4.15666666666667,984.253333333333
2016,112,15,49.5573333333333,196.603333333333,234.435593220339,158.216666666667,19.995,55.14,5.035,983.733333333333,49.5573333333333,196.603333333333,234.435593220339,158.216666666667,19.995,55.14,5.035,983.733333333333
2016,112,16,60.6066666666667,20.9056603773585,105.48,52.61,19.1833333333333,63.5983333333333,3.95666666666667,983.693333333334,60.6066666666667,20.9056603773585,105.48,52.61,19.1833333333333,63.5983333333333,3.95666666666667,983.693333333334
2016,112,17,72.0043333333333,-0.713793103448276,32.82,14.9716666666667,18.1183333333333,69.1283333333333,3.96833333333333,984.2,72.0043333333333,-0.713793103448276,32.82,14.9716666666667,18.1183333333333,69.1283333333333,3.96833333333333,984.2
2016,112,18,83.2856666666667,-0.408333333333334,11.7816666666667,5.46333333333333,15.03,73.285,2.17666666666667,984.675,83.2856666666667,-0.408333333333334,11.7816666666667,5.46333333333333,15.03,73.285,2.17666666666667,984.675
2016,112,19,94.4005,-0.268333333333333,0.18,0.05,14.0416666666667,79.02,2.20333333333333,984.930000000001,94.4005,-0.268333333333333,0.18,0.05,14.0416666666667,79.02,2.20333333333333,984.930000000001
2016,112,20,104.816166666667,0.97,0,0,13.8733333333333,80.5416666666667,2.14833333333333,984.853333333333,104.816166666667,0.97,0,0,13.8733333333333,80.5416666666667,2.14833333333333,984.853333333333
2016,112,21,113.976333333333,0.0916666666666667,0,0,13.2333333333333,84.815,2.64736842105263,985.220000000001,113.976333333333,0.0916666666666667,0,0,13.2333333333333,84.815,2.64736842105263,985.220000000001
2016,112,22,121.319,0.0116666666666667,0,0,12.625,87.8316666666666,1.33076923076923,985.405,121.319,0.0116666666666667,0,0,12.625,87.8316666666666,1.33076923076923,985.405
2016,112,23,126.043166666667,0.856666666666666,0,0,12.4516666666667,89.1516666666667,2.09833333333333,985.92,126.043166666667,0.856666666666666,0,0,12.4516666666667,89.1516666666667,2.09833333333333,985.92
2016,113,0,127.416666666667,0.835,0,0,12.5816666666667,89.4383333333333,1.35166666666667,985.845,127.416666666667,0.835,0,0,12.5816666666667,89.4383333333333,1.35166666666667,985.845
2016,113,1,125.183333333333,-0.113333333333333,0,0,12.1233333333333,89.2016666666667,2.29833333333333,985.651666666665,125.183333333333,-0.113333333333333,0,0,12.1233333333333,89.2016666666667,2.29833333333333,985.651666666665
2016,113,2,119.748,1.08666666666667,0,0,11.28,91.77,2.195,985.796666666668,119.748,1.08666666666667,0,0,11.28,91.77,2.195,985.796666666668
2016,113,3,111.893166666667,1.34833333333333,0,0,11.385,92.2699999999999,1.00666666666667,985.843333333334,111.893166666667,1.34833333333333,0,0,11.385,92.2699999999999,1.00666666666667,985.843333333334
2016,113,4,102.392833333333,0.875,0,0,10.8233333333333,92.9133333333333,2.01833333333333,986.306666666667,102.392833333333,0.875,0,0,10.8233333333333,92.9133333333333,2.01833333333333,986.306666666667
2016,113,5,91.6886666666667,12.4433333333333,4.1,2.23666666666667,10.675,93.7816666666667,1.44166666666667,986.840000000001,91.6886666666667,12.4433333333333,4.1,2.23666666666667,10.675,93.7816666666667,1.44166666666667,986.840000000001
2016,113,6,80.5776666666667,279.66,41.71,43.0033333333333,11.0766666666667,93.3633333333334,1.30833333333333,987.391666666666,80.5776666666667,279.66,41.71,43.0033333333333,11.0766666666667,93.3633333333334,1.30833333333333,987.391666666666
2016,113,7,69.1976666666667,712.781666666667,64.545,128.093103448276,12.7816666666667,85.2966666666667,3.87,988.171666666667,69.1976666666667,712.781666666667,64.545,128.093103448276,12.7816666666667,85.2966666666667,3.87,988.171666666667
2016,113,8,57.8183333333333,811.06,80.2433333333334,212.688333333333,14.73,73.7816666666667,5.895,988.706666666667,57.8183333333333,811.06,80.2433333333334,212.688333333333,14.73,73.7816666666667,5.895,988.706666666667
2016,113,9,46.8976666666667,878.145,90.045,286.371666666667,16.385,66.33,5.36666666666667,989.104999999999,46.8976666666667,878.145,90.045,286.371666666667,16.385,66.33,5.36666666666667,989.104999999999
2016,113,10,37.1795,881.958333333333,147.841666666667,352.516666666667,17.28,63.3916666666667,6.185,989.814999999999,37.1795,881.958333333333,147.841666666667,352.516666666667,17.28,63.3916666666667,6.185,989.814999999999
2016,113,11,30.098,374.498333333333,307.576666666667,268.105,17.655,63.0316666666666,5.83333333333333,990.355000000001,30.098,374.498333333333,307.576666666667,268.105,17.655,63.0316666666666,5.83333333333333,990.355000000001
2016,113,12,27.8258333333333,443.365,366.856666666667,319.345,17.6366666666667,67.6666666666667,7.23833333333333,990.595,27.8258333333333,443.365,366.856666666667,319.345,17.6366666666667,67.6666666666667,7.23833333333333,990.595
2016,113,13,31.4041666666667,364.633333333333,445.718333333333,317.29,15.99,73.6116666666667,7.41833333333334,991.156666666667,31.4041666666667,364.633333333333,445.718333333333,317.29,15.99,73.6116666666667,7.41833333333334,991.156666666667
2016,113,14,39.2761666666667,63.3783333333333,395.96,193.975,14.04,76.17,8.10166666666666,991.726666666668,39.2761666666667,63.3783333333333,395.96,193.975,14.04,76.17,8.10166666666666,991.726666666668
2016,113,15,49.364,-0.151666666666667,223.035,98.2083333333333,12.9783333333333,79.1566666666667,7.56833333333333,991.906666666667,49.364,-0.151666666666667,223.035,98.2083333333333,12.9783333333333,79.1566666666667,7.56833333333333,991.906666666667
2016,113,16,60.4305,203.171666666667,228.286666666667,130.889830508475,13.1933333333333,76.8466666666666,7.54166666666667,992.188333333334,60.4305,203.171666666667,228.286666666667,130.889830508475,13.1933333333333,76.8466666666666,7.54166666666667,992.188333333334
2016,113,17,71.8333333333333,254.395,139.365,90.64,14.1883333333333,72.6266666666667,6.75333333333333,992.586666666665,71.8333333333333,254.395,139.365,90.64,14.1883333333333,72.6266666666667,6.75333333333333,992.586666666665
2016,113,18,83.1128333333333,27.7383333333333,37.0433333333333,20.0433333333333,13.9816666666667,73.7316666666667,5.20166666666667,992.888333333333,83.1128333333333,27.7383333333333,37.0433333333333,20.0433333333333,13.9816666666667,73.7316666666667,5.20166666666667,992.888333333333
2016,113,19,94.2018333333333,-0.835000000000001,1.83333333333333,0.886666666666666,12.95,75.9583333333333,5.13166666666667,993.326666666667,94.2018333333333,-0.835000000000001,1.83333333333333,0.886666666666666,12.95,75.9583333333333,5.13166666666667,993.326666666667
2016,113,20,104.6,-1.04833333333333,0,0,11.2416666666667,79.185,5.30833333333333,993.945,104.6,-1.04833333333333,0,0,11.2416666666667,79.185,5.30833333333333,993.945
2016,113,21,113.73,-1.19,0,0,9.415,78.85,6.10833333333333,994.643333333334,113.73,-1.19,0,0,9.415,78.85,6.10833333333333,994.643333333334
2016,113,22,121.037833333333,-0.85,0,0,8.13666666666667,76.4033333333333,6.14666666666667,995.044999999999,121.037833333333,-0.85,0,0,8.13666666666667,76.4033333333333,6.14666666666667,995.044999999999
2016,113,23,125.7285,-0.356666666666667,0,0,7.33333333333334,75.845,6.01,995.128333333332,125.7285,-0.356666666666667,0,0,7.33333333333334,75.845,6.01,995.128333333332
2016,114,0,127.082833333333,0.508333333333333,0,0,6.855,76.225,6.48,995.199999999999,127.082833333333,0.508333333333333,0,0,6.855,76.225,6.48,995.199999999999
2016,114,1,124.851,0.201666666666667,0,0,6.26666666666667,77.355,5.88333333333333,995.171666666666,124.851,0.201666666666667,0,0,6.26666666666667,77.355,5.88333333333333,995.171666666666
2016,114,2,119.433,0.45,0,0,5.98333333333333,77.43,6.41166666666667,994.868333333334,119.433,0.45,0,0,5.98333333333333,77.43,6.41166666666667,994.868333333334
2016,114,3,111.600166666667,0.703333333333333,0,0,5.54833333333333,79.9083333333333,3.97,995.031666666666,111.600166666667,0.703333333333333,0,0,5.54833333333333,79.9083333333333,3.97,995.031666666666
2016,114,4,102.121,0.855,-0.005,0,4.87333333333333,83.965,2.94333333333333,995.263333333334,102.121,0.855,-0.005,0,4.87333333333333,83.965,2.94333333333333,995.263333333334
2016,114,5,91.4335,22.9466666666667,6.61,3.59666666666667,4.505,85.7333333333333,2.72333333333333,995.675,91.4335,22.9466666666667,6.61,3.59666666666667,4.505,85.7333333333333,2.72333333333333,995.675
2016,114,6,80.3361666666667,381.565,51.7183333333333,48.7033333333334,5.28333333333333,82.7616666666666,2.19,996.206666666668,80.3361666666667,381.565,51.7183333333333,48.7033333333334,5.28333333333333,82.7616666666666,2.19,996.206666666668
2016,114,7,68.957,331.746666666667,138.5,101.261666666667,7.165,77.5366666666666,1.83166666666667,996.615,68.957,331.746666666667,138.5,101.261666666667,7.165,77.5366666666666,1.83166666666667,996.615
2016,114,8,57.5718333333333,2.97,236.328333333333,102.045,8.81833333333334,76.335,1.98166666666667,996.848333333335,57.5718333333333,2.97,236.328333333333,102.045,8.81833333333334,76.335,1.98166666666667,996.848333333335
2016,114,9,46.6346666666667,31.7033333333333,387.115,174.653333333333,10.905,73.2516666666666,1.19166666666667,996.753333333332,46.6346666666667,31.7033333333333,387.115,174.653333333333,10.905,73.2516666666666,1.19166666666667,996.753333333332
2016,114,10,36.8868333333333,567.016666666667,321.003333333333,321.871666666667,13.275,70.09,1.375,996.36,36.8868333333333,567.016666666667,321.003333333333,321.871666666667,13.275,70.09,1.375,996.36
2016,114,11,29.7741666666667,515.321666666666,347.653333333333,326.621666666667,14.845,65.2966666666667,1.81166666666667,995.91,29.7741666666667,515.321666666666,347.653333333333,326.621666666667,14.845,65.2966666666667,1.81166666666667,995.91
2016,114,12,27.5005,605.013333333333,341.101666666667,359.221666666667,16.2533333333333,57.2366666666667,2.285,995.395000000001,27.5005,605.013333333333,341.101666666667,359.221666666667,16.2533333333333,57.2366666666667,2.285,995.395000000001
2016,114,13,31.1245,678.52,243.726666666667,336.685,17.1883333333333,50.985,2.30333333333333,994.83,31.1245,678.52,243.726666666667,336.685,17.1883333333333,50.985,2.30333333333333,994.83
2016,114,14,39.0498333333333,878.87,129.085,328.901666666667,18.3433333333333,45.645,2.045,993.991666666666,39.0498333333333,878.87,129.085,328.901666666667,18.3433333333333,45.645,2.045,993.991666666666
2016,114,15,49.1723333333333,838.211666666666,107.688333333333,265.106666666667,19.0966666666667,42.6383333333333,2.545,992.971666666666,49.1723333333333,838.211666666666,107.688333333333,265.106666666667,19.0966666666667,42.6383333333333,2.545,992.971666666666
2016,114,16,60.2563333333333,763.72,93.035,189.936666666667,19.4066666666667,41.2666666666667,3.36271186440678,992.355,60.2563333333333,763.72,93.035,189.936666666667,19.4066666666667,41.2666666666667,3.36271186440678,992.355
2016,114,17,71.6633333333333,654.316666666667,67.7183333333333,108.791666666667,19.195,41.7666666666667,4.70666666666667,991.725,71.6633333333333,654.316666666667,67.7183333333333,108.791666666667,19.195,41.7666666666667,4.70666666666667,991.725
2016,114,18,82.9416666666667,350.875,34.4783333333333,32.64,18.5383333333333,45.59,4.88,991.251666666665,82.9416666666667,350.875,34.4783333333333,32.64,18.5383333333333,45.59,4.88,991.251666666665
2016,114,19,94.0036666666667,-0.308333333333334,1.48833333333333,0.9,16.7733333333333,54.0583333333333,3.265,991.401666666667,94.0036666666667,-0.308333333333334,1.48833333333333,0.9,16.7733333333333,54.0583333333333,3.265,991.401666666667
2016,114,20,104.385666666667,-1.05833333333333,-0.303333333333333,0,14.37,70.55,3.44666666666667,991.835,104.385666666667,-1.05833333333333,-0.303333333333333,0,14.37,70.55,3.44666666666667,991.835
2016,114,21,113.4845,-0.829999999999999,-0.216666666666666,0,12.5166666666667,82.8083333333333,3.445,992.251666666667,113.4845,-0.829999999999999,-0.216666666666666,0,12.5166666666667,82.8083333333333,3.445,992.251666666667
2016,114,22,120.756833333333,-0.581666666666667,-0.143333333333333,0,11.4583333333333,87.33,2.895,992.246666666666,120.756833333333,-0.581666666666667,-0.143333333333333,0,11.4583333333333,87.33,2.895,992.246666666666
2016,114,23,125.416166666667,-1.24833333333333,-0.245,0,10.9033333333333,89.3133333333333,2.38666666666667,992.119999999999,125.416166666667,-1.24833333333333,-0.245,0,10.9033333333333,89.3133333333333,2.38666666666667,992.119999999999
2016,115,0,126.752166666667,-0.52,0,0,10.2016666666667,91.0333333333334,3.545,991.759999999999,126.752166666667,-0.52,0,0,10.2016666666667,91.0333333333334,3.545,991.759999999999
2016,115,1,124.523,-0.273333333333333,0,0,9.15666666666667,92.8283333333333,3.07833333333333,991.421666666667,124.523,-0.273333333333333,0,0,9.15666666666667,92.8283333333333,3.07833333333333,991.421666666667
2016,115,2,119.120666666667,-0.713333333333333,-0.0283333333333333,0,8.57833333333334,93.82,2.4,991.778333333334,119.120666666667,-0.713333333333333,-0.0283333333333333,0,8.57833333333334,93.82,2.4,991.778333333334
2016,115,3,111.311,-0.0266666666666666,0,0,8.58666666666667,94.9733333333334,3.255,991.719999999999,111.311,-0.0266666666666666,0,0,8.58666666666667,94.9733333333334,3.255,991.719999999999
2016,115,4,101.853166666667,0.423333333333334,0,0,8.25666666666667,95.1433333333333,3.95833333333333,991.666666666666,101.853166666667,0.423333333333334,0,0,8.25666666666667,95.1433333333333,3.95833333333333,991.666666666666
2016,115,5,91.169,5.75333333333333,8.90166666666667,3.94833333333333,8.31333333333333,95.1016666666666,3.895,991.836666666667,91.169,5.75333333333333,8.90166666666667,3.94833333333333,8.31333333333333,95.1016666666666,3.895,991.836666666667
2016,115,6,80.0976666666667,136.398333333333,62.4083333333333,36.6508474576271,9.395,94.59,4.19333333333333,992.345000000001,80.0976666666667,136.398333333333,62.4083333333333,36.6508474576271,9.395,94.59,4.19333333333333,992.345000000001
2016,115,7,68.7191666666667,535.626666666667,107.666666666667,167.4,11.8683333333333,88.7916666666667,5.91,992.020000000001,68.7191666666667,535.626666666667,107.666666666667,167.4,11.8683333333333,88.7916666666667,5.91,992.020000000001
2016,115,8,57.3293333333333,731.926666666667,116.336666666667,212.213333333333,14.4366666666667,76.625,6.63166666666667,991.461666666667,57.3293333333333,731.926666666667,116.336666666667,212.213333333333,14.4366666666667,76.625,6.63166666666667,991.461666666667
2016,115,9,46.376,824.333333333333,121.383333333333,285.391666666667,17.2466666666667,62.06,7.55833333333333,990.498333333333,46.376,824.333333333333,121.383333333333,285.391666666667,17.2466666666667,62.06,7.55833333333333,990.498333333333
2016,115,10,36.5995,869.84,124.831034482759,339.986666666667,19.5666666666667,51.325,8.13166666666666,989.96,36.5995,869.84,124.831034482759,339.986666666667,19.5666666666667,51.325,8.13166666666666,989.96
2016,115,11,29.4538333333333,890.255,127.698333333333,371.995,21.475,45.535,8.01666666666667,989.515000000001,29.4538333333333,890.255,127.698333333333,371.995,21.475,45.535,8.01666666666667,989.515000000001
2016,115,12,27.1783333333333,843.401666666666,164.398333333333,377.568333333333,23.1866666666667,42.0166666666667,7.59833333333333,988.748333333333,27.1783333333333,843.401666666666,164.398333333333,377.568333333333,23.1866666666667,42.0166666666667,7.59833333333333,988.748333333333
2016,115,13,30.8486666666667,755.770000000001,223.875,361.575,24.1616666666667,38.7533333333333,7.395,987.773333333333,30.8486666666667,755.770000000001,223.875,361.575,24.1616666666667,38.7533333333333,7.395,987.773333333333
2016,115,14,38.8261666666667,349.476666666667,309.073333333333,247.683333333333,24.3783333333333,37.3783333333333,7.225,986.89,38.8261666666667,349.476666666667,309.073333333333,247.683333333333,24.3783333333333,37.3783333333333,7.225,986.89
2016,115,15,48.9835,207.9,284.478333333333,178.395,24.2866666666667,35.015,8.25833333333333,986.238333333333,48.9835,207.9,284.478333333333,178.395,24.2866666666667,35.015,8.25833333333333,986.238333333333
2016,115,16,60.0835,213.07,250.953333333333,150.525,24.3083333333333,34.3883333333333,7.88,985.908333333334,60.0835,213.07,250.953333333333,150.525,24.3083333333333,34.3883333333333,7.88,985.908333333334
2016,115,17,71.4943333333333,194.213333333333,161.245,91.415,23.9883333333334,36.0266666666667,8.035,985.576666666666,71.4943333333333,194.213333333333,161.245,91.415,23.9883333333334,36.0266666666667,8.035,985.576666666666
2016,115,18,82.7705,-1.05666666666667,44.91,19.0566666666667,22.4133333333333,41.865,6.53666666666666,985.400000000001,82.7705,-1.05666666666667,44.91,19.0566666666667,22.4133333333333,41.865,6.53666666666666,985.400000000001
2016,115,19,93.8066666666667,-1.64833333333333,1.205,0.623333333333333,20.5683333333333,50.8183333333333,4.68666666666667,985.648333333332,93.8066666666667,-1.64833333333333,1.205,0.623333333333333,20.5683333333333,50.8183333333333,4.68666666666667,985.648333333332
2016,115,20,104.171166666667,-1.26833333333333,-0.396666666666666,0,18.6266666666667,58.6033333333333,4.68833333333333,985.693333333332,104.171166666667,-1.26833333333333,-0.396666666666666,0,18.6266666666667,58.6033333333333,4.68833333333333,985.693333333332
2016,115,21,113.240833333333,-0.643333333333333,-0.328333333333333,0,17.6183333333333,60.7583333333333,4.48333333333333,985.728333333333,113.240833333333,-0.643333333333333,-0.328333333333333,0,17.6183333333333,60.7583333333333,4.48333333333333,985.728333333333
2016,115,22,120.479166666667,-0.288333333333333,-0.245,0,16.7233333333333,63.9416666666666,4.83166666666667,985.293333333333,120.479166666667,-0.288333333333333,-0.245,0,16.7233333333333,63.9416666666666,4.83166666666667,985.293333333333
2016,115,23,125.1075,0.321666666666667,-0.09,0,16.84,63.1316666666667,6.105,985.083333333333,125.1075,0.321666666666667,-0.09,0,16.84,63.1316666666667,6.105,985.083333333333
2016,116,0,126.4275,-0.69,-0.261666666666667,0,15.7266666666667,67.1866666666667,4.97666666666667,985.22,126.4275,-0.69,-0.261666666666667,0,15.7266666666667,67.1866666666667,4.97666666666667,985.22
2016,116,1,124.198166666667,1.115,0,0,16.3466666666667,64.4583333333333,4.86,985.186666666666,124.198166666667,1.115,0,0,16.3466666666667,64.4583333333333,4.86,985.186666666666
2016,116,2,118.8125,0.575,0,0,16.955,62.0733333333333,5.02333333333333,985.141666666666,118.8125,0.575,0,0,16.955,62.0733333333333,5.02333333333333,985.141666666666
2016,116,3,111.025166666667,-0.401666666666667,-0.1,0,16.8616666666667,63.1633333333333,5.36333333333333,984.751666666666,111.025166666667,-0.401666666666667,-0.1,0,16.8616666666667,63.1633333333333,5.36333333333333,984.751666666666
2016,116,4,101.587833333333,-0.570000000000001,-0.156666666666667,0,15.64,68.9033333333334,5.47,984.58,101.587833333333,-0.570000000000001,-0.156666666666667,0,15.64,68.9033333333334,5.47,984.58
2016,116,5,90.9213333333333,22.9816666666667,8.04,1.83333333333333,15.745,69.46,6.50333333333333,984.42,90.9213333333333,22.9816666666667,8.04,1.83333333333333,15.745,69.46,6.50333333333333,984.42
2016,116,6,79.8636666666667,216.496666666667,57.7316666666667,47.1875,16.6633333333333,67.5833333333333,6.99833333333333,984.461666666667,79.8636666666667,216.496666666667,57.7316666666667,47.1875,16.6633333333333,67.5833333333333,6.99833333333333,984.461666666667
2016,116,7,68.486,439.233333333333,130.415,122.6,18.9683333333333,59.9133333333333,8.12333333333333,984.175,68.486,439.233333333333,130.415,122.6,18.9683333333333,59.9133333333333,8.12333333333333,984.175
2016,116,8,57.0898333333333,569.876666666667,146.428333333333,194.03,21.1816666666667,52,9.58,984.061666666666,57.0898333333333,569.876666666667,146.428333333333,194.03,21.1816666666667,52,9.58,984.061666666666
2016,116,9,46.1221666666667,544.07,243.5,262.82,22.555,47.7866666666667,10.175,983.935,46.1221666666667,544.07,243.5,262.82,22.555,47.7866666666667,10.175,983.935
2016,116,10,36.3175,488.996666666667,272.471666666667,287.088333333333,23.3616666666667,46.5033333333333,9.70833333333333,983.394999999999,36.3175,488.996666666667,272.471666666667,287.088333333333,23.3616666666667,46.5033333333333,9.70833333333333,983.394999999999
2016,116,11,29.1373333333333,571.141666666667,277.911666666667,330.2,24.4816666666667,43.6416666666667,10.3216666666667,982.761666666667,29.1373333333333,571.141666666667,277.911666666667,330.2,24.4816666666667,43.6416666666667,10.3216666666667,982.761666666667
2016,116,12,26.8586666666667,444.355,293.203333333333,294.088333333333,25.4083333333333,40.31,10.3583333333333,982.096666666667,26.8586666666667,444.355,293.203333333333,294.088333333333,25.4083333333333,40.31,10.3583333333333,982.096666666667
2016,116,13,30.5758333333333,123.008333333333,325.488333333333,188.11,25.7583333333333,39.825,10.3216666666667,981.776666666667,30.5758333333333,123.008333333333,325.488333333333,188.11,25.7583333333333,39.825,10.3216666666667,981.776666666667
2016,116,14,38.6056666666667,289.388333333333,285.885,214.666666666667,26.0166666666667,40.27,10.535,981.516666666667,38.6056666666667,289.388333333333,285.885,214.666666666667,26.0166666666667,40.27,10.535,981.516666666667
2016,116,15,48.7955,369.76,243.318333333333,205.3,26.475,38.93,10.6766666666667,980.971666666668,48.7955,369.76,243.318333333333,205.3,26.475,38.93,10.6766666666667,980.971666666668
2016,116,16,59.9116666666667,521.495,148.265,169.373333333333,26.7883333333333,38.6716666666667,10.7183333333333,980.548333333334,59.9116666666667,521.495,148.265,169.373333333333,26.7883333333333,38.6716666666667,10.7183333333333,980.548333333334
2016,116,17,71.3263333333333,426.328333333333,99.1066666666667,96.5983333333333,26.715,39.5983333333333,11.03,980.490000000001,71.3263333333333,426.328333333333,99.1066666666667,96.5983333333333,26.715,39.5983333333333,11.03,980.490000000001
2016,116,18,82.5993333333333,197.295,37.035,30.265,25.795,43.0316666666667,10.035,980.151666666666,82.5993333333333,197.295,37.035,30.265,25.795,43.0316666666667,10.035,980.151666666666
2016,116,19,93.6115,-1.52,1.595,1.05,23.785,50.87,7.17,980.310000000001,93.6115,-1.52,1.595,1.05,23.785,50.87,7.17,980.310000000001
2016,116,20,103.9585,-0.586666666666666,-0.4,0,22.63,55.565,7.075,980.645,103.9585,-0.586666666666666,-0.4,0,22.63,55.565,7.075,980.645
2016,116,21,112.997833333333,-0.34,-0.393333333333333,0,21.9033333333333,59.7633333333333,6.03,981.168333333334,112.997833333333,-0.34,-0.393333333333333,0,21.9033333333333,59.7633333333333,6.03,981.168333333334
2016,116,22,120.2025,-0.398333333333333,-0.385,0,21.2683333333333,64.7016666666667,6.2,981.301666666667,120.2025,-0.398333333333333,-0.385,0,21.2683333333333,64.7016666666667,6.2,981.301666666667
2016,116,23,124.801333333333,-0.206666666666667,-0.335,0,20.7283333333333,69.4033333333334,5.72166666666667,981.576666666666,124.801333333333,-0.206666666666667,-0.335,0,20.7283333333333,69.4033333333334,5.72166666666667,981.576666666666
2016,117,0,126.1045,0.44,-0.0466666666666667,0,20.5616666666667,72.0066666666667,6.68833333333333,981.735,126.1045,0.44,-0.0466666666666667,0,20.5616666666667,72.0066666666667,6.68833333333333,981.735
2016,117,1,123.878333333333,-0.163333333333333,-0.065,0,20.3683333333333,73.1683333333334,6.52333333333333,981.840000000001,123.878333333333,-0.163333333333333,-0.065,0,20.3683333333333,73.1683333333334,6.52333333333333,981.840000000001
2016,117,2,118.508666666667,-0.0916666666666666,-0.035,0,19.8983333333333,75.5716666666667,5.865,981.981666666666,118.508666666667,-0.0916666666666666,-0.035,0,19.8983333333333,75.5716666666667,5.865,981.981666666666
2016,117,3,110.743333333333,-0.343333333333333,-0.03,0,19.305,78.1616666666667,4.59666666666667,982.361666666667,110.743333333333,-0.343333333333333,-0.03,0,19.305,78.1616666666667,4.59666666666667,982.361666666667
2016,117,4,101.327833333333,-0.706666666666667,-0.00333333333333333,0,18.6183333333333,80.5,3.35,982.706666666667,101.327833333333,-0.706666666666667,-0.00333333333333333,0,18.6183333333333,80.5,3.35,982.706666666667
2016,117,5,90.678,11.515,7.86333333333333,4.01166666666667,17.38,84.3683333333334,3.22833333333333,983.185,90.678,11.515,7.86333333333333,4.01166666666667,17.38,84.3683333333334,3.22833333333333,983.185
2016,117,6,79.6323333333333,222.991666666667,66.32,45.9483333333333,17.8483333333333,83.4416666666667,3.69333333333333,983.638333333333,79.6323333333333,222.991666666667,66.32,45.9483333333333,17.8483333333333,83.4416666666667,3.69333333333333,983.638333333333
2016,117,7,68.2575,386.22,151.95,122.023333333333,20.1466666666667,75.22,3.22333333333333,983.51,68.2575,386.22,151.95,122.023333333333,20.1466666666667,75.22,3.22333333333333,983.51
2016,117,8,56.8561666666667,291.336666666667,242.846666666667,173.668333333333,21.68,68.6866666666667,2.11333333333333,983.333333333333,56.8561666666667,291.336666666667,242.846666666667,173.668333333333,21.68,68.6866666666667,2.11333333333333,983.333333333333
2016,117,9,45.872,649.123333333333,216.053333333333,280.581666666667,23.7033333333333,59.0433333333333,1.33333333333333,983.061666666667,45.872,649.123333333333,216.053333333333,280.581666666667,23.7033333333333,59.0433333333333,1.33333333333333,983.061666666667
2016,117,10,36.0386666666667,271.11,439.101666666667,281.151666666667,24.6783333333333,53.7483333333333,2.40666666666667,983.028333333333,36.0386666666667,271.11,439.101666666667,281.151666666667,24.6783333333333,53.7483333333333,2.40666666666667,983.028333333333
2016,117,11,28.8255,12.8216666666667,362.453333333333,168.248333333333,24.9633333333333,52.0016666666667,3.29166666666667,983.233333333335,28.8255,12.8216666666667,362.453333333333,168.248333333333,24.9633333333333,52.0016666666667,3.29166666666667,983.233333333335
2016,117,12,26.5443333333333,1.08166666666667,197.91,91.3916666666667,24.8183333333333,52.165,3.21833333333333,983.258333333332,26.5443333333333,1.08166666666667,197.91,91.3916666666667,24.8183333333333,52.165,3.21833333333333,983.258333333332
2016,117,13,30.3055,0.0733333333333334,258.228333333333,120.186666666667,23.7916666666667,52.65,6.49333333333333,983.318333333333,30.3055,0.0733333333333334,258.228333333333,120.186666666667,23.7916666666667,52.65,6.49333333333333,983.318333333333
2016,117,14,38.3865,-0.185,216.858333333333,100.088333333333,22.5466666666667,51.78,6.86,983.078333333333,38.3865,-0.185,216.858333333333,100.088333333333,22.5466666666667,51.78,6.86,983.078333333333
2016,117,15,48.6101666666667,-1.10166666666667,97.77,46.665,21.9816666666667,49.2633333333333,6.57,982.961666666667,48.6101666666667,-1.10166666666667,97.77,46.665,21.9816666666667,49.2633333333333,6.57,982.961666666667
2016,117,16,59.7435,-2.38478260869565,10.0883333333333,5.97,19.6866666666667,60.92,4.75,982.688333333333,59.7435,-2.38478260869565,10.0883333333333,5.97,19.6866666666667,60.92,4.75,982.688333333333
2016,117,17,71.159,-0.808333333333333,11.0966666666667,5.88166666666667,17.2466666666667,65.3816666666666,6.345,981.928333333333,71.159,-0.808333333333333,11.0966666666667,5.88166666666667,17.2466666666667,65.3816666666666,6.345,981.928333333333
2016,117,18,82.4295,-1.59833333333333,15.46,6.88666666666667,13.9066666666667,68.6983333333333,10.0333333333333,982.138333333334,82.4295,-1.59833333333333,15.46,6.88666666666667,13.9066666666667,68.6983333333333,10.0333333333333,982.138333333334
2016,117,19,93.4171666666667,-0.993333333333334,1.23,0.625,12.2316666666667,72.805,8.46166666666667,983.548333333334,93.4171666666667,-0.993333333333334,1.23,0.625,12.2316666666667,72.805,8.46166666666667,983.548333333334
2016,117,20,103.7465,-0.646666666666666,-0.12,0,10.7183333333333,78.2466666666667,7.32666666666667,984.215,103.7465,-0.646666666666666,-0.12,0,10.7183333333333,78.2466666666667,7.32666666666667,984.215
2016,117,21,112.7565,0.188333333333333,0,0,10.2716666666667,81.5266666666667,7.79666666666667,984.881666666668,112.7565,0.188333333333333,0,0,10.2716666666667,81.5266666666667,7.79666666666667,984.881666666668
2016,117,22,119.929,0.195,0,0,10.125,83.6216666666666,7.82,984.305,119.929,0.195,0,0,10.125,83.6216666666666,7.82,984.305
2016,117,23,124.499,0.445,0,0,10.395,85.7866666666667,8.54666666666667,983.226666666666,124.499,0.445,0,0,10.395,85.7866666666667,8.54666666666667,983.226666666666
2016,118,0,125.7855,0.255,0,0,10.5316666666667,86.8283333333333,7.83833333333334,983.811666666667,125.7855,0.255,0,0,10.5316666666667,86.8283333333333,7.83833333333334,983.811666666667
2016,118,1,123.562,0.251666666666667,0,0,10.2583333333333,86.4,8.73833333333333,984.125,123.562,0.251666666666667,0,0,10.2583333333333,86.4,8.73833333333333,984.125
2016,118,2,118.209833333333,0.879999999999999,0,0,10.845,84.4033333333333,7.62166666666667,983.775,118.209833333333,0.879999999999999,0,0,10.845,84.4033333333333,7.62166666666667,983.775
2016,118,3,110.465333333333,0.954999999999999,0,0,11.77,82.8133333333333,5.395,984.315,110.465333333333,0.954999999999999,0,0,11.77,82.8133333333333,5.395,984.315
2016,118,4,101.071,0.525,0,0,12.1416666666667,83.735,5.76,984.696666666667,101.071,0.525,0,0,12.1416666666667,83.735,5.76,984.696666666667
2016,118,5,90.4253333333333,0.281666666666667,3.52666666666667,1.47166666666667,12.3783333333333,84.9433333333334,6.69,984.458333333334,90.4253333333333,0.281666666666667,3.52666666666667,1.47166666666667,12.3783333333333,84.9433333333334,6.69,984.458333333334
2016,118,6,79.4051666666667,-0.368333333333333,31.94,14.6216666666667,11.8116666666667,85.7566666666667,8.28833333333334,984.123333333333,79.4051666666667,-0.368333333333333,31.94,14.6216666666667,11.8116666666667,85.7566666666667,8.28833333333334,984.123333333333
2016,118,7,68.0325,-0.025,83.4333333333333,38.725,11.3183333333333,85.5916666666666,8.97666666666667,983.443333333333,68.0325,-0.025,83.4333333333333,38.725,11.3183333333333,85.5916666666666,8.97666666666667,983.443333333333
2016,118,8,56.6278333333333,0.44,127.286666666667,60.325,11.5566666666667,83.7116666666666,8.59666666666667,983.281666666667,56.6278333333333,0.44,127.286666666667,60.325,11.5566666666667,83.7116666666666,8.59666666666667,983.281666666667
2016,118,9,45.6281666666667,1.065,210.686666666667,98.1583333333333,12.4066666666667,80.7233333333333,8.31666666666667,983.216666666667,45.6281666666667,1.065,210.686666666667,98.1583333333333,12.4066666666667,80.7233333333333,8.31666666666667,983.216666666667
2016,118,10,35.766,1.44666666666667,311.685,143.398333333333,13.7533333333333,76.465,8.155,983.433333333334,35.766,1.44666666666667,311.685,143.398333333333,13.7533333333333,76.465,8.155,983.433333333334
2016,118,11,28.5183333333333,-1.17833333333333,226.031666666667,109.473333333333,14.6683333333333,77.02,8.82833333333334,983.231666666667,28.5183333333333,-1.17833333333333,226.031666666667,109.473333333333,14.6683333333333,77.02,8.82833333333334,983.231666666667
2016,118,12,26.2325,0.688333333333333,267.541666666667,128.901666666667,14.8566666666667,83.8616666666667,8.23833333333334,982.961666666667,26.2325,0.688333333333333,267.541666666667,128.901666666667,14.8566666666667,83.8616666666667,8.23833333333334,982.961666666667
2016,118,13,30.0383333333333,38.035,434.856666666667,213.07,15.1366666666667,84.5783333333333,9.02333333333333,982.201666666666,30.0383333333333,38.035,434.856666666667,213.07,15.1366666666667,84.5783333333333,9.02333333333333,982.201666666666
2016,118,14,38.1706666666667,0.181666666666667,192.598333333333,91.7483333333333,15.2966666666667,84.9866666666667,7.545,982.223333333334,38.1706666666667,0.181666666666667,192.598333333333,91.7483333333333,15.2966666666667,84.9866666666667,7.545,982.223333333334
2016,118,15,48.4266666666667,-0.585,90.285,45.02,15.1833333333333,85.1183333333334,7.39,981.986666666666,48.4266666666667,-0.585,90.285,45.02,15.1833333333333,85.1183333333334,7.39,981.986666666666
2016,118,16,59.5746666666667,0.451666666666667,101.763333333333,48.8166666666667,15.08,85.84,5.305,981.654999999999,59.5746666666667,0.451666666666667,101.763333333333,48.8166666666667,15.08,85.84,5.305,981.654999999999
2016,118,17,70.9943333333333,-0.0416666666666667,23.4633333333333,12.02,14.975,88.005,5.95,981.54,70.9943333333333,-0.0416666666666667,23.4633333333333,12.02,14.975,88.005,5.95,981.54
2016,118,18,82.2598333333333,-0.0816666666666667,9.81999999999999,4.55666666666667,14.655,89.6316666666666,5.975,981.185,82.2598333333333,-0.0816666666666667,9.81999999999999,4.55666666666667,14.655,89.6316666666666,5.975,981.185
2016,118,19,93.2235,0.0133333333333333,0.283333333333333,0.135,14.5883333333334,89.755,6.50833333333333,981.475,93.2235,0.0133333333333333,0.283333333333333,0.135,14.5883333333334,89.755,6.50833333333333,981.475
2016,118,20,103.536,0,0,0,14.6583333333333,89.54,7.20666666666666,981.77,103.536,0,0,0,14.6583333333333,89.54,7.20666666666666,981.77
2016,118,21,112.516166666667,-0.541666666666667,0,0,14.5783333333333,91.1666666666667,12.2433333333333,980.45,112.516166666667,-0.541666666666667,0,0,14.5783333333333,91.1666666666667,12.2433333333333,980.45
2016,118,22,119.656666666667,0.446666666666667,0,0,14.845,91.6316666666666,7.70166666666666,981.025,119.656666666667,0.446666666666667,0,0,14.845,91.6316666666666,7.70166666666666,981.025
2016,118,23,124.198333333333,0.295,0,0,15.1933333333333,91.5866666666667,4.68,981.628333333333,124.198333333333,0.295,0,0,15.1933333333333,91.5866666666667,4.68,981.628333333333
2016,119,0,125.4705,-0.403333333333333,-0.0416666666666667,0,15.3133333333333,91.2833333333333,5.07833333333333,981.72,125.4705,-0.403333333333333,-0.0416666666666667,0,15.3133333333333,91.2833333333333,5.07833333333333,981.72
2016,119,1,123.25,-0.778333333333334,-0.0183333333333333,-0.00333333333333333,13.885,90.2083333333333,4.52372881355932,981.76,123.25,-0.778333333333334,-0.0183333333333333,-0.00333333333333333,13.885,90.2083333333333,4.52372881355932,981.76
2016,119,2,117.914333333333,1.03,0,0,13.9333333333333,84.7333333333334,3.27333333333333,981.645,117.914333333333,1.03,0,0,13.9333333333333,84.7333333333334,3.27333333333333,981.645
2016,119,3,110.192666666667,0.423333333333333,0,0,13.6133333333333,87.6383333333333,2.48666666666667,981.58,110.192666666667,0.423333333333333,0,0,13.6133333333333,87.6383333333333,2.48666666666667,981.58
2016,119,4,100.818666666667,-0.371666666666667,0,0,12.5966666666667,91.46,2.02,981.468333333333,100.818666666667,-0.371666666666667,0,0,12.5966666666667,91.46,2.02,981.468333333333
2016,119,5,90.1901666666667,18.57,8.60166666666666,5.07166666666667,11.65,92.6033333333333,2.69666666666667,982.096666666667,90.1901666666667,18.57,8.60166666666666,5.07166666666667,11.65,92.6033333333333,2.69666666666667,982.096666666667
2016,119,6,79.1831666666667,408.54,47.9166666666667,58.0116666666667,12.395,92.1233333333333,2.605,982.795,79.1831666666667,408.54,47.9166666666667,58.0116666666667,12.395,92.1233333333333,2.605,982.795
2016,119,7,67.8126666666667,687.661666666667,80.545,137.995,14.38,87.12,3.265,983.305000000001,67.8126666666667,687.661666666667,80.545,137.995,14.38,87.12,3.265,983.305000000001
2016,119,8,56.4026666666667,24.8083333333333,169.915,81.33,15.0766666666667,84.2633333333333,3.525,983.795,56.4026666666667,24.8083333333333,169.915,81.33,15.0766666666667,84.2633333333333,3.525,983.795
2016,119,9,45.3891666666667,38.0416666666667,270.5,131.086666666667,15.6166666666667,83.0283333333334,4.19333333333333,984.253333333334,45.3891666666667,38.0416666666667,270.5,131.086666666667,15.6166666666667,83.0283333333334,4.19333333333333,984.253333333334
2016,119,10,35.4976666666667,306.613333333333,325.635,247.946666666667,16.3783333333333,80.965,4.65,984.743333333334,35.4976666666667,306.613333333333,325.635,247.946666666667,16.3783333333333,80.965,4.65,984.743333333334
2016,119,11,28.2161666666667,774.446666666667,225.108333333333,376.6,18.135,66.4283333333333,4.56166666666667,984.843333333333,28.2161666666667,774.446666666667,225.108333333333,376.6,18.135,66.4283333333333,4.56166666666667,984.843333333333
2016,119,12,25.9256666666667,492.701666666667,277.916666666667,303.341666666667,18.6333333333333,63.1566666666667,4.66333333333333,984.858333333334,25.9256666666667,492.701666666667,277.916666666667,303.341666666667,18.6333333333333,63.1566666666667,4.66333333333333,984.858333333334
2016,119,13,29.7751666666667,419.556666666667,315.635,287.31,19.3966666666667,55.6383333333333,4.77833333333333,984.87,29.7751666666667,419.556666666667,315.635,287.31,19.3966666666667,55.6383333333333,4.77833333333333,984.87
2016,119,14,37.9585,19.5583333333333,265.981666666667,126.026666666667,19.4733333333333,55.375,5.02666666666667,985.184999999999,37.9585,19.5583333333333,265.981666666667,126.026666666667,19.4733333333333,55.375,5.02666666666667,985.184999999999
2016,119,15,48.246,139.62,212.645,131.4,19.4033333333333,56.5433333333334,7.58666666666667,985.549999999999,48.246,139.62,212.645,131.4,19.4033333333333,56.5433333333334,7.58666666666667,985.549999999999
2016,119,16,59.4068333333333,632.885,163.633333333333,203.55,19.2166666666667,54.2266666666667,9.57833333333334,986.19,59.4068333333333,632.885,163.633333333333,203.55,19.2166666666667,54.2266666666667,9.57833333333334,986.19
2016,119,17,70.829,347.323333333333,127.933333333333,96.2566666666666,17.7316666666667,58.14,8.77333333333333,987.201666666667,70.829,347.323333333333,127.933333333333,96.2566666666666,17.7316666666667,58.14,8.77333333333333,987.201666666667
2016,119,18,82.091,362.903333333333,37.765,38.0466666666667,16.0383333333333,62.59,7.90166666666667,987.973333333334,82.091,362.903333333333,37.765,38.0466666666667,16.0383333333333,62.59,7.90166666666667,987.973333333334
2016,119,19,93.0313333333333,11.5933333333333,3.24,1.625,13.8283333333333,69.5483333333333,5.325,988.843333333334,93.0313333333333,11.5933333333333,3.24,1.625,13.8283333333333,69.5483333333333,5.325,988.843333333334
2016,119,20,103.3265,-0.539999999999999,-0.0533333333333333,0,12.635,75.1766666666667,3.83666666666667,989.908333333334,103.3265,-0.539999999999999,-0.0533333333333333,0,12.635,75.1766666666667,3.83666666666667,989.908333333334
2016,119,21,112.279,0.713333333333333,0,0,12.6083333333333,76.7333333333333,3.21666666666667,990.601666666666,112.279,0.713333333333333,0,0,12.6083333333333,76.7333333333333,3.21666666666667,990.601666666666
2016,119,22,119.388,-0.526666666666667,-0.196666666666667,0,12.5433333333333,78.09,3.07333333333333,990.408333333334,119.388,-0.526666666666667,-0.196666666666667,0,12.5433333333333,78.09,3.07333333333333,990.408333333334
2016,119,23,123.902666666667,-0.586666666666666,-0.0266666666666667,0,11.9233333333333,80.6683333333333,2.54833333333333,990.453333333334,123.902666666667,-0.586666666666666,-0.0266666666666667,0,11.9233333333333,80.6683333333333,2.54833333333333,990.453333333334
2016,120,0,125.159666666667,-0.405,-0.0133333333333333,0,11.825,80.645,2.54333333333333,990.426666666667,125.159666666667,-0.405,-0.0133333333333333,0,11.825,80.645,2.54333333333333,990.426666666667
2016,120,1,122.941833333333,-0.09,-0.0116666666666667,0,11.04,84.3133333333333,2.01,990.246666666667,122.941833333333,-0.09,-0.0116666666666667,0,11.04,84.3133333333333,2.01,990.246666666667
2016,120,2,117.623333333333,-0.136666666666667,0,0,10.3083333333333,86.885,2.8,990.835,117.623333333333,-0.136666666666667,0,0,10.3083333333333,86.885,2.8,990.835
2016,120,3,109.9235,-0.00833333333333333,0,0,9.505,89.0116666666666,1.79,991.288333333334,109.9235,-0.00833333333333333,0,0,9.505,89.0116666666666,1.79,991.288333333334
2016,120,4,100.5705,-0.271666666666667,0,0,8.97833333333334,91.2566666666666,1.61666666666667,991.586666666667,100.5705,-0.271666666666667,0,0,8.97833333333334,91.2566666666666,1.61666666666667,991.586666666667
2016,120,5,89.9583333333333,13.21,9.245,4.97796610169491,8.70833333333333,92.3683333333334,2.06666666666667,992.295000000001,89.9583333333333,13.21,9.245,4.97796610169491,8.70833333333333,92.3683333333334,2.06666666666667,992.295000000001
2016,120,6,78.9646666666667,229.1,62.92,43.5166666666667,9.015,92.3033333333333,2.81,991.811666666666,78.9646666666667,229.1,62.92,43.5166666666667,9.015,92.3033333333333,2.81,991.811666666666
2016,120,7,67.5975,1.10833333333333,69.3583333333333,31.5883333333333,9.83333333333333,91.4316666666666,4.8,992.131666666666,67.5975,1.10833333333333,69.3583333333333,31.5883333333333,9.83333333333333,91.4316666666666,4.8,992.131666666666
2016,120,8,56.1848333333333,4.335,197.776666666667,90.4116666666666,10.6316666666667,85.3416666666667,4.87333333333333,992.593333333333,56.1848333333333,4.335,197.776666666667,90.4116666666666,10.6316666666667,85.3416666666667,4.87333333333333,992.593333333333
2016,120,9,45.1543333333333,2.88166666666667,253.73,115.508333333333,11.5,79.1916666666667,4.275,993.025000000001,45.1543333333333,2.88166666666667,253.73,115.508333333333,11.5,79.1916666666667,4.275,993.025000000001
2016,120,10,35.2351666666667,2.22,263.795,121.186666666667,11.5566666666667,78.4916666666667,3.49833333333333,993.211666666666,35.2351666666667,2.22,263.795,121.186666666667,11.5566666666667,78.4916666666667,3.49833333333333,993.211666666666
2016,120,11,27.9173333333333,4.12166666666667,392.911666666667,179.598333333333,11.7433333333333,78.7983333333333,3.88833333333333,993.116666666666,27.9173333333333,4.12166666666667,392.911666666667,179.598333333333,11.7433333333333,78.7983333333333,3.88833333333333,993.116666666666
2016,120,12,25.6218333333333,78.2016666666667,541.15,269.07,12.2616666666667,76.2816666666667,4.75833333333333,992.643333333333,25.6218333333333,78.2016666666667,541.15,269.07,12.2616666666667,76.2816666666667,4.75833333333333,992.643333333333
2016,120,13,29.5151666666667,127.046666666667,506.016666666667,268.645,12.8266666666667,72.4233333333333,3.79166666666667,992.664999999999,29.5151666666667,127.046666666667,506.016666666667,268.645,12.8266666666667,72.4233333333333,3.79166666666667,992.664999999999
2016,120,14,37.7481666666667,91.185,419.986666666667,213.113333333333,13.675,68.6533333333333,2.78,992.498333333333,37.7481666666667,91.185,419.986666666667,213.113333333333,13.675,68.6533333333333,2.78,992.498333333333
2016,120,15,48.0666666666667,152.001666666667,341.445,190.275,14.2483333333333,67.1716666666667,3.12,992.025,48.0666666666667,152.001666666667,341.445,190.275,14.2483333333333,67.1716666666667,3.12,992.025
2016,120,16,59.2423333333333,19.2633333333333,260.751666666667,116.93,14.36,66.6033333333333,4.01833333333333,991.646666666667,59.2423333333333,19.2633333333333,260.751666666667,116.93,14.36,66.6033333333333,4.01833333333333,991.646666666667
2016,120,17,70.6665,1.89,104.006666666667,45.8733333333333,13.99,67.6516666666667,4.515,991.748333333334,70.6665,1.89,104.006666666667,45.8733333333333,13.99,67.6516666666667,4.515,991.748333333334
2016,120,18,81.9235,-0.518333333333333,41.2816666666667,17.9516666666667,13.6616666666667,68.485,4.59,992.046666666667,81.9235,-0.518333333333333,41.2816666666667,17.9516666666667,13.6616666666667,68.485,4.59,992.046666666667
2016,120,19,92.8411666666667,0.0166666666666667,1.60666666666667,0.77,13.1416666666667,71.4116666666666,4.735,992.564999999999,92.8411666666667,0.0166666666666667,1.60666666666667,0.77,13.1416666666667,71.4116666666666,4.735,992.564999999999
2016,120,20,103.1185,-0.18,0,0,12.7666666666667,73.2716666666667,5.72166666666666,992.158333333333,103.1185,-0.18,0,0,12.7666666666667,73.2716666666667,5.72166666666666,992.158333333333
2016,120,21,112.043,-0.405,0,0,11.9666666666667,77.1133333333333,5.77833333333333,991.815000000001,112.043,-0.405,0,0,11.9666666666667,77.1133333333333,5.77833333333333,991.815000000001
2016,120,22,119.121333333333,-0.483333333333334,0,0,11.2433333333333,79.7216666666667,5.65666666666667,991.675,119.121333333333,-0.483333333333334,0,0,11.2433333333333,79.7216666666667,5.65666666666667,991.675
2016,120,23,123.6085,-0.331666666666667,0,0,10.4766666666667,81.6383333333333,5.56,990.806666666667,123.6085,-0.331666666666667,0,0,10.4766666666667,81.6383333333333,5.56,990.806666666667
2016,121,0,124.853166666667,-0.0466666666666667,0,0,10.055,82.7416666666667,5.76,990.250000000001,124.853166666667,-0.0466666666666667,0,0,10.055,82.7416666666667,5.76,990.250000000001
2016,121,1,122.638666666667,0.02,0,0,9.77333333333333,84.2416666666666,5.92333333333333,989.351666666666,122.638666666667,0.02,0,0,9.77333333333333,84.2416666666666,5.92333333333333,989.351666666666
2016,121,2,117.336666666667,0.218333333333333,0,0,9.95666666666667,85.2166666666667,5.59666666666667,989.593333333333,117.336666666667,0.218333333333333,0,0,9.95666666666667,85.2166666666667,5.59666666666667,989.593333333333
2016,121,3,109.659,-0.276666666666667,0,0,10.125,86.75,5.42166666666667,989.551666666666,109.659,-0.276666666666667,0,0,10.125,86.75,5.42166666666667,989.551666666666
2016,121,4,100.327166666667,0,0,0,10.2933333333333,88.085,6.445,989.033333333334,100.327166666667,0,0,0,10.2933333333333,88.085,6.445,989.033333333334
2016,121,5,89.7185,-0.0483333333333333,1.015,0.576666666666667,10.4633333333333,88.4783333333334,6.67,988.711666666667,89.7185,-0.0483333333333333,1.015,0.576666666666667,10.4633333333333,88.4783333333334,6.67,988.711666666667
2016,121,6,78.7501666666667,0,8.89666666666667,4.805,10.345,90.8216666666667,7.25,988.936666666667,78.7501666666667,0,8.89666666666667,4.805,10.345,90.8216666666667,7.25,988.936666666667
2016,121,7,67.386,0.005,22.0933333333333,12.3566666666667,10.395,91.8983333333334,7.95833333333334,988.723333333333,67.386,0.005,22.0933333333333,12.3566666666667,10.395,91.8983333333334,7.95833333333334,988.723333333333
2016,121,8,55.9686666666667,0.143333333333333,61.4883333333333,31.8166666666667,10.79,92.2683333333334,9.03833333333333,988.22,55.9686666666667,0.143333333333333,61.4883333333333,31.8166666666667,10.79,92.2683333333334,9.03833333333333,988.22
2016,121,9,44.925,-0.0166666666666667,81.5166666666667,42.365,11.3333333333333,91.8983333333333,10.5983333333333,987.071666666667,44.925,-0.0166666666666667,81.5166666666667,42.365,11.3333333333333,91.8983333333333,10.5983333333333,987.071666666667
2016,121,10,34.9773333333333,0.418333333333333,130.985,65.565,12.005,90.8716666666666,11.02,985.655,34.9773333333333,0.418333333333333,130.985,65.565,12.005,90.8716666666666,11.02,985.655
2016,121,11,27.6246666666667,-0.271666666666667,61.82,33.8016666666667,12.515,90.4,9.01166666666667,985.708333333333,27.6246666666667,-0.271666666666667,61.82,33.8016666666667,12.515,90.4,9.01166666666667,985.708333333333
2016,121,12,25.323,-0.0333333333333333,56.3866666666667,31.7333333333333,12.9066666666667,91.6533333333333,8.6,985.030000000001,25.323,-0.0333333333333333,56.3866666666667,31.7333333333333,12.9066666666667,91.6533333333333,8.6,985.030000000001
2016,121,13,29.2588333333333,0.568333333333333,44.8333333333333,24.6466666666667,13.4683333333333,91.4866666666666,7.69,984.41,29.2588333333333,0.568333333333333,44.8333333333333,24.6466666666667,13.4683333333333,91.4866666666666,7.69,984.41
2016,121,14,37.5405,0.575,62.3533333333333,33.4,14.145,91.6349999999999,6.78,983.886666666668,37.5405,0.575,62.3533333333333,33.4,14.145,91.6349999999999,6.78,983.886666666668
2016,121,15,47.8891666666667,0.251666666666667,43.595,23.1583333333333,14.5333333333333,92.3533333333333,5.84833333333333,983.74,47.8891666666667,0.251666666666667,43.595,23.1583333333333,14.5333333333333,92.3533333333333,5.84833333333333,983.74
2016,121,16,59.0781666666667,1.24833333333333,54.1883333333333,27.0216666666667,15.2266666666667,92.7650000000001,5.34333333333333,983.561666666666,59.0781666666667,1.24833333333333,54.1883333333333,27.0216666666667,15.2266666666667,92.7650000000001,5.34333333333333,983.561666666666
2016,121,17,70.5045,1.66166666666667,91.9533333333334,41.2633333333333,15.9066666666667,92.055,5.02666666666667,983.576666666666,70.5045,1.66166666666667,91.9533333333334,41.2633333333333,15.9066666666667,92.055,5.02666666666667,983.576666666666
2016,121,18,81.7558333333333,1.03833333333333,49.6716666666667,20.17,16.2733333333333,91.8516666666667,3.94333333333333,983.601666666666,81.7558333333333,1.03833333333333,49.6716666666667,20.17,16.2733333333333,91.8516666666667,3.94333333333333,983.601666666666
2016,121,19,92.651,0.0316666666666667,0.956666666666667,0.545,16.3683333333333,91.7433333333333,2.57666666666667,984.106666666666,92.651,0.0316666666666667,0.956666666666667,0.545,16.3683333333333,91.7433333333333,2.57666666666667,984.106666666666
2016,121,20,102.911666666667,-0.448333333333334,0,0.01,15.9383333333333,92.6316666666667,2.46333333333333,984.726666666667,102.911666666667,-0.448333333333334,0,0.01,15.9383333333333,92.6316666666667,2.46333333333333,984.726666666667
2016,121,21,111.809,-0.278333333333333,-0.00166666666666667,0.00833333333333333,15.995,93.52,1.93,984.865,111.809,-0.278333333333333,-0.00166666666666667,0.00833333333333333,15.995,93.52,1.93,984.865
2016,121,22,118.857,0.998333333333334,0,0.00166666666666667,15.8983333333333,94.0966666666667,3.105,985.208333333334,118.857,0.998333333333334,0,0.00166666666666667,15.8983333333333,94.0966666666667,3.105,985.208333333334
2016,121,23,123.319333333333,0.0266666666666667,-0.0583333333333333,0,15.15,94.42,2.05,984.866666666667,123.319333333333,0.0266666666666667,-0.0583333333333333,0,15.15,94.42,2.05,984.866666666667
2016,122,0,124.5495,0.593333333333333,0,0,14.605,94.9983333333333,3.07166666666667,984.728333333333,124.5495,0.593333333333333,0,0,14.605,94.9983333333333,3.07166666666667,984.728333333333
2016,122,1,122.3405,0.418333333333333,-0.075,0.00166666666666667,14.2383333333333,95.0316666666667,3.43333333333333,985.188333333334,122.3405,0.418333333333333,-0.075,0.00166666666666667,14.2383333333333,95.0316666666667,3.43333333333333,985.188333333334
2016,122,2,117.054166666667,-0.276666666666667,-0.005,0,12.4583333333333,95.2650000000001,2.83833333333333,985.483333333334,117.054166666667,-0.276666666666667,-0.005,0,12.4583333333333,95.2650000000001,2.83833333333333,985.483333333334
2016,122,3,109.399166666667,0.263333333333333,-0.218333333333333,0,11.455,95.325,2.53,985.645,109.399166666667,0.263333333333333,-0.218333333333333,0,11.455,95.325,2.53,985.645
2016,122,4,100.088166666667,0.675,-0.0133333333333333,0,10.7183333333333,95.5583333333334,3.93666666666667,986.119999999999,100.088166666667,0.675,-0.0133333333333333,0,10.7183333333333,95.5583333333334,3.93666666666667,986.119999999999
2016,122,5,89.4963333333333,0.728333333333333,6.70166666666667,3.18666666666667,10.965,95.6999999999999,3.525,986.463333333334,89.4963333333333,0.728333333333333,6.70166666666667,3.18666666666667,10.965,95.6999999999999,3.525,986.463333333334
2016,122,6,78.541,0.876666666666667,53.1783333333333,23.0916666666667,11.09,95.6633333333332,4.29166666666667,986.98,78.541,0.876666666666667,53.1783333333333,23.0916666666667,11.09,95.6633333333332,4.29166666666667,986.98
2016,122,7,67.1801666666667,2.17333333333333,128.106666666667,56.3616666666667,11.2566666666667,95.59,3.92,987.653333333334,67.1801666666667,2.17333333333333,128.106666666667,56.3616666666667,11.2566666666667,95.59,3.92,987.653333333334
2016,122,8,55.7598333333333,3.445,213.915,93.775,11.8216666666667,95.275,3.39166666666667,988.341666666667,55.7598333333333,3.445,213.915,93.775,11.8216666666667,95.275,3.39166666666667,988.341666666667
2016,122,9,44.7011666666667,4.37833333333333,255.935,119.126666666667,12.3766666666667,95.125,3.85333333333333,988.523333333333,44.7011666666667,4.37833333333333,255.935,119.126666666667,12.3766666666667,95.125,3.85333333333333,988.523333333333
2016,122,10,34.7251666666667,1.23,213.763333333333,100.215,13.59,93.5383333333334,2.77166666666667,988.741666666666,34.7251666666667,1.23,213.763333333333,100.215,13.59,93.5383333333334,2.77166666666667,988.741666666666
2016,122,11,27.3365,2.165,264.988333333333,122.288333333333,14.2666666666667,88.1816666666667,2.49322033898305,988.791666666667,27.3365,2.165,264.988333333333,122.288333333333,14.2666666666667,88.1816666666667,2.49322033898305,988.791666666667
2016,122,12,25.0278333333333,2.09666666666667,343.066666666667,156.768333333333,15.0166666666667,85.3283333333333,2.73333333333333,988.554999999999,25.0278333333333,2.09666666666667,343.066666666667,156.768333333333,15.0166666666667,85.3283333333333,2.73333333333333,988.554999999999
2016,122,13,29.006,19.2366666666667,435.81,202.49,16.2866666666667,82.18,2.565,988.206666666666,29.006,19.2366666666667,435.81,202.49,16.2866666666667,82.18,2.565,988.206666666666
2016,122,14,37.335,293.93,412.005,273.138333333333,17.88,77.2383333333333,1.71666666666667,987.563333333333,37.335,293.93,412.005,273.138333333333,17.88,77.2383333333333,1.71666666666667,987.563333333333
2016,122,15,47.7133333333333,100.905,273.083333333333,150.593333333333,18.57,76.54,2.49,986.568333333334,47.7133333333333,100.905,273.083333333333,150.593333333333,18.57,76.54,2.49,986.568333333334
2016,122,16,58.9151666666667,-0.753333333333334,123.115,56.615,18.0916666666667,79.9183333333333,4.21666666666667,985.996666666667,58.9151666666667,-0.753333333333334,123.115,56.615,18.0916666666667,79.9183333333333,4.21666666666667,985.996666666667
2016,122,17,70.343,-2.215,54.9533333333333,26.0016666666667,17.1466666666667,83.9733333333334,5.73666666666667,985.848333333333,70.343,-2.215,54.9533333333333,26.0016666666667,17.1466666666667,83.9733333333334,5.73666666666667,985.848333333333
2016,122,18,81.5908333333333,168.378333333333,67.4783333333334,40.9,15.09,88.54,5.64666666666667,986.245,81.5908333333333,168.378333333333,67.4783333333334,40.9,15.09,88.54,5.64666666666667,986.245
2016,122,19,92.4633333333333,-0.315,1.215,0.668333333333333,13.97,90.15,6.29166666666667,987.440000000001,92.4633333333333,-0.315,1.215,0.668333333333333,13.97,90.15,6.29166666666667,987.440000000001
2016,122,20,102.706166666667,-0.678333333333333,0,0,12.4283333333333,89.8116666666667,7.03,988.393333333333,102.706166666667,-0.678333333333333,0,0,12.4283333333333,89.8116666666667,7.03,988.393333333333
2016,122,21,111.577,-0.136666666666667,0,0,11.19,88.8966666666667,6.99833333333333,988.951666666666,111.577,-0.136666666666667,0,0,11.19,88.8966666666667,6.99833333333333,988.951666666666
2016,122,22,118.5955,0.393333333333333,0,0,10.74,90.15,4.605,989.210000000001,118.5955,0.393333333333333,0,0,10.74,90.15,4.605,989.210000000001
2016,122,23,123.032833333333,0.128333333333333,-0.0166666666666667,0,10.3133333333333,90.36,4.76666666666667,989.443333333332,123.032833333333,0.128333333333333,-0.0166666666666667,0,10.3133333333333,90.36,4.76666666666667,989.443333333332
2016,123,0,124.2515,0.426666666666667,0,-0.00166666666666667,10.18,89.745,4.91,989.801666666667,124.2515,0.426666666666667,0,-0.00166666666666667,10.18,89.745,4.91,989.801666666667
2016,123,1,122.046666666667,0.428333333333334,0,0.0233333333333333,9.95666666666666,89.1033333333333,4.69666666666666,989.744999999999,122.046666666667,0.428333333333334,0,0.0233333333333333,9.95666666666666,89.1033333333333,4.69666666666666,989.744999999999
2016,123,2,116.777333333333,0,0,0.0366666666666667,9.415,89.46,5.08,989.996666666666,116.777333333333,0,0,0.0366666666666667,9.415,89.46,5.08,989.996666666666
2016,123,3,109.143666666667,0.21,0,0.045,9.20833333333334,89.36,5.89166666666667,990.043333333333,109.143666666667,0.21,0,0.045,9.20833333333334,89.36,5.89166666666667,990.043333333333
2016,123,4,99.853,0.065,0,0.06,9.01166666666667,91.1183333333333,5.635,990.503333333333,99.853,0.065,0,0.06,9.01166666666667,91.1183333333333,5.635,990.503333333333
2016,123,5,89.278,0.758333333333333,2.30166666666667,1.3,9.07000000000001,91.4066666666667,4.78666666666667,990.991666666666,89.278,0.758333333333333,2.30166666666667,1.3,9.07000000000001,91.4066666666667,4.78666666666667,990.991666666666
2016,123,6,78.3355,0.646666666666667,22.3033333333333,10.6133333333333,9.01666666666667,93.1866666666667,5.22,990.806666666667,78.3355,0.646666666666667,22.3033333333333,10.6133333333333,9.01666666666667,93.1866666666667,5.22,990.806666666667
2016,123,7,66.9778333333333,0.186666666666667,50.6283333333333,24.1933333333333,8.90333333333334,92.0216666666667,7.52333333333333,990.133333333333,66.9778333333333,0.186666666666667,50.6283333333333,24.1933333333333,8.90333333333334,92.0216666666667,7.52333333333333,990.133333333333
2016,123,8,55.5536666666667,1.03833333333333,136.848333333333,62.6883333333334,8.55666666666667,88.8983333333333,6.9,990.666666666666,55.5536666666667,1.03833333333333,136.848333333333,62.6883333333334,8.55666666666667,88.8983333333333,6.9,990.666666666666
2016,123,9,44.482,1.54833333333333,193.9,88.3016666666666,8.69,85.7566666666667,5.23333333333334,991.350000000001,44.482,1.54833333333333,193.9,88.3016666666666,8.69,85.7566666666667,5.23333333333334,991.350000000001
2016,123,10,34.4778333333333,3.36166666666667,283.228333333333,128.073333333333,9.34333333333333,83.2783333333333,4.79,991.275,34.4778333333333,3.36166666666667,283.228333333333,128.073333333333,9.34333333333333,83.2783333333333,4.79,991.275
2016,123,11,27.0533333333333,9.745,333.815,155.071666666667,10.3483333333333,79.2883333333333,3.63166666666667,991.838333333334,27.0533333333333,9.745,333.815,155.071666666667,10.3483333333333,79.2883333333333,3.63166666666667,991.838333333334
2016,123,12,24.7371666666667,202.781666666667,593.653333333333,336.775,11.8183333333333,75.43,4.09166666666667,991.155,24.7371666666667,202.781666666667,593.653333333333,336.775,11.8183333333333,75.43,4.09166666666667,991.155
2016,123,13,28.7575,5.46,339.88,155.28,12.5983333333333,72.015,4.22833333333333,990.811666666667,28.7575,5.46,339.88,155.28,12.5983333333333,72.015,4.22833333333333,990.811666666667
2016,123,14,37.1333333333333,1.12,165.85,77.9566666666667,12.7583333333333,70.75,3.84833333333333,990.426666666666,37.1333333333333,1.12,165.85,77.9566666666667,12.7583333333333,70.75,3.84833333333333,990.426666666666
2016,123,15,47.54,-0.441666666666667,106.771666666667,50.235,13.0116666666667,68.3916666666667,4.535,989.855000000001,47.54,-0.441666666666667,106.771666666667,50.235,13.0116666666667,68.3916666666667,4.535,989.855000000001
2016,123,16,58.754,1.26833333333333,129.955,59.0316666666667,12.96,67.85,4.35333333333333,989.856666666668,58.754,1.26833333333333,129.955,59.0316666666667,12.96,67.85,4.35333333333333,989.856666666668
2016,123,17,70.1828333333333,0.488333333333333,107.903333333333,47.41,13.4116666666667,64.3933333333333,4.45,989.771666666668,70.1828333333333,0.488333333333333,107.903333333333,47.41,13.4116666666667,64.3933333333333,4.45,989.771666666668
2016,123,18,81.4255,-0.573333333333333,39.2566666666667,18.235,13.0066666666667,68.31,4.03,989.714999999999,81.4255,-0.573333333333333,39.2566666666667,18.235,13.0066666666667,68.31,4.03,989.714999999999
2016,123,19,92.2636666666667,-0.425,3.13666666666667,1.54,12.2916666666667,71.1066666666667,3.475,989.743333333335,92.2636666666667,-0.425,3.13666666666667,1.54,12.2916666666667,71.1066666666667,3.475,989.743333333335
2016,123,20,102.501333333333,-1.18333333333333,-0.183333333333333,0,10.9983333333333,71.4716666666666,3.985,989.991666666666,102.501333333333,-1.18333333333333,-0.183333333333333,0,10.9983333333333,71.4716666666666,3.985,989.991666666666
2016,123,21,111.345666666667,-1.06666666666667,-0.21,0,9.51,78.8116666666667,3.245,990.405,111.345666666667,-1.06666666666667,-0.21,0,9.51,78.8116666666667,3.245,990.405
2016,123,22,118.337833333333,-0.0416666666666667,0,0,8.99,83.215,2.465,990.483333333333,118.337833333333,-0.0416666666666667,0,0,8.99,83.215,2.465,990.483333333333
2016,123,23,122.750333333333,0.175,0,0,7.995,87.9316666666667,2.17333333333333,990.583333333333,122.750333333333,0.175,0,0,7.995,87.9316666666667,2.17333333333333,990.583333333333
2016,124,0,123.9575,0.328333333333334,0,0,7.69,89.155,2.73833333333333,990.301666666666,123.9575,0.328333333333334,0,0,7.69,89.155,2.73833333333333,990.301666666666
2016,124,1,121.756666666667,0.436666666666667,0,0,7.245,88.7683333333334,3.26666666666667,989.806666666667,121.756666666667,0.436666666666667,0,0,7.245,88.7683333333334,3.26666666666667,989.806666666667
2016,124,2,116.504333333333,0.891666666666666,0,0,7.52333333333334,86.8266666666666,2.91,989.431666666668,116.504333333333,0.891666666666666,0,0,7.52333333333334,86.8266666666666,2.91,989.431666666668
2016,124,3,108.892666666667,-0.158333333333333,0,0,7.31666666666667,85.51,3.41333333333333,989.5,108.892666666667,-0.158333333333333,0,0,7.31666666666667,85.51,3.41333333333333,989.5
2016,124,4,99.6223333333333,0.32,0,0,7.25833333333333,81.9633333333333,2.82833333333333,989.515,99.6223333333333,0.32,0,0,7.25833333333333,81.9633333333333,2.82833333333333,989.515
2016,124,5,89.064,1.07333333333333,9.69666666666667,5.15833333333333,7.25166666666667,83.0766666666667,2.485,989.755000000001,89.064,1.07333333333333,9.69666666666667,5.15833333333333,7.25166666666667,83.0766666666667,2.485,989.755000000001
2016,124,6,78.1343333333333,523.15,41.9866666666667,65.865,7.615,81.04,2.465,990.118333333332,78.1343333333333,523.15,41.9866666666667,65.865,7.615,81.04,2.465,990.118333333332
2016,124,7,66.7816666666667,789.693333333333,59.1389830508475,150.386666666667,9.80166666666666,73.1,3.26333333333333,990.129999999999,66.7816666666667,789.693333333333,59.1389830508475,150.386666666667,9.80166666666666,73.1,3.26333333333333,990.129999999999
2016,124,8,55.3536666666667,881.461016949153,69.26,232.15,12.1533333333333,62.9816666666667,4.17666666666667,990.06,55.3536666666667,881.461016949153,69.26,232.15,12.1533333333333,62.9816666666667,4.17666666666667,990.06
2016,124,9,44.2683333333333,925.638333333333,78.7566666666667,301.095,13.8566666666667,51.0933333333333,5.36,989.928333333334,44.2683333333333,925.638333333333,78.7566666666667,301.095,13.8566666666667,51.0933333333333,5.36,989.928333333334
2016,124,10,34.2363333333333,906.453333333333,123.166666666667,353.116666666667,14.8816666666667,45.705,4.66333333333333,989.616666666667,34.2363333333333,906.453333333333,123.166666666667,353.116666666667,14.8816666666667,45.705,4.66333333333333,989.616666666667
2016,124,11,26.7741666666667,759.661666666667,222.305,367.34,15.8916666666667,39.925,4.75666666666667,988.96,26.7741666666667,759.661666666667,222.305,367.34,15.8916666666667,39.925,4.75666666666667,988.96
2016,124,12,24.4493333333333,620.501666666667,307.768333333333,357.08,16.595,40.45,5.16666666666667,988.238333333333,24.4493333333333,620.501666666667,307.768333333333,357.08,16.595,40.45,5.16666666666667,988.238333333333
2016,124,13,28.5115,285.965,308.07,234.881666666667,17.0666666666667,39.44,5.155,987.676666666666,28.5115,285.965,308.07,234.881666666667,17.0666666666667,39.44,5.155,987.676666666666
2016,124,14,36.934,64.155,202.243333333333,110.72,17.0883333333333,39.255,4.91,987.18,36.934,64.155,202.243333333333,110.72,17.0883333333333,39.255,4.91,987.18
2016,124,15,47.369,278.661666666667,292.433333333333,200.571666666667,17.555,36.135,4.8,986.553333333333,47.369,278.661666666667,292.433333333333,200.571666666667,17.555,36.135,4.8,986.553333333333
2016,124,16,58.5945,14.6733333333333,170.321666666667,78.81,17.1583333333333,39.495,6.29666666666667,986.189999999999,58.5945,14.6733333333333,170.321666666667,78.81,17.1583333333333,39.495,6.29666666666667,986.189999999999
2016,124,17,70.0248333333333,64.4583333333333,93.5416666666667,43.7421052631579,17.0116666666667,41.4216666666667,4.74166666666667,985.891666666667,70.0248333333333,64.4583333333333,93.5416666666667,43.7421052631579,17.0116666666667,41.4216666666667,4.74166666666667,985.891666666667
2016,124,18,81.261,299.255,68.2833333333334,39.109756097561,17.2433333333333,40.955,4.93,985.373333333335,81.261,299.255,68.2833333333334,39.109756097561,17.2433333333333,40.955,4.93,985.373333333335
2016,124,19,92.078,-2.23833333333333,2.915,1.60166666666667,14.8033333333333,54.105,4.90833333333333,985.375000000001,92.078,-2.23833333333333,2.915,1.60166666666667,14.8033333333333,54.105,4.90833333333333,985.375000000001
2016,124,20,102.299666666667,-0.26,-0.101666666666667,0,13.3966666666667,62.6,5.01,985.305,102.299666666667,-0.26,-0.101666666666667,0,13.3966666666667,62.6,5.01,985.305
2016,124,21,111.117166666667,-0.0533333333333333,-0.00833333333333333,0,12.8016666666667,66.6716666666667,6.125,984.886666666667,111.117166666667,-0.0533333333333333,-0.00833333333333333,0,12.8016666666667,66.6716666666667,6.125,984.886666666667
2016,124,22,118.081333333333,-0.29,-0.0266666666666667,0,12.25,71.2066666666667,6.105,983.993333333333,118.081333333333,-0.29,-0.0266666666666667,0,12.25,71.2066666666667,6.105,983.993333333333
2016,124,23,122.470666666667,-0.433333333333333,-0.00333333333333333,0,11.605,73.0183333333333,6.37333333333333,983.205,122.470666666667,-0.433333333333333,-0.00333333333333333,0,11.605,73.0183333333333,6.37333333333333,983.205
2016,125,0,123.668,0.165,0,0,11,75.8166666666667,6.22166666666667,982.211666666667,123.668,0.165,0,0,11,75.8166666666667,6.22166666666667,982.211666666667
2016,125,1,121.472,0.631666666666666,0,0,11.605,71.9366666666667,7.49833333333333,981.1,121.472,0.631666666666666,0,0,11.605,71.9366666666667,7.49833333333333,981.1
2016,125,2,116.237333333333,-1.05166666666667,0.01,0,11.7916666666667,72.095,8.565,979.731666666667,116.237333333333,-1.05166666666667,0.01,0,11.7916666666667,72.095,8.565,979.731666666667
2016,125,3,108.646166666667,-0.633333333333334,0,0,11.2733333333333,79.1866666666667,9.135,980.208333333333,108.646166666667,-0.633333333333334,0,0,11.2733333333333,79.1866666666667,9.135,980.208333333333
2016,125,4,99.397,0.1,0,0,10.3483333333333,88.5083333333333,5.575,979.275,99.397,0.1,0,0,10.3483333333333,88.5083333333333,5.575,979.275
2016,125,5,88.8541666666667,54.6633333333333,13.58,4.58039215686274,9.92499999999999,89.6783333333333,4.12833333333333,979.493333333334,88.8541666666667,54.6633333333333,13.58,4.58039215686274,9.92499999999999,89.6783333333333,4.12833333333333,979.493333333334
2016,125,6,77.939,290.735,79.9333333333333,54.2322033898305,10.1333333333333,90.2216666666666,4.37,980.188333333334,77.939,290.735,79.9333333333333,54.2322033898305,10.1333333333333,90.2216666666666,4.37,980.188333333334
2016,125,7,66.589,699.995,82.8633333333333,145.753333333333,10.9516666666667,83.875,6.91166666666667,980.693333333334,66.589,699.995,82.8633333333333,145.753333333333,10.9516666666667,83.875,6.91166666666667,980.693333333334
2016,125,8,55.159,388.823333333333,173.336666666667,160.813559322034,11.53,75.3633333333334,9.72666666666667,981.233333333333,55.159,388.823333333333,173.336666666667,160.813559322034,11.53,75.3633333333334,9.72666666666667,981.233333333333
2016,125,9,44.0595,517.691666666666,240.351666666667,253.053333333333,11.6733333333333,73.8516666666667,8.78833333333333,981.871666666667,44.0595,517.691666666666,240.351666666667,253.053333333333,11.6733333333333,73.8516666666667,8.78833333333333,981.871666666667
2016,125,10,34.0006666666667,503.76,274.035,285.745,12.5683333333333,66.7166666666667,8.25,982.281666666668,34.0006666666667,503.76,274.035,285.745,12.5683333333333,66.7166666666667,8.25,982.281666666668
2016,125,11,26.5013333333333,259.623333333333,302.878333333333,225.271666666667,12.965,60.4866666666667,9.905,982.628333333333,26.5013333333333,259.623333333333,302.878333333333,225.271666666667,12.965,60.4866666666667,9.905,982.628333333333
2016,125,12,24.1673333333333,318.856666666667,319.646666666667,255.901666666667,12.96,58.0083333333333,11.465,982.815000000001,24.1673333333333,318.856666666667,319.646666666667,255.901666666667,12.96,58.0083333333333,11.465,982.815000000001
2016,125,13,28.2691666666667,279.561666666667,387.26,266.668333333333,13.0983333333333,52.955,12.1083333333333,983.053333333333,28.2691666666667,279.561666666667,387.26,266.668333333333,13.0983333333333,52.955,12.1083333333333,983.053333333333
2016,125,14,36.7378333333333,60.24,220.778333333333,118.268333333333,12.55,56.155,10.6833333333333,983.52,36.7378333333333,60.24,220.778333333333,118.268333333333,12.55,56.155,10.6833333333333,983.52
2016,125,15,47.1993333333333,48.0733333333333,227.13,112.053333333333,12.2216666666667,57.6983333333333,10.1666666666667,984.001666666666,47.1993333333333,48.0733333333333,227.13,112.053333333333,12.2216666666667,57.6983333333333,10.1666666666667,984.001666666666
2016,125,16,58.4371666666667,2.36333333333333,164.161666666667,72.0016666666667,12.26,57.58,9.83,984.355,58.4371666666667,2.36333333333333,164.161666666667,72.0016666666667,12.26,57.58,9.83,984.355
2016,125,17,69.8673333333333,120.15,130.248333333333,68.1783333333333,11.9633333333333,62.3716666666666,6.82166666666667,984.546666666667,69.8673333333333,120.15,130.248333333333,68.1783333333333,11.9633333333333,62.3716666666666,6.82166666666667,984.546666666667
2016,125,18,81.0986666666667,236.328333333333,50.1016666666667,37.8981818181818,12.375,61.1266666666667,5.55166666666667,984.581666666665,81.0986666666667,236.328333333333,50.1016666666667,37.8981818181818,12.375,61.1266666666667,5.55166666666667,984.581666666665
2016,125,19,91.8936666666667,7.36333333333334,2.61333333333333,0.970689655172414,11.8033333333333,67.0383333333334,3.35333333333333,984.721666666667,91.8936666666667,7.36333333333334,2.61333333333333,0.970689655172414,11.8033333333333,67.0383333333334,3.35333333333333,984.721666666667
2016,125,20,102.099166666667,-0.195,-0.0766666666666667,0,10.945,69.235,2.45666666666667,984.933333333334,102.099166666667,-0.195,-0.0766666666666667,0,10.945,69.235,2.45666666666667,984.933333333334
2016,125,21,110.891833333333,-0.218333333333333,-0.228333333333333,0,10.7916666666667,67.9783333333333,1.205,985.074999999999,110.891833333333,-0.218333333333333,-0.228333333333333,0,10.7916666666667,67.9783333333333,1.205,985.074999999999
2016,125,22,117.828,-0.93,-0.17,0,10.225,73.185,2.93833333333333,984.943333333334,117.828,-0.93,-0.17,0,10.225,73.185,2.93833333333333,984.943333333334
2016,125,23,122.196166666667,0.0533333333333334,0,0,7.88833333333333,78.1466666666667,6.39166666666667,985.545,122.196166666667,0.0533333333333334,0,0,7.88833333333333,78.1466666666667,6.39166666666667,985.545
2016,126,0,123.382666666667,0.218333333333333,-0.188333333333333,0,6.55166666666666,78.805,5.30166666666667,985.841666666667,123.382666666667,0.218333333333333,-0.188333333333333,0,6.55166666666666,78.805,5.30166666666667,985.841666666667
2016,126,1,121.192166666667,-0.0133333333333333,-0.356666666666666,0,5.91,76.7633333333333,5.92833333333333,985.476666666668,121.192166666667,-0.0133333333333333,-0.356666666666666,0,5.91,76.7633333333333,5.92833333333333,985.476666666668
2016,126,2,115.974333333333,0.716666666666666,-0.151666666666667,0,5.26333333333333,79.7766666666667,6.07166666666667,985.295,115.974333333333,0.716666666666666,-0.151666666666667,0,5.26333333333333,79.7766666666667,6.07166666666667,985.295
2016,126,3,108.405333333333,0.968333333333334,-0.0633333333333333,0,4.87,81.0866666666666,6.66333333333333,985.391666666666,108.405333333333,0.968333333333334,-0.0633333333333333,0,4.87,81.0866666666666,6.66333333333333,985.391666666666
2016,126,4,99.1766666666667,0.818333333333332,-0.0966666666666667,0,4.65833333333333,82.2516666666667,7.71166666666667,985.86,99.1766666666667,0.818333333333332,-0.0966666666666667,0,4.65833333333333,82.2516666666667,7.71166666666667,985.86
2016,126,5,88.6356666666667,1.34833333333333,11.7033333333333,5.35166666666667,4.625,82.24,6.78,986.805,88.6356666666667,1.34833333333333,11.7033333333333,5.35166666666667,4.625,82.24,6.78,986.805
2016,126,6,77.7471666666667,2.63,94.5233333333333,40.065,5.21666666666667,81.3633333333333,6.56666666666667,987.651666666666,77.7471666666667,2.63,94.5233333333333,40.065,5.21666666666667,81.3633333333333,6.56666666666667,987.651666666666
2016,126,7,66.4021666666667,19.845,166.271666666667,75.8033333333333,6.135,78.5566666666667,8.445,988.415,66.4021666666667,19.845,166.271666666667,75.8033333333333,6.135,78.5566666666667,8.445,988.415
2016,126,8,54.969,221.243333333333,246.09,163.468333333333,7.21666666666667,75.9983333333334,8.87,989.031666666667,54.969,221.243333333333,246.09,163.468333333333,7.21666666666667,75.9983333333334,8.87,989.031666666667
2016,126,9,43.8571666666667,800.083333333334,142.605,297.636666666667,9.37666666666667,71.775,7.05333333333334,989.425,43.8571666666667,800.083333333334,142.605,297.636666666667,9.37666666666667,71.775,7.05333333333334,989.425
2016,126,10,33.77,877.118333333333,132.535,352.763333333333,11.685,66.5033333333333,6.49666666666667,989.710000000001,33.77,877.118333333333,132.535,352.763333333333,11.685,66.5033333333333,6.49666666666667,989.710000000001
2016,126,11,26.234,825.646666666667,181.035,377.173333333333,13.4866666666667,59.805,7.645,989.65,26.234,825.646666666667,181.035,377.173333333333,13.4866666666667,59.805,7.645,989.65
2016,126,12,23.8891666666667,733.263333333333,239.275,371.983333333333,15.07,53.115,8.15166666666667,989.328333333334,23.8891666666667,733.263333333333,239.275,371.983333333333,15.07,53.115,8.15166666666667,989.328333333334
2016,126,13,28.0315,686.661666666667,224.495,338.955,16.5283333333333,45.0383333333333,8.02833333333334,989.036666666667,28.0315,686.661666666667,224.495,338.955,16.5283333333333,45.0383333333333,8.02833333333334,989.036666666667
2016,126,14,36.544,488.408333333333,237.708333333333,258.611666666667,17.3383333333333,38.805,7.15833333333333,988.951666666667,36.544,488.408333333333,237.708333333333,258.611666666667,17.3383333333333,38.805,7.15833333333333,988.951666666667
2016,126,15,47.032,535.371666666667,187.5,225.715,18.0216666666667,35.7983333333333,6.39666666666667,988.774999999998,47.032,535.371666666667,187.5,225.715,18.0216666666667,35.7983333333333,6.39666666666667,988.774999999998
2016,126,16,58.281,625.245,181.963333333333,199.54,18.3766666666667,34.92,5.86333333333333,988.681666666666,58.281,625.245,181.963333333333,199.54,18.3766666666667,34.92,5.86333333333333,988.681666666666
2016,126,17,69.7101666666667,454.525,103.653333333333,103.101666666667,18.2966666666667,34.5833333333333,5.80833333333333,988.699999999999,69.7101666666667,454.525,103.653333333333,103.101666666667,18.2966666666667,34.5833333333333,5.80833333333333,988.699999999999
2016,126,18,80.936,187.391666666667,44.1516666666666,31.16,17.6716666666667,38.5883333333333,4.36666666666666,988.71,80.936,187.391666666667,44.1516666666666,31.16,17.6716666666667,38.5883333333333,4.36666666666666,988.71
2016,126,19,91.7118333333333,15.325,4.27333333333334,1.91052631578947,16.0466666666667,47.9016666666667,3.70833333333333,989.003333333333,91.7118333333333,15.325,4.27333333333334,1.91052631578947,16.0466666666667,47.9016666666667,3.70833333333333,989.003333333333
2016,126,20,101.899333333333,-0.18,-0.163333333333333,0,14.8783333333333,52.75,2.98666666666667,989.643333333333,101.899333333333,-0.18,-0.163333333333333,0,14.8783333333333,52.75,2.98666666666667,989.643333333333
2016,126,21,110.667833333333,-0.443333333333333,-0.345,0,13.7266666666667,57.6516666666666,1.99166666666667,990.163333333333,110.667833333333,-0.443333333333333,-0.345,0,13.7266666666667,57.6516666666666,1.99166666666667,990.163333333333
2016,126,22,117.578666666667,0.516666666666667,-0.131666666666667,0,13.7316666666667,56.575,2.01833333333333,990.214999999999,117.578666666667,0.516666666666667,-0.131666666666667,0,13.7316666666667,56.575,2.01833333333333,990.214999999999
2016,126,23,121.925333333333,0.861666666666666,-0.193333333333333,0,12.8983333333333,59.045,1.5,990.311666666667,121.925333333333,0.861666666666666,-0.193333333333333,0,12.8983333333333,59.045,1.5,990.311666666667
2016,127,0,123.102,0.634999999999999,-0.178333333333333,0,11.5883333333333,64.82,1.59666666666667,990.646666666666,123.102,0.634999999999999,-0.178333333333333,0,11.5883333333333,64.82,1.59666666666667,990.646666666666
2016,127,1,120.917333333333,0.318333333333333,-0.261666666666667,0,10.135,71.5816666666667,1.955,990.564999999999,120.917333333333,0.318333333333333,-0.261666666666667,0,10.135,71.5816666666667,1.955,990.564999999999
2016,127,2,115.716666666667,0.655,-0.128333333333333,0,10.11,71.165,1.88333333333333,990.243333333332,115.716666666667,0.655,-0.128333333333333,0,10.11,71.165,1.88333333333333,990.243333333332
2016,127,3,108.169166666667,0.495,-0.13,0,8.60333333333334,77.4916666666667,2.51666666666667,990.134999999998,108.169166666667,0.495,-0.13,0,8.60333333333334,77.4916666666667,2.51666666666667,990.134999999998
2016,127,4,98.9601666666667,0.578333333333333,-0.0566666666666667,0,8.2,79.1383333333333,2.725,990.341666666667,98.9601666666667,0.578333333333333,-0.0566666666666667,0,8.2,79.1383333333333,2.725,990.341666666667
2016,127,5,88.4348333333333,66.765,12.2916666666667,4.52708333333333,7.95666666666667,79.8766666666667,1.765,990.763333333334,88.4348333333333,66.765,12.2916666666667,4.52708333333333,7.95666666666667,79.8766666666667,1.765,990.763333333334
2016,127,6,77.5606666666667,89.97,61.2016666666667,28.7941176470588,7.83833333333333,82.42,1.64,991.448333333333,77.5606666666667,89.97,61.2016666666667,28.7941176470588,7.83833333333333,82.42,1.64,991.448333333333
2016,127,7,66.2198333333333,319.176666666667,151.711666666667,114.117543859649,10.9116666666667,72.54,3.30833333333334,991.836666666668,66.2198333333333,319.176666666667,151.711666666667,114.117543859649,10.9116666666667,72.54,3.30833333333334,991.836666666668
2016,127,8,54.785,243.421666666667,192.14,132.736666666667,14.8416666666667,49.9383333333333,5.47333333333333,991.946666666667,54.785,243.421666666667,192.14,132.736666666667,14.8416666666667,49.9383333333333,5.47333333333333,991.946666666667
2016,127,9,43.6591666666667,493.276666666667,247.121666666667,252.781666666667,16,45.755,5.62166666666667,991.89,43.6591666666667,493.276666666667,247.121666666667,252.781666666667,16,45.755,5.62166666666667,991.89
2016,127,10,33.5451666666667,804.038333333333,182.348333333333,345.921666666667,18.6816666666667,34.1633333333333,6.10666666666667,991.418333333333,33.5451666666667,804.038333333333,182.348333333333,345.921666666667,18.6816666666667,34.1633333333333,6.10666666666667,991.418333333333
2016,127,11,25.9711666666667,692.035,259.821666666667,361.891666666667,20.0516666666667,26.4966666666667,4.37666666666667,990.789999999999,25.9711666666667,692.035,259.821666666667,361.891666666667,20.0516666666667,26.4966666666667,4.37666666666667,990.789999999999
2016,127,12,23.6153333333333,797.033333333334,217.056666666667,385.64,21.0583333333333,26.8266666666667,3.12666666666667,989.955,23.6153333333333,797.033333333334,217.056666666667,385.64,21.0583333333333,26.8266666666667,3.12666666666667,989.955
2016,127,13,27.7965,413.493333333333,376.878333333333,306.386666666667,22.2066666666667,26.155,3.185,989.086666666667,27.7965,413.493333333333,376.878333333333,306.386666666667,22.2066666666667,26.155,3.185,989.086666666667
2016,127,14,36.3541666666667,328.233333333333,331.18,254.251666666667,23.2,25.2016666666667,4.88333333333333,988.395,36.3541666666667,328.233333333333,331.18,254.251666666667,23.2,25.2016666666667,4.88333333333333,988.395
2016,127,15,46.8665,648.37,202.251666666667,264.395,24.8533333333333,23.35,5.95166666666667,987.291666666667,46.8665,648.37,202.251666666667,264.395,24.8533333333333,23.35,5.95166666666667,987.291666666667
2016,127,16,58.1251666666667,671.936666666667,122.756666666667,195.395,25.7666666666667,23.265,6.53333333333333,986.406666666666,58.1251666666667,671.936666666667,122.756666666667,195.395,25.7666666666667,23.265,6.53333333333333,986.406666666666
2016,127,17,69.5566666666667,491.16,100.011666666667,109.653333333333,25.7033333333333,24.7566666666667,7.04333333333333,985.855,69.5566666666667,491.16,100.011666666667,109.653333333333,25.7033333333333,24.7566666666667,7.04333333333333,985.855
2016,127,18,80.7753333333333,241.798333333333,61.3183333333333,39.45,25.2533333333333,27.1533333333333,5.04166666666667,985.393333333334,80.7753333333333,241.798333333333,61.3183333333333,39.45,25.2533333333333,27.1533333333333,5.04166666666667,985.393333333334
2016,127,19,91.5306666666667,11.7183333333333,5.535,2.55166666666667,23.0416666666667,33.1266666666667,4.46,985.07,91.5306666666667,11.7183333333333,5.535,2.55166666666667,23.0416666666667,33.1266666666667,4.46,985.07
2016,127,20,101.7035,-0.565,-0.331666666666667,0,20.9933333333333,40.0883333333333,4.14666666666667,985.149999999999,101.7035,-0.565,-0.331666666666667,0,20.9933333333333,40.0883333333333,4.14666666666667,985.149999999999
2016,127,21,110.447166666667,-0.566666666666666,-0.4,0,18.9783333333333,48.3883333333333,4.76333333333333,985.401666666667,110.447166666667,-0.566666666666666,-0.4,0,18.9783333333333,48.3883333333333,4.76333333333333,985.401666666667
2016,127,22,117.332333333333,-0.518333333333333,-0.306666666666667,0,17.215,57.1833333333333,5.04,985.318333333333,117.332333333333,-0.518333333333333,-0.306666666666667,0,17.215,57.1833333333333,5.04,985.318333333333
2016,127,23,121.657833333333,0.215,-0.148333333333333,0,16.9533333333333,59.1283333333333,5.64333333333333,984.923333333334,121.657833333333,0.215,-0.148333333333333,0,16.9533333333333,59.1283333333333,5.64333333333333,984.923333333334
2016,128,0,122.8265,0.726666666666667,-0.01,0,17.6716666666667,55.3633333333333,7.10666666666667,984.635,122.8265,0.726666666666667,-0.01,0,17.6716666666667,55.3633333333333,7.10666666666667,984.635
2016,128,1,120.647833333333,-0.556666666666667,-0.0133333333333333,0,17.4133333333333,55.7416666666667,6.79,984.321666666666,120.647833333333,-0.556666666666667,-0.0133333333333333,0,17.4133333333333,55.7416666666667,6.79,984.321666666666
2016,128,2,115.464,0.178333333333333,0,0,17.0633333333333,57.2666666666667,6.78166666666666,984.018333333333,115.464,0.178333333333333,0,0,17.0633333333333,57.2666666666667,6.78166666666666,984.018333333333
2016,128,3,107.937666666667,0.14,0,0,17.0433333333333,58.5233333333333,6.93166666666667,983.960000000001,107.937666666667,0.14,0,0,17.0433333333333,58.5233333333333,6.93166666666667,983.960000000001
2016,128,4,98.7491666666667,-0.253333333333333,-0.00166666666666667,0,16.5083333333333,61.9483333333334,5.74333333333333,983.855000000001,98.7491666666667,-0.253333333333333,-0.00166666666666667,0,16.5083333333333,61.9483333333334,5.74333333333333,983.855000000001
2016,128,5,88.2403333333333,0.83,11.1766666666667,5.52166666666667,16.2133333333333,63.7,6.61333333333333,983.736666666667,88.2403333333333,0.83,11.1766666666667,5.52166666666667,16.2133333333333,63.7,6.61333333333333,983.736666666667
2016,128,6,77.379,10.82,75.4583333333333,33.345,17.315,60.4483333333333,8.19333333333333,983.845,77.379,10.82,75.4583333333333,33.345,17.315,60.4483333333333,8.19333333333333,983.845
2016,128,7,66.042,54.6366666666667,176.595,85.4666666666667,18.9216666666667,55.4383333333333,11.6166666666667,983.269999999999,66.042,54.6366666666667,176.595,85.4666666666667,18.9216666666667,55.4383333333333,11.6166666666667,983.269999999999
2016,128,8,54.6055,4.25166666666667,170.168333333333,77.8166666666666,20.2633333333333,52.2466666666667,11.355,983.490000000001,54.6055,4.25166666666667,170.168333333333,77.8166666666666,20.2633333333333,52.2466666666667,11.355,983.490000000001
2016,128,9,43.4678333333333,14.3966666666667,254.016666666667,118.478333333333,21.2166666666667,50.0733333333333,10.0733333333333,984.263333333334,43.4678333333333,14.3966666666667,254.016666666667,118.478333333333,21.2166666666667,50.0733333333333,10.0733333333333,984.263333333334
2016,128,10,33.3261666666667,20.755,315.765,148.996666666667,21.7516666666667,48.3566666666667,6.85666666666667,983.925000000001,33.3261666666667,20.755,315.765,148.996666666667,21.7516666666667,48.3566666666667,6.85666666666667,983.925000000001
2016,128,11,25.7145,268.265454545455,357.395,248.771666666667,23.3766666666667,44.015,5.38,983.405,25.7145,268.265454545455,357.395,248.771666666667,23.3766666666667,44.015,5.38,983.405
2016,128,12,23.3471666666667,4.2,144.226666666667,71.49,22.7833333333333,50.8433333333333,7.11,984.466666666667,23.3471666666667,4.2,144.226666666667,71.49,22.7833333333333,50.8433333333333,7.11,984.466666666667
2016,128,13,27.5651666666667,270.77,252.935,208.67,21.1466666666667,65.43,3.60666666666667,982.923333333334,27.5651666666667,270.77,252.935,208.67,21.1466666666667,65.43,3.60666666666667,982.923333333334
2016,128,14,36.1646666666667,616.868333333333,244.601666666667,313.083333333333,23.695,48.5866666666667,4.93833333333333,983.306666666667,36.1646666666667,616.868333333333,244.601666666667,313.083333333333,23.695,48.5866666666667,4.93833333333333,983.306666666667
2016,128,15,46.7031666666667,685.411666666667,172.913333333333,272.743333333333,23.7766666666667,47.4916666666667,8.605,983.050000000001,46.7031666666667,685.411666666667,172.913333333333,272.743333333333,23.7766666666667,47.4916666666667,8.605,983.050000000001
2016,128,16,57.9728333333333,234.565,174.413333333333,131.438333333333,20.955,48.1716666666667,10.2333333333333,983.745,57.9728333333333,234.565,174.413333333333,131.438333333333,20.955,48.1716666666667,10.2333333333333,983.745
2016,128,17,69.403,0.958333333333333,133.436666666667,58.6383333333333,18.6433333333333,38.4816666666667,9.37166666666667,983.965,69.403,0.958333333333333,133.436666666667,58.6383333333333,18.6433333333333,38.4816666666667,9.37166666666667,983.965
2016,128,18,80.6158333333333,38.1533333333334,73.0233333333334,32.9916666666667,17.065,32.8583333333333,7.78833333333333,984.276666666667,80.6158333333333,38.1533333333334,73.0233333333334,32.9916666666667,17.065,32.8583333333333,7.78833333333333,984.276666666667
2016,128,19,91.3633333333333,-0.77,2.45,1.185,15.6166666666667,31.3066666666667,4.55833333333333,985.608333333334,91.3633333333333,-0.77,2.45,1.185,15.6166666666667,31.3066666666667,4.55833333333333,985.608333333334
2016,128,20,101.508333333333,-0.288333333333333,-0.08,0,14.6933333333333,33.035,3.07166666666667,986.755,101.508333333333,-0.288333333333333,-0.08,0,14.6933333333333,33.035,3.07166666666667,986.755
2016,128,21,110.228,-0.365,-0.231666666666667,0,14.1133333333333,34.0683333333333,2,987.29,110.228,-0.365,-0.231666666666667,0,14.1133333333333,34.0683333333333,2,987.29
2016,128,22,117.088666666667,0.53,-0.01,0,13.84,33.3816666666667,1.51666666666667,987.618333333333,117.088666666667,0.53,-0.01,0,13.84,33.3816666666667,1.51666666666667,987.618333333333
2016,128,23,121.394833333333,0.415,-0.301666666666667,0,13.725,35.9216666666667,1.02166666666667,988.021666666666,121.394833333333,0.415,-0.301666666666667,0,13.725,35.9216666666667,1.02166666666667,988.021666666666
2016,129,0,122.554833333333,0.123333333333333,-0.39,0,13.315,34.6066666666667,1.02,987.608333333333,122.554833333333,0.123333333333333,-0.39,0,13.315,34.6066666666667,1.02,987.608333333333
2016,129,1,120.382,-0.435,-0.325,0,12.6866666666667,36.265,1.05121951219512,986.975,120.382,-0.435,-0.325,0,12.6866666666667,36.265,1.05121951219512,986.975
2016,129,2,115.216666666667,0.628333333333333,-0.015,0,11.9983333333333,54.96,2.795,987.205000000001,115.216666666667,0.628333333333333,-0.015,0,11.9983333333333,54.96,2.795,987.205000000001
2016,129,3,107.7105,-1.22833333333333,0.0383333333333333,0,12.28,53.2016666666667,2.97666666666667,987.535,107.7105,-1.22833333333333,0.0383333333333333,0,12.28,53.2016666666667,2.97666666666667,987.535
2016,129,4,98.5428333333333,-0.145,0.205,0,12.0583333333333,61.995,1.42241379310345,987.868333333333,98.5428333333333,-0.145,0.205,0,12.0583333333333,61.995,1.42241379310345,987.868333333333
2016,129,5,88.0495,-0.591666666666666,2.05,0.956666666666666,12.1666666666667,61.65,0.996491228070175,988.495,88.0495,-0.591666666666666,2.05,0.956666666666666,12.1666666666667,61.65,0.996491228070175,988.495
2016,129,6,77.2021666666667,-1.21333333333333,5.18,2.85,11.1583333333333,70.9666666666667,1.19,989.015,77.2021666666667,-1.21333333333333,5.18,2.85,11.1583333333333,70.9666666666667,1.19,989.015
2016,129,7,65.8708333333333,1.38333333333333,51.92,24.0616666666667,10.9083333333333,73.4783333333334,1.40666666666667,989.393333333334,65.8708333333333,1.38333333333333,51.92,24.0616666666667,10.9083333333333,73.4783333333334,1.40666666666667,989.393333333334
2016,129,8,54.4321666666667,0.891666666666666,83.8066666666667,39.52,11.5683333333333,69.3916666666667,2.25666666666667,989.655,54.4321666666667,0.891666666666666,83.8066666666667,39.52,11.5683333333333,69.3916666666667,2.25666666666667,989.655
2016,129,9,43.2806666666667,1.355,102.351666666667,48.72,11.69,73.97,3.18,990.186666666667,43.2806666666667,1.355,102.351666666667,48.72,11.69,73.97,3.18,990.186666666667
2016,129,10,33.1131666666667,2.05333333333334,125.693333333333,59.535,12.0683333333333,75.5016666666667,2.31333333333333,991.035,33.1131666666667,2.05333333333334,125.693333333333,59.535,12.0683333333333,75.5016666666667,2.31333333333333,991.035
2016,129,11,25.4633333333333,1.47,211.751666666667,98.675,12.665,75.245,4.32666666666667,990.316666666666,25.4633333333333,1.47,211.751666666667,98.675,12.665,75.245,4.32666666666667,990.316666666666
2016,129,12,23.082,1.895,273.945,124.86,13.8283333333333,68.9833333333333,5.94666666666667,989.024999999999,23.082,1.895,273.945,124.86,13.8283333333333,68.9833333333333,5.94666666666667,989.024999999999
2016,129,13,27.338,40.99,359.07,170.63,14.8933333333333,64.4216666666667,5.52666666666667,988.588333333334,27.338,40.99,359.07,170.63,14.8933333333333,64.4216666666667,5.52666666666667,988.588333333334
2016,129,14,35.9791666666667,209.438333333333,422.945,247.248333333333,16.5316666666667,59.1383333333333,4.19,988.445000000001,35.9791666666667,209.438333333333,422.945,247.248333333333,16.5316666666667,59.1383333333333,4.19,988.445000000001
2016,129,15,46.542,88.695,383.855,185.716666666667,17.42,54.7816666666667,3.04833333333333,988.346666666666,46.542,88.695,383.855,185.716666666667,17.42,54.7816666666667,3.04833333333333,988.346666666666
2016,129,16,57.8216666666667,33.8866666666667,235.68,107.318333333333,17.875,51.6783333333333,2.26666666666667,988.685000000001,57.8216666666667,33.8866666666667,235.68,107.318333333333,17.875,51.6783333333333,2.26666666666667,988.685000000001
2016,129,17,69.2495,12.1683333333333,144.505,63.355,17.7733333333333,54.9366666666667,2.76,988.2,69.2495,12.1683333333333,144.505,63.355,17.7733333333333,54.9366666666667,2.76,988.2
2016,129,18,80.4578333333333,0.0416666666666669,48.355,20.74,16.7366666666667,64.0433333333333,3.70833333333333,987.561666666667,80.4578333333333,0.0416666666666669,48.355,20.74,16.7366666666667,64.0433333333333,3.70833333333333,987.561666666667
2016,129,19,91.1858333333333,-0.343333333333333,2.625,1.21666666666667,15.6683333333333,71.4183333333333,4.07166666666667,987.473333333334,91.1858333333333,-0.343333333333333,2.625,1.21666666666667,15.6683333333333,71.4183333333333,4.07166666666667,987.473333333334
2016,129,20,101.315,0.0283333333333333,-0.0766666666666667,0,15.0766666666667,76.5116666666667,5.06333333333333,987.690000000001,101.315,0.0283333333333333,-0.0766666666666667,0,15.0766666666667,76.5116666666667,5.06333333333333,987.690000000001
2016,129,21,110.012333333333,-0.465,-0.108333333333333,0,14.6783333333333,76.09,5.90833333333333,987.788333333333,110.012333333333,-0.465,-0.108333333333333,0,14.6783333333333,76.09,5.90833333333333,987.788333333333
2016,129,22,116.848666666667,-1.17333333333333,-0.0233333333333333,0,13.9533333333333,80.0733333333333,4.52333333333333,988.870000000001,116.848666666667,-1.17333333333333,-0.0233333333333333,0,13.9533333333333,80.0733333333333,4.52333333333333,988.870000000001
2016,129,23,121.136,-0.18,0,0,12.9083333333333,88.12,6.38333333333333,988.85,121.136,-0.18,0,0,12.9083333333333,88.12,6.38333333333333,988.85
2016,130,0,122.289166666667,0.0616666666666667,0,0,12.545,88.6666666666667,8.22666666666667,988.101666666667,122.289166666667,0.0616666666666667,0,0,12.545,88.6666666666667,8.22666666666667,988.101666666667
2016,130,1,120.1225,0.411666666666667,0,0,12.38,88.4833333333333,7.545,987.626666666667,120.1225,0.411666666666667,0,0,12.38,88.4833333333333,7.545,987.626666666667
2016,130,2,114.974333333333,0.41,0,0,12.1883333333333,88.7966666666667,6.62666666666667,987.058333333333,114.974333333333,0.41,0,0,12.1883333333333,88.7966666666667,6.62666666666667,987.058333333333
2016,130,3,107.489666666667,0.25,0,0,11.96,89.705,7.19833333333333,986.839999999999,107.489666666667,0.25,0,0,11.96,89.705,7.19833333333333,986.839999999999
2016,130,4,98.3418333333333,0.286666666666667,0,0,12.06,89.13,7.515,987.448333333333,98.3418333333333,0.286666666666667,0,0,12.06,89.13,7.515,987.448333333333
2016,130,5,87.8626666666667,0.55,5.49,2.40833333333333,12.025,89.61,8.43166666666667,987.355000000001,87.8626666666667,0.55,5.49,2.40833333333333,12.025,89.61,8.43166666666667,987.355000000001
2016,130,6,77.0301666666667,1.07833333333333,37.1568965517241,17.4116666666667,12.2766666666667,89.0566666666667,7.65333333333334,987.451666666666,77.0301666666667,1.07833333333333,37.1568965517241,17.4116666666667,12.2766666666667,89.0566666666667,7.65333333333334,987.451666666666
2016,130,7,65.703,25.885,143.508474576271,67.3083333333333,13.1183333333333,88.1233333333333,8.265,987.068333333333,65.703,25.885,143.508474576271,67.3083333333333,13.1183333333333,88.1233333333333,8.265,987.068333333333
2016,130,8,54.263,0.9,52.5116666666667,26.5933333333333,13.92,88.7766666666667,5.91166666666667,987.45,54.263,0.9,52.5116666666667,26.5933333333333,13.92,88.7766666666667,5.91166666666667,987.45
2016,130,9,43.1003333333333,3.80333333333333,184.251666666667,83.9210526315789,15.2116666666667,88.0833333333333,6.20666666666667,987.483333333334,43.1003333333333,3.80333333333333,184.251666666667,83.9210526315789,15.2116666666667,88.0833333333333,6.20666666666667,987.483333333334
2016,130,10,32.9061666666667,1.105,204.245,91.2833333333333,16.2166666666667,86.06,6.61,987.683333333334,32.9061666666667,1.105,204.245,91.2833333333333,16.2166666666667,86.06,6.61,987.683333333334
2016,130,11,25.2173333333333,1.59333333333333,214.878333333333,94.6283333333333,16.2183333333333,87.7083333333333,6.71333333333333,987.65,25.2173333333333,1.59333333333333,214.878333333333,94.6283333333333,16.2183333333333,87.7083333333333,6.71333333333333,987.65
2016,130,12,22.8218333333333,2.03166666666667,268.95,116.636666666667,17.6983333333333,85.9616666666666,7.46,986.745,22.8218333333333,2.03166666666667,268.95,116.636666666667,17.6983333333333,85.9616666666666,7.46,986.745
2016,130,13,27.1135,52.5183333333333,426.626666666667,197.27,20.04,79.1016666666667,7.65833333333334,986.153333333333,27.1135,52.5183333333333,426.626666666667,197.27,20.04,79.1016666666667,7.65833333333334,986.153333333333
2016,130,14,35.7968333333333,-0.0133333333333333,261.383333333333,112.335,21.045,72.4016666666667,7.145,985.885000000001,35.7968333333333,-0.0133333333333333,261.383333333333,112.335,21.045,72.4016666666667,7.145,985.885000000001
2016,130,15,46.3825,-2.55833333333333,66.6533333333333,32.0016666666667,20.1383333333333,77.7516666666667,8.105,985.856666666668,46.3825,-2.55833333333333,66.6533333333333,32.0016666666667,20.1383333333333,77.7516666666667,8.105,985.856666666668
2016,130,16,57.6713333333333,-2.43166666666667,55.0933333333333,26.1783333333333,19.0216666666667,81.1383333333333,8.51833333333333,985.946666666667,57.6713333333333,-2.43166666666667,55.0933333333333,26.1783333333333,19.0216666666667,81.1383333333333,8.51833333333333,985.946666666667
2016,130,17,69.099,-3.28333333333333,30.9733333333333,15.12,16.5183333333333,81.5366666666667,8.65666666666666,986.303333333334,69.099,-3.28333333333333,30.9733333333333,15.12,16.5183333333333,81.5366666666667,8.65666666666666,986.303333333334
2016,130,18,80.3005,-0.471666666666667,12.3183333333333,5.74090909090909,15.5733333333333,84.3416666666667,4.51,986.323333333334,80.3005,-0.471666666666667,12.3183333333333,5.74090909090909,15.5733333333333,84.3416666666667,4.51,986.323333333334
2016,130,19,91.01,0.381666666666667,1.385,0.284745762711865,15.6083333333333,90.23,3.76833333333334,986.148333333333,91.01,0.381666666666667,1.385,0.284745762711865,15.6083333333333,90.23,3.76833333333334,986.148333333333
2016,130,20,101.1235,0.303333333333333,0,0,15.7416666666667,89.87,3.00666666666667,985.663333333334,101.1235,0.303333333333333,0,0,15.7416666666667,89.87,3.00666666666667,985.663333333334
2016,130,21,109.798333333333,0.433333333333333,0,0,15.8216666666667,89.2833333333333,6.37333333333333,985.77,109.798333333333,0.433333333333333,0,0,15.8216666666667,89.2833333333333,6.37333333333333,985.77
2016,130,22,116.612666666667,0.418333333333333,0,0,16.555,91.3733333333334,5.875,985.748333333333,116.612666666667,0.418333333333333,0,0,16.555,91.3733333333334,5.875,985.748333333333
2016,130,23,120.8815,0.546666666666667,0,0,17.2783333333333,90.4883333333334,7.63333333333333,985.336666666666,120.8815,0.546666666666667,0,0,17.2783333333333,90.4883333333334,7.63333333333333,985.336666666666
2016,131,0,122.027333333333,0.375,0,0,17.4666666666667,87.9983333333333,7,985.07,122.027333333333,0.375,0,0,17.4666666666667,87.9983333333333,7,985.07
2016,131,1,119.8685,-0.165,0,0,17.3,88.15,6.55833333333334,983.988333333332,119.8685,-0.165,0,0,17.3,88.15,6.55833333333334,983.988333333332
2016,131,2,114.736333333333,0.51,0,0,17.0883333333334,88.7983333333333,5.55833333333333,984.129999999999,114.736333333333,0.51,0,0,17.0883333333334,88.7983333333333,5.55833333333333,984.129999999999
2016,131,3,107.273333333333,0.658333333333333,0,0,17.1016666666667,88.83,4.97166666666667,983.981666666666,107.273333333333,0.658333333333333,0,0,17.1016666666667,88.83,4.97166666666667,983.981666666666
2016,131,4,98.1455,0.121666666666667,0,0,17.12,88.6366666666667,6.75166666666667,983.558333333333,98.1455,0.121666666666667,0,0,17.12,88.6366666666667,6.75166666666667,983.558333333333
2016,131,5,87.681,0.265,3.57833333333333,1.74166666666667,17.105,86.94,8.61166666666667,983.753333333334,87.681,0.265,3.57833333333333,1.74166666666667,17.105,86.94,8.61166666666667,983.753333333334
2016,131,6,76.862,0.683333333333333,36.1283333333333,17.1166666666667,16.75,87.8733333333333,8.03833333333333,984.421666666666,76.862,0.683333333333333,36.1283333333333,17.1166666666667,16.75,87.8733333333333,8.03833333333333,984.421666666666
2016,131,7,65.5418333333333,1.89333333333333,128.48,57.92,16.8883333333333,87.3816666666666,6.41833333333333,984.956666666667,65.5418333333333,1.89333333333333,128.48,57.92,16.8883333333333,87.3816666666666,6.41833333333333,984.956666666667
2016,131,8,54.099,66.6033333333333,232.287931034483,118.145,17.3633333333333,83.9183333333334,7.815,985.876666666666,54.099,66.6033333333333,232.287931034483,118.145,17.3633333333333,83.9183333333334,7.815,985.876666666666
2016,131,9,42.9251666666667,292.453333333333,324.725,224.491666666667,18.1916666666667,79.795,7.735,986.14,42.9251666666667,292.453333333333,324.725,224.491666666667,18.1916666666667,79.795,7.735,986.14
2016,131,10,32.7046666666667,6.65166666666667,276.640677966102,125.631666666667,18.465,79.5233333333333,7.84833333333333,986.228333333332,32.7046666666667,6.65166666666667,276.640677966102,125.631666666667,18.465,79.5233333333333,7.84833333333333,986.228333333332
2016,131,11,24.978,4.815,242.815,115.331666666667,18.7116666666667,78.4916666666667,7.27666666666667,986.114999999999,24.978,4.815,242.815,115.331666666667,18.7116666666667,78.4916666666667,7.27666666666667,986.114999999999
2016,131,12,22.5673333333333,1.79,238.043333333333,108.63,19.2666666666667,73.6533333333333,7.08333333333333,986.056666666667,22.5673333333333,1.79,238.043333333333,108.63,19.2666666666667,73.6533333333333,7.08333333333333,986.056666666667
2016,131,13,26.894,19.8056603773585,298.468333333333,141.341666666667,18.09,81.8516666666667,6.31833333333333,986.341666666668,26.894,19.8056603773585,298.468333333333,141.341666666667,18.09,81.8516666666667,6.31833333333333,986.341666666668
2016,131,14,35.617,0.74,248.26,112.196666666667,19.5283333333333,70.9066666666667,6.66666666666667,986.43,35.617,0.74,248.26,112.196666666667,19.5283333333333,70.9066666666667,6.66666666666667,986.43
2016,131,15,46.2256666666667,207.028333333333,325.085964912281,195.52,20.2216666666667,70.535,4.16333333333333,986.208333333333,46.2256666666667,207.028333333333,325.085964912281,195.52,20.2216666666667,70.535,4.16333333333333,986.208333333333
2016,131,16,57.5231666666667,30.5383333333333,179.915517241379,85.8116666666667,21.2333333333333,65.075,5.92333333333333,985.958333333333,57.5231666666667,30.5383333333333,179.915517241379,85.8116666666667,21.2333333333333,65.075,5.92333333333333,985.958333333333
2016,131,17,68.9501666666667,434.805,140.963333333333,125.563333333333,21.365,68.045,5.99166666666667,986.268333333334,68.9501666666667,434.805,140.963333333333,125.563333333333,21.365,68.045,5.99166666666667,986.268333333334
2016,131,18,80.1445,52.1316666666667,59.735,29.5583333333333,20.2633333333333,77.5283333333334,3.64666666666667,986.901666666666,80.1445,52.1316666666667,59.735,29.5583333333333,20.2633333333333,77.5283333333334,3.64666666666667,986.901666666666
2016,131,19,90.8346666666667,10.5116666666667,6.785,2.92033898305085,19.0733333333333,83.2716666666667,3.87,987.501666666666,90.8346666666667,10.5116666666667,6.785,2.92033898305085,19.0733333333333,83.2716666666667,3.87,987.501666666666
2016,131,20,100.933166666667,-0.275,0,0,17.96,88.4216666666667,3.19166666666667,988.051666666667,100.933166666667,-0.275,0,0,17.96,88.4216666666667,3.19166666666667,988.051666666667
2016,131,21,109.587666666667,0.025,0,0,17.7216666666667,89.3033333333334,2.15,988.564999999999,109.587666666667,0.025,0,0,17.7216666666667,89.3033333333334,2.15,988.564999999999
2016,131,22,116.379,0.18,0,0,16.995,89.385,3.615,988.92,116.379,0.18,0,0,16.995,89.385,3.615,988.92
2016,131,23,120.631666666667,0.285,0,0,16.88,89.5283333333334,3.715,989.383333333333,120.631666666667,0.285,0,0,16.88,89.5283333333334,3.715,989.383333333333
2016,132,0,121.771166666667,-0.348333333333333,0,0,15.9983333333333,91.8066666666666,2.85,989.739999999999,121.771166666667,-0.348333333333333,0,0,15.9983333333333,91.8066666666666,2.85,989.739999999999
2016,132,1,119.62,0.25,-0.123333333333333,0,15.19,93.4066666666667,1.605,989.54,119.62,0.25,-0.123333333333333,0,15.19,93.4066666666667,1.605,989.54
2016,132,2,114.504833333333,0.799999999999999,-0.285,0,14.4066666666667,94.3333333333334,1.495,989.836666666668,114.504833333333,0.799999999999999,-0.285,0,14.4066666666667,94.3333333333334,1.495,989.836666666668
2016,132,3,107.062833333333,0.768333333333333,-0.393333333333333,0,13.8133333333333,94.9516666666667,1.255,990.253333333334,107.062833333333,0.768333333333333,-0.393333333333333,0,13.8133333333333,94.9516666666667,1.255,990.253333333334
2016,132,4,97.9536666666667,0.804999999999999,-0.258333333333333,0.0233333333333333,13.7216666666667,95.23,1.41333333333333,990.593333333332,97.9536666666667,0.804999999999999,-0.258333333333333,0.0233333333333333,13.7216666666667,95.23,1.41333333333333,990.593333333332
2016,132,5,87.5041666666667,0.956666666666667,18.1366666666667,8.42,13.66,95.3449999999999,1.32833333333333,990.773333333334,87.5041666666667,0.956666666666667,18.1366666666667,8.42,13.66,95.3449999999999,1.32833333333333,990.773333333334
2016,132,6,76.7,9.62,131.936734693878,53.465,14.0366666666667,95.3783333333334,1.88666666666667,990.531666666667,76.7,9.62,131.936734693878,53.465,14.0366666666667,95.3783333333334,1.88666666666667,990.531666666667
2016,132,7,65.3841666666667,51.785,249.653333333333,110.683333333333,15.805,95.2283333333334,2.27833333333333,990.723333333333,65.3841666666667,51.785,249.653333333333,110.683333333333,15.805,95.2283333333334,2.27833333333333,990.723333333333
2016,132,8,53.9415,7.45166666666667,290.321052631579,122.395,16.925,94.9983333333333,3.01166666666667,991.539999999999,53.9415,7.45166666666667,290.321052631579,122.395,16.925,94.9983333333333,3.01166666666667,991.539999999999
2016,132,9,42.7555,296.675,367.638333333333,245.815,18.4133333333333,93.1766666666666,2.98666666666667,991.446666666666,42.7555,296.675,367.638333333333,245.815,18.4133333333333,93.1766666666666,2.98666666666667,991.446666666666
2016,132,10,32.5093333333333,164.931666666667,428.243333333333,238.666666666667,20.4766666666667,79.9883333333333,4.92,991.606666666666,32.5093333333333,164.931666666667,428.243333333333,238.666666666667,20.4766666666667,79.9883333333333,4.92,991.606666666666
2016,132,11,24.7423333333333,477.438333333333,376.845,335.916666666667,21.19,77.33,5.99666666666667,991.383333333333,24.7423333333333,477.438333333333,376.845,335.916666666667,21.19,77.33,5.99666666666667,991.383333333333
2016,132,12,22.3165,724.15,253.966666666667,380.51,22.6533333333333,71.5216666666667,6.08833333333333,990.941666666667,22.3165,724.15,253.966666666667,380.51,22.6533333333333,71.5216666666667,6.08833333333333,990.941666666667
2016,132,13,26.6775,359.116666666667,432.003333333333,316.03,24.115,64.6833333333333,5.04166666666667,990.161666666667,26.6775,359.116666666667,432.003333333333,316.03,24.115,64.6833333333333,5.04166666666667,990.161666666667
2016,132,14,35.4391666666667,44.8766666666667,364.81,173.72,24.8183333333333,61.1766666666667,5.05333333333333,990.219999999999,35.4391666666667,44.8766666666667,364.81,173.72,24.8183333333333,61.1766666666667,5.05333333333333,990.219999999999
2016,132,15,46.0701666666667,-0.09795918367347,21.9083333333333,11.8166666666667,18.8966666666667,76.4216666666666,9.51,989.67,46.0701666666667,-0.09795918367347,21.9083333333333,11.8166666666667,18.8966666666667,76.4216666666666,9.51,989.67
2016,132,16,57.3751666666667,5.07166666666667,116.43,52.055,19.505,75.79,9.07833333333333,987.688333333333,57.3751666666667,5.07166666666667,116.43,52.055,19.505,75.79,9.07833333333333,987.688333333333
2016,132,17,68.8035,1.53,65.1566666666667,29.1966101694915,19.5383333333333,80.505,7.73,987.658333333333,68.8035,1.53,65.1566666666667,29.1966101694915,19.5383333333333,80.505,7.73,987.658333333333
2016,132,18,79.9915,1.92666666666667,24.5116666666666,10.7066666666667,20.7883333333333,78.1766666666667,6.84166666666667,987.563333333334,79.9915,1.92666666666667,24.5116666666666,10.7066666666667,20.7883333333333,78.1766666666667,6.84166666666667,987.563333333334
2016,132,19,90.6631666666667,-0.101666666666667,3.34333333333333,1.46833333333333,19.925,80.895,6.78166666666667,987.896666666667,90.6631666666667,-0.101666666666667,3.34333333333333,1.46833333333333,19.925,80.895,6.78166666666667,987.896666666667
2016,132,20,100.747,-0.34,0,0,19.0933333333333,82.7083333333333,3.485,988.425000000001,100.747,-0.34,0,0,19.0933333333333,82.7083333333333,3.485,988.425000000001
2016,132,21,109.379,-0.268333333333333,0,0,18.46,81.395,5.72666666666667,990.676666666667,109.379,-0.268333333333333,0,0,18.46,81.395,5.72666666666667,990.676666666667
2016,132,22,116.1495,-0.735,0,0,18.1233333333333,84.8233333333333,11.2916666666667,991.16,116.1495,-0.735,0,0,18.1233333333333,84.8233333333333,11.2916666666667,991.16
2016,132,23,120.386,0.633333333333333,0,0,18.2666666666667,82.1316666666667,8.86,988.473333333333,120.386,0.633333333333333,0,0,18.2666666666667,82.1316666666667,8.86,988.473333333333
2016,133,0,121.52,1.435,0,0,18.1733333333333,80.3966666666667,4.42333333333333,989.133333333333,121.52,1.435,0,0,18.1733333333333,80.3966666666667,4.42333333333333,989.133333333333
2016,133,1,119.375666666667,0.386666666666667,0,0,17.4666666666667,84.825,2.95614035087719,988.85,119.375666666667,0.386666666666667,0,0,17.4666666666667,84.825,2.95614035087719,988.85
2016,133,2,114.279333333333,1.02,0,0,17.2816666666667,84.7783333333333,4.79166666666667,989.513333333333,114.279333333333,1.02,0,0,17.2816666666667,84.7783333333333,4.79166666666667,989.513333333333
2016,133,3,106.857166666667,-0.213333333333333,0,0,16.6266666666667,87.645,3.45166666666667,989.741666666666,106.857166666667,-0.213333333333333,0,0,16.6266666666667,87.645,3.45166666666667,989.741666666666
2016,133,4,97.768,0.263333333333333,0.0316666666666667,0.0433333333333333,15.8166666666667,91.0766666666667,3.065,989.673333333334,97.768,0.263333333333333,0.0316666666666667,0.0433333333333333,15.8166666666667,91.0766666666667,3.065,989.673333333334
2016,133,5,87.3323333333333,59.4733333333333,27.4633333333333,13.16,15.7716666666667,91.6466666666667,2.86833333333333,989.423333333334,87.3323333333333,59.4733333333333,27.4633333333333,13.16,15.7716666666667,91.6466666666667,2.86833333333333,989.423333333334
2016,133,6,76.5428333333333,72.11,117.967796610169,55.94,16.5766666666667,90.6616666666667,4.92166666666667,989.623333333332,76.5428333333333,72.11,117.967796610169,55.94,16.5766666666667,90.6616666666667,4.92166666666667,989.623333333332
2016,133,7,65.2328333333333,33.2783333333333,201.227118644068,91.195,17.755,87.4666666666667,6.91666666666667,989.636666666666,65.2328333333333,33.2783333333333,201.227118644068,91.195,17.755,87.4666666666667,6.91666666666667,989.636666666666
2016,133,8,53.7873333333333,2.12,227.366666666667,101.431666666667,18.2283333333333,86.845,7.29833333333333,989.598333333333,53.7873333333333,2.12,227.366666666667,101.431666666667,18.2283333333333,86.845,7.29833333333333,989.598333333333
2016,133,9,42.5921666666667,-0.145,117.475,56.415,17.89,90.2033333333333,6.44333333333333,989.748333333334,42.5921666666667,-0.145,117.475,56.415,17.89,90.2033333333333,6.44333333333333,989.748333333334
2016,133,10,32.3198333333333,3.16,203.35,98.4133333333333,18.0566666666667,88.755,7.07833333333333,989.821666666667,32.3198333333333,3.16,203.35,98.4133333333333,18.0566666666667,88.755,7.07833333333333,989.821666666667
2016,133,11,24.5153333333333,1.57833333333333,256.939655172414,122.246666666667,18.285,84.2233333333334,6.36333333333333,989.763333333334,24.5153333333333,1.57833333333333,256.939655172414,122.246666666667,18.285,84.2233333333334,6.36333333333333,989.763333333334
2016,133,12,22.0715,1.17166666666667,231.315,109.545,18.1,80.7283333333333,7.79833333333333,990.021666666666,22.0715,1.17166666666667,231.315,109.545,18.1,80.7283333333333,7.79833333333333,990.021666666666
2016,133,13,26.4648333333333,1.09333333333333,249.216666666667,115.248333333333,17.8983333333333,76.2283333333333,8.38333333333333,990.01,26.4648333333333,1.09333333333333,249.216666666667,115.248333333333,17.8983333333333,76.2283333333333,8.38333333333333,990.01
2016,133,14,35.2651666666667,45.34,305.253333333333,147.816666666667,18.1033333333333,72.31,7.92333333333333,989.81,35.2651666666667,45.34,305.253333333333,147.816666666667,18.1033333333333,72.31,7.92333333333333,989.81
2016,133,15,45.9171666666667,503.27,267.856666666667,254.968333333333,19.265,60.315,7.97666666666666,989.08,45.9171666666667,503.27,267.856666666667,254.968333333333,19.265,60.315,7.97666666666666,989.08
2016,133,16,57.2295,461.658333333333,176.916666666667,172.681666666667,19.845,59.1933333333333,8.97333333333333,988.845000000001,57.2295,461.658333333333,176.916666666667,172.681666666667,19.845,59.1933333333333,8.97333333333333,988.845000000001
2016,133,17,68.6561666666667,619.545,84.7383333333334,125.82,19.335,54.0333333333333,9.80166666666667,989.403333333333,68.6561666666667,619.545,84.7383333333334,125.82,19.335,54.0333333333333,9.80166666666667,989.403333333333
2016,133,18,79.8383333333333,81.0083333333333,55.63,31.9224137931034,17.8966666666667,59.07,6.97166666666666,989.783333333334,79.8383333333333,81.0083333333333,55.63,31.9224137931034,17.8966666666667,59.07,6.97166666666666,989.783333333334
2016,133,19,90.4923333333333,30.1583333333333,7.27166666666666,1.84130434782609,16.8716666666667,61.9083333333333,6.105,990.403333333333,90.4923333333333,30.1583333333333,7.27166666666666,1.84130434782609,16.8716666666667,61.9083333333333,6.105,990.403333333333
2016,133,20,100.5625,-1.03333333333333,0,0,15.455,64.1383333333333,5.70666666666667,991.090000000001,100.5625,-1.03333333333333,0,0,15.455,64.1383333333333,5.70666666666667,991.090000000001
2016,133,21,109.174166666667,-0.59,0,0,14.3,66.1316666666667,5.73333333333333,991.553333333332,109.174166666667,-0.59,0,0,14.3,66.1316666666667,5.73333333333333,991.553333333332
2016,133,22,115.924166666667,-0.413333333333333,0,0,13.3033333333333,68.2966666666667,5.24666666666667,991.731666666667,115.924166666667,-0.413333333333333,0,0,13.3033333333333,68.2966666666667,5.24666666666667,991.731666666667
2016,133,23,120.144833333333,-0.41,0,0,12.6533333333333,68.3333333333333,5.385,991.734999999999,120.144833333333,-0.41,0,0,12.6533333333333,68.3333333333333,5.385,991.734999999999
2016,134,0,121.273666666667,-0.311666666666667,0,0,11.8766666666667,71.9333333333333,4.57,991.760000000001,121.273666666667,-0.311666666666667,0,0,11.8766666666667,71.9333333333333,4.57,991.760000000001
2016,134,1,119.137833333333,-0.155,0,0,11.3383333333333,74.19,4.76833333333333,991.840000000001,119.137833333333,-0.155,0,0,11.3383333333333,74.19,4.76833333333333,991.840000000001
2016,134,2,114.058,-0.213333333333333,0,0,10.585,75.9266666666667,5.30666666666667,991.946666666666,114.058,-0.213333333333333,0,0,10.585,75.9266666666667,5.30666666666667,991.946666666666
2016,134,3,106.656833333333,-0.286666666666667,0,0,10.03,77.495,4.355,992.188333333333,106.656833333333,-0.286666666666667,0,0,10.03,77.495,4.355,992.188333333333
2016,134,4,97.5871666666667,-0.525,0.106666666666667,0.055,9.06333333333333,82.2383333333333,3.45166666666667,992.698333333334,97.5871666666667,-0.525,0.106666666666667,0.055,9.06333333333333,82.2383333333333,3.45166666666667,992.698333333334
2016,134,5,87.1658333333333,161.087272727273,18.1766666666667,13.3775862068966,8.66833333333333,84.6883333333333,3.21666666666667,993.13,87.1658333333333,161.087272727273,18.1766666666667,13.3775862068966,8.66833333333333,84.6883333333333,3.21666666666667,993.13
2016,134,6,76.3913333333333,602.93,52.54,76.6576271186441,9.93833333333334,80.9466666666666,4.52333333333333,993.47,76.3913333333333,602.93,52.54,76.6576271186441,9.93833333333334,80.9466666666666,4.52333333333333,993.47
2016,134,7,65.0858333333333,763.918333333334,76.4933333333333,156.37,11.5683333333333,74.075,5.4,993.446666666668,65.0858333333333,763.918333333334,76.4933333333333,156.37,11.5683333333333,74.075,5.4,993.446666666668
2016,134,8,53.641,861.5,86.6783333333333,235.521666666667,13.15,66.8233333333333,5.41,993.388333333334,53.641,861.5,86.6783333333333,235.521666666667,13.15,66.8233333333333,5.41,993.388333333334
2016,134,9,42.434,907.08,96.6783333333333,303.016666666667,14.4283333333333,60.155,5.75166666666667,993.406666666667,42.434,907.08,96.6783333333333,303.016666666667,14.4283333333333,60.155,5.75166666666667,993.406666666667
2016,134,10,32.1368333333333,909.141666666666,114.668333333333,351.276666666667,15.3133333333333,55.56,5.79833333333333,993.260000000001,32.1368333333333,909.141666666666,114.668333333333,351.276666666667,15.3133333333333,55.56,5.79833333333333,993.260000000001
2016,134,11,24.2916666666667,946.086666666667,106.325,384.038333333333,16.2633333333333,50.735,5.97333333333333,992.88,24.2916666666667,946.086666666667,106.325,384.038333333333,16.2633333333333,50.735,5.97333333333333,992.88
2016,134,12,21.8311666666667,951.016666666666,103.335,391.268333333333,17.2566666666667,47.7533333333333,5.04,991.811666666667,21.8311666666667,951.016666666666,103.335,391.268333333333,17.2566666666667,47.7533333333333,5.04,991.811666666667
2016,134,13,26.2573333333333,934.996666666667,106.895,376.733333333333,18.145,45.62,4.92666666666667,991.116666666667,26.2573333333333,934.996666666667,106.895,376.733333333333,18.145,45.62,4.92666666666667,991.116666666667
2016,134,14,35.0938333333333,918.24,101.255,341.28,19.11,45.6,5.17666666666666,990.435,35.0938333333333,918.24,101.255,341.28,19.11,45.6,5.17666666666666,990.435
2016,134,15,45.7666666666667,653.05,197.215,264.251666666667,20.0716666666667,40.0966666666667,5.19166666666667,988.838333333333,45.7666666666667,653.05,197.215,264.251666666667,20.0716666666667,40.0966666666667,5.19166666666667,988.838333333333
2016,134,16,57.0868333333333,316.576666666667,232.781666666667,166.686666666667,20.44,38.6983333333333,6.43333333333333,987.793333333334,57.0868333333333,316.576666666667,232.781666666667,166.686666666667,20.44,38.6983333333333,6.43333333333333,987.793333333334
2016,134,17,68.5121666666667,10.6916666666667,125.125,54.405,20.1683333333333,43.0533333333333,7.22,986.938333333335,68.5121666666667,10.6916666666667,125.125,54.405,20.1683333333333,43.0533333333333,7.22,986.938333333335
2016,134,18,79.6873333333333,-0.881666666666666,18.99,8.47833333333334,19.5083333333333,48.5116666666667,5.93333333333334,986.741666666667,79.6873333333333,-0.881666666666666,18.99,8.47833333333334,19.5083333333333,48.5116666666667,5.93333333333334,986.741666666667
2016,134,19,90.3223333333333,-0.735,1.485,0.74,18.41,57.9783333333334,4.725,986.213333333333,90.3223333333333,-0.735,1.485,0.74,18.41,57.9783333333334,4.725,986.213333333333
2016,134,20,100.379833333333,-3.11,-0.116666666666667,0,16.2366666666667,75.4033333333333,7.61333333333333,986.87,100.379833333333,-3.11,-0.116666666666667,0,16.2366666666667,75.4033333333333,7.61333333333333,986.87
2016,134,21,108.972,-0.226666666666667,0,0,14.73,88.2066666666667,9.045,986.038333333334,108.972,-0.226666666666667,0,0,14.73,88.2066666666667,9.045,986.038333333334
2016,134,22,115.701833333333,0.265,0,0,14.47,90.425,7.23333333333333,985.116666666667,115.701833333333,0.265,0,0,14.47,90.425,7.23333333333333,985.116666666667
2016,134,23,119.907666666667,-1.88620689655172,-0.308333333333333,0,10.5733333333333,87.4383333333333,12.27,986.468333333334,119.907666666667,-1.88620689655172,-0.308333333333333,0,10.5733333333333,87.4383333333333,12.27,986.468333333334
2016,135,0,121.032666666667,-0.291666666666667,-0.00333333333333333,0,8.93833333333333,84.42,12.3166666666667,987.135,121.032666666667,-0.291666666666667,-0.00333333333333333,0,8.93833333333333,84.42,12.3166666666667,987.135
2016,135,1,118.906,-0.128333333333333,-0.0616666666666667,0,7.80833333333333,75.6983333333334,11.6983333333333,988.083333333333,118.906,-0.128333333333333,-0.0616666666666667,0,7.80833333333333,75.6983333333334,11.6983333333333,988.083333333333
2016,135,2,113.842666666667,0.0133333333333333,0,0,6.835,76.0783333333333,10.1033333333333,988.575,113.842666666667,0.0133333333333333,0,0,6.835,76.0783333333333,10.1033333333333,988.575
2016,135,3,106.4615,0.41,0,0,5.955,76.825,9.27166666666667,989.305,106.4615,0.41,0,0,5.955,76.825,9.27166666666667,989.305
2016,135,4,97.4121666666667,0.55,0.0983333333333334,0.055,5.26666666666667,75.995,8.87,989.923333333334,97.4121666666667,0.55,0.0983333333333334,0.055,5.26666666666667,75.995,8.87,989.923333333334
2016,135,5,87.004,20.1916666666667,23.8233333333333,9.82909090909091,4.9,75.0433333333334,8.71666666666667,990.681666666667,87.004,20.1916666666667,23.8233333333333,9.82909090909091,4.9,75.0433333333334,8.71666666666667,990.681666666667
2016,135,6,76.244,264.676666666667,67.0266666666667,58.5,5.02333333333334,72.8833333333333,9.145,991.419999999999,76.244,264.676666666667,67.0266666666667,58.5,5.02333333333334,72.8833333333333,9.145,991.419999999999
2016,135,7,64.9448333333333,176.11,206.838333333333,111.546666666667,5.83333333333333,65.52,11.085,991.993333333333,64.9448333333333,176.11,206.838333333333,111.546666666667,5.83333333333333,65.52,11.085,991.993333333333
2016,135,8,53.4975,12.1333333333333,312.496666666667,131.715,6.14166666666667,63.015,10.5683333333333,992.391666666667,53.4975,12.1333333333333,312.496666666667,131.715,6.14166666666667,63.015,10.5683333333333,992.391666666667
2016,135,9,42.2811666666667,165.591666666667,291.916666666667,169.495,6.80666666666667,58.96,10.6366666666667,992.546666666666,42.2811666666667,165.591666666667,291.916666666667,169.495,6.80666666666667,58.96,10.6366666666667,992.546666666666
2016,135,10,31.9593333333333,158.038333333333,420.218333333333,228.286666666667,7.48,56.5,10.9166666666667,992.915,31.9593333333333,158.038333333333,420.218333333333,228.286666666667,7.48,56.5,10.9166666666667,992.915
2016,135,11,24.0758333333333,93.0916666666667,449.768333333333,222.513333333333,7.985,54.8566666666667,10.7666666666667,993.236666666668,24.0758333333333,93.0916666666667,449.768333333333,222.513333333333,7.985,54.8566666666667,10.7666666666667,993.236666666668
2016,135,12,21.5963333333333,88.6,432.383333333333,212.751666666667,8.335,54.5616666666667,10.9933333333333,993.153333333333,21.5963333333333,88.6,432.383333333333,212.751666666667,8.335,54.5616666666667,10.9933333333333,993.153333333333
2016,135,13,26.052,121.641666666667,394.038333333333,206.545,8.63666666666666,53.5033333333333,10.0716666666667,993.156666666666,26.052,121.641666666667,394.038333333333,206.545,8.63666666666666,53.5033333333333,10.0716666666667,993.156666666666
2016,135,14,34.9248333333333,150.068333333333,388.41,209.36,9.46333333333333,50.875,9.09666666666666,992.960000000001,34.9248333333333,150.068333333333,388.41,209.36,9.46333333333333,50.875,9.09666666666666,992.960000000001
2016,135,15,45.6176666666667,160.373333333333,297.968333333333,165.908333333333,9.97333333333333,48.0466666666667,9.18666666666667,992.629999999999,45.6176666666667,160.373333333333,297.968333333333,165.908333333333,9.97333333333333,48.0466666666667,9.18666666666667,992.629999999999
2016,135,16,56.9441666666667,236.975,206.316666666667,132.335,10.22,47.755,8.56333333333333,992.486666666667,56.9441666666667,236.975,206.316666666667,132.335,10.22,47.755,8.56333333333333,992.486666666667
2016,135,17,68.3691666666667,369.048333333333,132.403333333333,103.136666666667,10.5616666666667,45.045,8.19,992.405000000001,68.3691666666667,369.048333333333,132.403333333333,103.136666666667,10.5616666666667,45.045,8.19,992.405000000001
2016,135,18,79.5373333333333,395.413333333334,62.09,55.3490909090909,10.51,46.1383333333333,7.11,992.300000000001,79.5373333333333,395.413333333334,62.09,55.3490909090909,10.51,46.1383333333333,7.11,992.300000000001
2016,135,19,90.155,66.7783333333334,9.86499999999999,2.29777777777778,9.48166666666667,53.8883333333333,4.29833333333333,992.285000000001,90.155,66.7783333333334,9.86499999999999,2.29777777777778,9.48166666666667,53.8883333333333,4.29833333333333,992.285000000001
2016,135,20,100.199666666667,-0.998333333333333,-0.325,0,8.435,59.755,3.6,992.541666666666,100.199666666667,-0.998333333333333,-0.325,0,8.435,59.755,3.6,992.541666666666
2016,135,21,108.7725,1.06166666666667,-0.00666666666666667,0,7.37833333333333,67.1116666666667,4.36,993.058333333332,108.7725,1.06166666666667,-0.00666666666666667,0,7.37833333333333,67.1116666666667,4.36,993.058333333332
2016,135,22,115.4835,0.18,0,0,6.92666666666667,70.185,4.295,993.14,115.4835,0.18,0,0,6.92666666666667,70.185,4.295,993.14
2016,135,23,119.6755,0.0183333333333333,-0.0416666666666667,0,6.185,75.45,4.01,993.148333333332,119.6755,0.0183333333333333,-0.0416666666666667,0,6.185,75.45,4.01,993.148333333332
2016,136,0,120.797666666667,0.763333333333333,0,0,5.83166666666667,75.515,4.96833333333333,993.338333333334,120.797666666667,0.763333333333333,0,0,5.83166666666667,75.515,4.96833333333333,993.338333333334
2016,136,1,118.678833333333,0.263333333333333,0,0,5.49166666666667,76.8883333333333,4.77833333333333,993.301666666666,118.678833333333,0.263333333333333,0,0,5.49166666666667,76.8883333333333,4.77833333333333,993.301666666666
2016,136,2,113.632666666667,1.10333333333333,0,0,5.225,76.875,4.39166666666667,993.338333333334,113.632666666667,1.10333333333333,0,0,5.225,76.875,4.39166666666667,993.338333333334
2016,136,3,106.272,1.28333333333333,0,0,4.97166666666667,78.2,4.49666666666667,993.598333333332,106.272,1.28333333333333,0,0,4.97166666666667,78.2,4.49666666666667,993.598333333332
2016,136,4,97.2415,1.04333333333333,0.128333333333333,0.0633333333333333,5.58333333333333,75.4,4.46666666666667,993.758333333334,97.2415,1.04333333333333,0.128333333333333,0.0633333333333333,5.58333333333333,75.4,4.46666666666667,993.758333333334
2016,136,5,86.846,23.07,21.875,9.70350877192982,5.48,76.755,3.605,994.014999999999,86.846,23.07,21.875,9.70350877192982,5.48,76.755,3.605,994.014999999999
2016,136,6,76.102,331.906666666667,83.9433333333333,56.3,6.48333333333333,74.6583333333333,3.79666666666667,994.451666666666,76.102,331.906666666667,83.9433333333333,56.3,6.48333333333333,74.6583333333333,3.79666666666667,994.451666666666
2016,136,7,64.8076666666667,636.8,116.245,143.78,8.08166666666667,64.8466666666667,6.7,994.810000000001,64.8076666666667,636.8,116.245,143.78,8.08166666666667,64.8466666666667,6.7,994.810000000001
2016,136,8,53.3621666666667,714.666666666667,156.931666666667,218.701694915254,9.24333333333334,48.245,8.32,995.074999999999,53.3621666666667,714.666666666667,156.931666666667,218.701694915254,9.24333333333334,48.245,8.32,995.074999999999
2016,136,9,42.1348333333333,827.648333333334,151.80350877193,294.463333333333,9.95,36.045,9.19833333333333,995.446666666666,42.1348333333333,827.648333333334,151.80350877193,294.463333333333,9.95,36.045,9.19833333333333,995.446666666666
2016,136,10,31.7886666666667,869.147457627118,155.016666666667,346.03,10.3716666666667,33.805,9.34666666666667,995.968333333333,31.7886666666667,869.147457627118,155.016666666667,346.03,10.3716666666667,33.805,9.34666666666667,995.968333333333
2016,136,11,23.8658333333333,848.806666666667,188.035,376.303333333333,10.66,36.9766666666667,8.28,996.285000000001,23.8658333333333,848.806666666667,188.035,376.303333333333,10.66,36.9766666666667,8.28,996.285000000001
2016,136,12,21.3663333333333,844.403333333333,196.163333333333,384.641666666667,10.905,36.5916666666667,8.35166666666667,995.921666666668,21.3663333333333,844.403333333333,196.163333333333,384.641666666667,10.905,36.5916666666667,8.35166666666667,995.921666666668
2016,136,13,25.8511666666667,950.173333333333,116.171666666667,379.308333333333,11.5233333333333,34.0083333333333,7.705,995.808333333334,25.8511666666667,950.173333333333,116.171666666667,379.308333333333,11.5233333333333,34.0083333333333,7.705,995.808333333334
2016,136,14,34.7591666666667,944.166666666667,101.03275862069,342.886666666666,11.9316666666667,29.3416666666667,7.165,995.751666666666,34.7591666666667,944.166666666667,101.03275862069,342.886666666666,11.9316666666667,29.3416666666667,7.165,995.751666666666
2016,136,15,45.4715,905.508333333333,97.485,286.158333333333,12.5166666666667,28.6916666666667,6.47,995.486666666667,45.4715,905.508333333333,97.485,286.158333333333,12.5166666666667,28.6916666666667,6.47,995.486666666667
2016,136,16,56.804,853.925,83.965,215.106666666667,12.8566666666667,27.095,4.58333333333333,995.229999999999,56.804,853.925,83.965,215.106666666667,12.8566666666667,27.095,4.58333333333333,995.229999999999
2016,136,17,68.2276666666667,731.92,72.9416666666667,132.873333333333,13.15,26.01,4.59,995.225,68.2276666666667,731.92,72.9416666666667,132.873333333333,13.15,26.01,4.59,995.225
2016,136,18,79.3896666666667,493.021666666667,45.91,53.9866666666667,13.255,27.5666666666667,3.23166666666667,995.270000000001,79.3896666666667,493.021666666667,45.91,53.9866666666667,13.255,27.5666666666667,3.23166666666667,995.270000000001
2016,136,19,89.9913333333333,68.0633333333334,9.13833333333333,3.10208333333333,12.66,30.7016666666667,1.20892857142857,995.503333333333,89.9913333333333,68.0633333333334,9.13833333333333,3.10208333333333,12.66,30.7016666666667,1.20892857142857,995.503333333333
2016,136,20,100.022,-1.76,-0.398333333333333,0,12.0516666666667,32.1166666666667,1.68571428571429,995.933333333333,100.022,-1.76,-0.398333333333333,0,12.0516666666667,32.1166666666667,1.68571428571429,995.933333333333
2016,136,21,108.576666666667,-0.573333333333334,-0.178333333333333,0,11.1416666666667,37.8683333333333,3.35666666666667,996.426666666666,108.576666666667,-0.573333333333334,-0.178333333333333,0,11.1416666666667,37.8683333333333,3.35666666666667,996.426666666666
2016,136,22,115.270333333333,-0.728333333333333,-0.303333333333334,0,9.99,44.0816666666667,3.61166666666667,996.521666666667,115.270333333333,-0.728333333333333,-0.303333333333334,0,9.99,44.0816666666667,3.61166666666667,996.521666666667
2016,136,23,119.448666666667,0.171666666666667,-0.0133333333333333,0,8.465,55.5166666666667,3.715,996.651666666666,119.448666666667,0.171666666666667,-0.0133333333333333,0,8.465,55.5166666666667,3.715,996.651666666666
2016,137,0,120.567833333333,-0.00666666666666665,-0.0566666666666667,0,8.075,57.65,3.81166666666667,996.639999999999,120.567833333333,-0.00666666666666665,-0.0566666666666667,0,8.075,57.65,3.81166666666667,996.639999999999
2016,137,1,118.458,-0.693333333333333,-0.278333333333333,0,7.39833333333334,62.7616666666667,3.31,996.525,118.458,-0.693333333333333,-0.278333333333333,0,7.39833333333334,62.7616666666667,3.31,996.525
2016,137,2,113.429666666667,0.848333333333334,0,0,7.12,64.0266666666666,3.68333333333333,996.288333333334,113.429666666667,0.848333333333334,0,0,7.12,64.0266666666666,3.68333333333333,996.288333333334
2016,137,3,106.089333333333,0.03,-0.231666666666667,0,6.58833333333333,68.33,3.31333333333333,996.303333333333,106.089333333333,0.03,-0.231666666666667,0,6.58833333333333,68.33,3.31333333333333,996.303333333333
2016,137,4,97.078,0.643333333333333,0.268333333333333,0.0866666666666667,6.10166666666666,69.8016666666667,3.40166666666667,996.196666666666,97.078,0.643333333333333,0.268333333333333,0.0866666666666667,6.10166666666666,69.8016666666667,3.40166666666667,996.196666666666
2016,137,5,86.6946666666667,140.588333333333,27.8683333333333,17.9025,6.31333333333333,68.655,3.31666666666667,996.506666666666,86.6946666666667,140.588333333333,27.8683333333333,17.9025,6.31333333333333,68.655,3.31666666666667,996.506666666666
2016,137,6,75.9651666666667,525.058333333333,65.2066666666667,76.1416666666667,7.975,63.71,4.065,997.079999999999,75.9651666666667,525.058333333333,65.2066666666667,76.1416666666667,7.975,63.71,4.065,997.079999999999
2016,137,7,64.6771666666667,742.91,81.4683333333333,158.586666666667,10.2566666666667,53.8916666666667,6.89833333333334,997.250000000001,64.6771666666667,742.91,81.4683333333333,158.586666666667,10.2566666666667,53.8916666666667,6.89833333333334,997.250000000001
2016,137,8,53.231,780.433333333333,107.213333333333,229.185,12.6966666666667,46.27,7.81166666666666,997.221666666666,53.231,780.433333333333,107.213333333333,229.185,12.6966666666667,46.27,7.81166666666666,997.221666666666
2016,137,9,41.994,601.906666666667,234.377586206897,272.705,14.5133333333333,39.885,8.04166666666667,997.138333333333,41.994,601.906666666667,234.377586206897,272.705,14.5133333333333,39.885,8.04166666666667,997.138333333333
2016,137,10,31.6236666666667,344.731666666667,451.975,304.098333333333,15.6083333333333,36.2216666666667,7.72833333333333,997.076666666666,31.6236666666667,344.731666666667,451.975,304.098333333333,15.6083333333333,36.2216666666667,7.72833333333333,997.076666666666
2016,137,11,23.6616666666667,137.845,583.448333333333,295.763333333333,16.0466666666667,36.8116666666667,6.78,996.831666666666,23.6616666666667,137.845,583.448333333333,295.763333333333,16.0466666666667,36.8116666666667,6.78,996.831666666666
2016,137,12,21.1413333333333,119.957894736842,623.871666666667,312.438333333333,16.66,37.5233333333333,6.21,996.23,21.1413333333333,119.957894736842,623.871666666667,312.438333333333,16.66,37.5233333333333,6.21,996.23
2016,137,13,25.6546666666667,84.795,496.32,244.71,16.7883333333333,39.1583333333334,6.54333333333333,995.870000000001,25.6546666666667,84.795,496.32,244.71,16.7883333333333,39.1583333333334,6.54333333333333,995.870000000001
2016,137,14,34.5965,-0.723333333333333,263.043333333333,118.098333333333,16.2466666666667,40.2666666666667,6.35,995.883333333334,34.5965,-0.723333333333333,263.043333333333,118.098333333333,16.2466666666667,40.2666666666667,6.35,995.883333333334
2016,137,15,45.327,-1.34166666666667,142.408333333333,64.4033333333333,15.95,41.245,5.57333333333334,995.7,45.327,-1.34166666666667,142.408333333333,64.4033333333333,15.95,41.245,5.57333333333334,995.7
2016,137,16,56.6658333333333,0.08,105.665,47.9183333333333,15.86,40.705,4.32166666666667,995.58,56.6658333333333,0.08,105.665,47.9183333333333,15.86,40.705,4.32166666666667,995.58
2016,137,17,68.0875,-0.165,88.8466666666666,39.1583333333333,15.7266666666667,39.7666666666667,4.44833333333333,995.32,68.0875,-0.165,88.8466666666666,39.1583333333333,15.7266666666667,39.7666666666667,4.44833333333333,995.32
2016,137,18,79.243,-1.09,17.205,7.825,14.88,40.99,5.38666666666667,995.133333333332,79.243,-1.09,17.205,7.825,14.88,40.99,5.38666666666667,995.133333333332
2016,137,19,89.8273333333333,-0.536666666666667,2.15166666666667,1.04333333333333,13.9266666666667,49.895,3.85,995.161666666667,89.8273333333333,-0.536666666666667,2.15166666666667,1.04333333333333,13.9266666666667,49.895,3.85,995.161666666667
2016,137,20,99.8476666666667,0.0133333333333334,-0.025,0,13.4816666666667,53.88,2.60166666666667,995.61,99.8476666666667,0.0133333333333334,-0.025,0,13.4816666666667,53.88,2.60166666666667,995.61
2016,137,21,108.384,-0.155,-0.1,0,13.13,59.3883333333333,3.29166666666667,996.395,108.384,-0.155,-0.1,0,13.13,59.3883333333333,3.29166666666667,996.395
2016,137,22,115.058833333333,-1.61333333333333,-0.005,0,12.0033333333333,80.9766666666667,2.785,996.784999999999,115.058833333333,-1.61333333333333,-0.005,0,12.0033333333333,80.9766666666667,2.785,996.784999999999
2016,137,23,119.2265,-1.12166666666667,0,0,11.4483333333333,83.5683333333334,2.09,996.636666666666,119.2265,-1.12166666666667,0,0,11.4483333333333,83.5683333333334,2.09,996.636666666666
2016,138,0,120.3435,-1.14166666666667,-0.00333333333333333,0,10.83,81.81,2.11666666666667,996.351666666667,120.3435,-1.14166666666667,-0.00333333333333333,0,10.83,81.81,2.11666666666667,996.351666666667
2016,138,1,118.242333333333,-0.0883333333333334,-0.125,0,10.4833333333333,83.4483333333334,1.64666666666667,996.043333333334,118.242333333333,-0.0883333333333334,-0.125,0,10.4833333333333,83.4483333333334,1.64666666666667,996.043333333334
2016,138,2,113.231,0.51,0,0,10.2683333333333,86.1866666666667,2.31333333333333,996.114999999999,113.231,0.51,0,0,10.2683333333333,86.1866666666667,2.31333333333333,996.114999999999
2016,138,3,105.911,0.799999999999999,0,0,10.2583333333333,88.8483333333333,2.39,996.481666666665,105.911,0.799999999999999,0,0,10.2583333333333,88.8483333333333,2.39,996.481666666665
2016,138,4,96.9183333333333,1.02833333333333,0.04,0.0233333333333333,10.3366666666667,90.2866666666667,1.05614035087719,996.72,96.9183333333333,1.02833333333333,0.04,0.0233333333333333,10.3366666666667,90.2866666666667,1.05614035087719,996.72
2016,138,5,86.547,1.49666666666667,9.28166666666667,3.94166666666667,10.3116666666667,88.855,1.07692307692308,996.800000000001,86.547,1.49666666666667,9.28166666666667,3.94166666666667,10.3116666666667,88.855,1.07692307692308,996.800000000001
2016,138,6,75.8336666666667,1.21166666666667,38.9466666666667,16.865,10.5616666666667,83.4116666666667,2.22666666666667,997.206666666667,75.8336666666667,1.21166666666667,38.9466666666667,16.865,10.5616666666667,83.4116666666667,2.22666666666667,997.206666666667
2016,138,7,64.5516666666667,0.716666666666667,98.035593220339,42.9233333333333,10.9416666666667,78.615,4.23333333333333,997.351666666667,64.5516666666667,0.716666666666667,98.035593220339,42.9233333333333,10.9416666666667,78.615,4.23333333333333,997.351666666667
2016,138,8,53.1041666666667,1.45,191.606779661017,84.5316666666667,11.745,72.2583333333334,4.55833333333333,997.438333333334,53.1041666666667,1.45,191.606779661017,84.5316666666667,11.745,72.2583333333334,4.55833333333333,997.438333333334
2016,138,9,41.8588333333333,1.31,298.110169491525,131.586666666667,12.2883333333333,71.0433333333333,5.74833333333333,997.666666666666,41.8588333333333,1.31,298.110169491525,131.586666666667,12.2883333333333,71.0433333333333,5.74833333333333,997.666666666666
2016,138,10,31.4656666666667,3.145,391.051666666667,173.673333333333,12.7766666666667,68.065,6.41666666666667,997.638333333332,31.4656666666667,3.145,391.051666666667,173.673333333333,12.7766666666667,68.065,6.41666666666667,997.638333333332
2016,138,11,23.463,13.4766666666667,478.601666666667,213.581666666667,13.2916666666667,63.1366666666667,6.36666666666667,997.476666666667,23.463,13.4766666666667,478.601666666667,213.581666666667,13.2916666666667,63.1366666666667,6.36666666666667,997.476666666667
2016,138,12,20.922,0.0116666666666667,344.968333333333,157.608333333333,13.515,61.4316666666667,5.09833333333333,997.056666666667,20.922,0.0116666666666667,344.968333333333,157.608333333333,13.515,61.4316666666667,5.09833333333333,997.056666666667
2016,138,13,25.4611666666667,-1.12166666666667,216.86,103.745,13.595,62.6433333333333,4.19,996.733333333332,25.4611666666667,-1.12166666666667,216.86,103.745,13.595,62.6433333333333,4.19,996.733333333332
2016,138,14,34.4365,-3.57,144.348333333333,69.59,13.105,68.9383333333333,2.75333333333333,996.63,34.4365,-3.57,144.348333333333,69.59,13.105,68.9383333333333,2.75333333333333,996.63
2016,138,15,45.1843333333333,-2.59166666666667,107.338333333333,51.155,12.95,73.3116666666667,2.08166666666667,996.055,45.1843333333333,-2.59166666666667,107.338333333333,51.155,12.95,73.3116666666667,2.08166666666667,996.055
2016,138,16,56.5303333333333,-1.99333333333333,92.7066666666667,42.9216666666667,13.0216666666667,75.64,2.94333333333333,995.696666666666,56.5303333333333,-1.99333333333333,92.7066666666667,42.9216666666667,13.0216666666667,75.64,2.94333333333333,995.696666666666
2016,138,17,67.9495,-2.18166666666667,94.4283333333334,41.2516666666667,13.07,74.1183333333333,2.795,995.885000000001,67.9495,-2.18166666666667,94.4283333333334,41.2516666666667,13.07,74.1183333333333,2.795,995.885000000001
2016,138,18,79.0998333333333,-1.1,20.4416666666667,8.88,12.8766666666667,78.3,3.22333333333333,995.98,79.0998333333333,-1.1,20.4416666666667,8.88,12.8766666666667,78.3,3.22333333333333,995.98
2016,138,19,89.6676666666667,2.22,3.425,1.46166666666667,12.6033333333333,82.9866666666667,2.235,996.288333333334,89.6676666666667,2.22,3.425,1.46166666666667,12.6033333333333,82.9866666666667,2.235,996.288333333334
2016,138,20,99.675,0.894999999999999,0,0,12.2433333333333,85.435,2.165,996.653333333334,99.675,0.894999999999999,0,0,12.2433333333333,85.435,2.165,996.653333333334
2016,138,21,108.194333333333,-0.451666666666667,-0.0283333333333333,0,11.6283333333333,82.3933333333334,5.05,997.226666666668,108.194333333333,-0.451666666666667,-0.0283333333333333,0,11.6283333333333,82.3933333333334,5.05,997.226666666668
2016,138,22,114.853333333333,-0.544999999999999,0,0,10.35,78.8733333333333,5.32833333333333,997.518333333333,114.853333333333,-0.544999999999999,0,0,10.35,78.8733333333333,5.32833333333333,997.518333333333
2016,138,23,119.008166666667,-0.386666666666666,0,0,9.69166666666667,76.24,4.72333333333333,997.403333333334,119.008166666667,-0.386666666666666,0,0,9.69166666666667,76.24,4.72333333333333,997.403333333334
2016,139,0,120.124,-0.635,0,0,9.265,68.97,4.83333333333333,996.998333333334,120.124,-0.635,0,0,9.265,68.97,4.83333333333333,996.998333333334
2016,139,1,118.032666666667,-0.916666666666667,-0.123333333333333,0,8.00999999999999,73.6133333333334,3.95166666666667,996.739999999999,118.032666666667,-0.916666666666667,-0.123333333333333,0,8.00999999999999,73.6133333333334,3.95166666666667,996.739999999999
2016,139,2,113.038,-0.285,-0.065,0,6.915,73.6683333333333,4.68833333333333,996.63,113.038,-0.285,-0.065,0,6.915,73.6683333333333,4.68833333333333,996.63
2016,139,3,105.737833333333,0.433333333333333,-0.285,0,6.10833333333333,75.7266666666667,5.98,996.546666666666,105.737833333333,0.433333333333333,-0.285,0,6.10833333333333,75.7266666666667,5.98,996.546666666666
2016,139,4,96.764,0.305,0.278333333333333,0.113333333333333,5.75666666666667,77.0583333333333,4.055,996.908333333334,96.764,0.305,0.278333333333333,0.113333333333333,5.75666666666667,77.0583333333333,4.055,996.908333333334
2016,139,5,86.4043333333333,149.394545454545,22.0833333333333,15.0333333333333,5.96,76.7083333333333,3.75666666666667,997.27,86.4043333333333,149.394545454545,22.0833333333333,15.0333333333333,5.96,76.7083333333333,3.75666666666667,997.27
2016,139,6,75.7073333333333,530.041666666667,65.0160714285714,76.5683333333333,7.485,70.315,4.74333333333333,997.716666666667,75.7073333333333,530.041666666667,65.0160714285714,76.5683333333333,7.485,70.315,4.74333333333333,997.716666666667
2016,139,7,64.431,717.835,88.9166666666667,157.223333333333,9.58,62.9483333333333,5.38666666666667,997.875000000001,64.431,717.835,88.9166666666667,157.223333333333,9.58,62.9483333333333,5.38666666666667,997.875000000001
2016,139,8,52.9841666666667,797.386666666667,113.053571428571,235.055,11.665,56.9833333333333,5.04666666666667,998.250000000001,52.9841666666667,797.386666666667,113.053571428571,235.055,11.665,56.9833333333333,5.04666666666667,998.250000000001
2016,139,9,41.7296666666667,818.3,142.181666666667,300.161666666667,13.125,57.3516666666667,4.48666666666667,997.885,41.7296666666667,818.3,142.181666666667,300.161666666667,13.125,57.3516666666667,4.48666666666667,997.885
2016,139,10,31.313,855.785,152.521666666667,352.46,14.8533333333333,58.3533333333333,3.40166666666667,997.786666666667,31.313,855.785,152.521666666667,352.46,14.8533333333333,58.3533333333333,3.40166666666667,997.786666666667
2016,139,11,23.2725,658.935,286.208333333333,354.41,16.1566666666667,54.0566666666667,2.95833333333333,997.598333333333,23.2725,658.935,286.208333333333,354.41,16.1566666666667,54.0566666666667,2.95833333333333,997.598333333333
2016,139,12,20.7071666666667,455.915,339.251666666667,308.136666666667,17.3366666666667,48.67,2.435,997.016666666667,20.7071666666667,455.915,339.251666666667,308.136666666667,17.3366666666667,48.67,2.435,997.016666666667
2016,139,13,25.2721666666667,824.808333333333,313.143333333333,417.67,18.5133333333333,42.8416666666667,2.81333333333333,996.361666666666,25.2721666666667,824.808333333333,313.143333333333,417.67,18.5133333333333,42.8416666666667,2.81333333333333,996.361666666666
2016,139,14,34.2791666666667,518.088333333333,287.945,285.42,18.64,40.2333333333333,2.59333333333333,995.82,34.2791666666667,518.088333333333,287.945,285.42,18.64,40.2333333333333,2.59333333333333,995.82
2016,139,15,45.0436666666667,307.876271186441,228.451666666667,182.963333333333,19.07,37.1916666666666,2.6,995.158333333333,45.0436666666667,307.876271186441,228.451666666667,182.963333333333,19.07,37.1916666666666,2.6,995.158333333333
2016,139,16,56.3948333333333,1.78166666666667,164.323333333333,69.4016666666667,18.4816666666667,38.17,2.53166666666667,995.243333333334,56.3948333333333,1.78166666666667,164.323333333333,69.4016666666667,18.4816666666667,38.17,2.53166666666667,995.243333333334
2016,139,17,67.812,217.238333333333,153.518333333333,93.52,18.95,37.0666666666667,1.7864406779661,995.089999999999,67.812,217.238333333333,153.518333333333,93.52,18.95,37.0666666666667,1.7864406779661,995.089999999999
2016,139,18,78.9568333333333,5.76666666666667,55.115,23.5224137931034,18.3983333333333,38.9516666666667,2.66,995.163333333332,78.9568333333333,5.76666666666667,55.115,23.5224137931034,18.3983333333333,38.9516666666667,2.66,995.163333333332
2016,139,19,89.5076666666667,4.44333333333334,9.21166666666666,4.04,17.675,41.8133333333333,1.70833333333333,995.293333333333,89.5076666666667,4.44333333333334,9.21166666666666,4.04,17.675,41.8133333333333,1.70833333333333,995.293333333333
2016,139,20,99.506,0.0933333333333333,-0.27,0,17.0016666666667,43.32,1.55833333333333,995.571666666667,99.506,0.0933333333333333,-0.27,0,17.0016666666667,43.32,1.55833333333333,995.571666666667
2016,139,21,108.008166666667,-0.356666666666666,-0.285,0,15.22,52.95,1.85666666666667,996.041666666666,108.008166666667,-0.356666666666666,-0.285,0,15.22,52.95,1.85666666666667,996.041666666666
2016,139,22,114.652333333333,0.415,-0.191666666666667,0,14.6,54.18,3.5,996.380000000001,114.652333333333,0.415,-0.191666666666667,0,14.6,54.18,3.5,996.380000000001
2016,139,23,118.7965,-0.49,-0.326666666666667,0,14.06,53.3333333333333,3.64666666666667,996.531666666666,118.7965,-0.49,-0.326666666666667,0,14.06,53.3333333333333,3.64666666666667,996.531666666666
2016,140,0,119.9105,-0.68,-0.243333333333333,0,12.76,58.825,3.155,996.599999999999,119.9105,-0.68,-0.243333333333333,0,12.76,58.825,3.155,996.599999999999
2016,140,1,117.828833333333,-0.283333333333333,-0.0933333333333334,0,11.6666666666667,63.8883333333333,3.04333333333333,996.553333333333,117.828833333333,-0.283333333333333,-0.0933333333333334,0,11.6666666666667,63.8883333333333,3.04333333333333,996.553333333333
2016,140,2,112.851833333333,-0.426666666666666,-0.113333333333333,0,10.8883333333333,67.415,2.89833333333333,996.259999999999,112.851833333333,-0.426666666666666,-0.113333333333333,0,10.8883333333333,67.415,2.89833333333333,996.259999999999
2016,140,3,105.571666666667,1.40833333333333,0,0,10.665,68.495,2.64166666666667,996.218333333333,105.571666666667,1.40833333333333,0,0,10.665,68.495,2.64166666666667,996.218333333333
2016,140,4,96.6158333333333,1.44166666666667,0.281666666666667,0.1,10.6733333333333,69.4566666666667,2.645,996.45,96.6158333333333,1.44166666666667,0.281666666666667,0.1,10.6733333333333,69.4566666666667,2.645,996.45
2016,140,5,86.2801666666667,122.206666666667,30.9483333333333,7.31428571428571,10.76,69.05,3.19833333333334,996.778333333334,86.2801666666667,122.206666666667,30.9483333333333,7.31428571428571,10.76,69.05,3.19833333333334,996.778333333334
2016,140,6,75.5858333333333,505.176666666667,87.1322033898305,85.9,12.0266666666667,63.7683333333334,3.65,997.321666666667,75.5858333333333,505.176666666667,87.1322033898305,85.9,12.0266666666667,63.7683333333334,3.65,997.321666666667
2016,140,7,64.3165,696.471666666667,98.5183333333334,156.916666666667,13.77,56.4916666666667,3.17833333333333,997.52,64.3165,696.471666666667,98.5183333333334,156.916666666667,13.77,56.4916666666667,3.17833333333333,997.52
2016,140,8,52.8686666666667,795.87,115.426666666667,234.801666666667,15.9666666666667,44.4666666666667,2.99833333333333,997.573333333332,52.8686666666667,795.87,115.426666666667,234.801666666667,15.9666666666667,44.4666666666667,2.99833333333333,997.573333333332
2016,140,9,41.606,860.736666666667,122.153333333333,301.983333333333,17.6483333333333,35.2333333333333,2.20833333333333,997.416666666667,41.606,860.736666666667,122.153333333333,301.983333333333,17.6483333333333,35.2333333333333,2.20833333333333,997.416666666667
2016,140,10,31.1668333333333,885.313333333333,126.645,348.37,18.8266666666667,30.2983333333333,1.68666666666667,997.316666666667,31.1668333333333,885.313333333333,126.645,348.37,18.8266666666667,30.2983333333333,1.68666666666667,997.316666666667
2016,140,11,23.0873333333333,925.378333333334,138.768333333333,389.615,19.2833333333333,29.99,2.315,996.786666666667,23.0873333333333,925.378333333334,138.768333333333,389.615,19.2833333333333,29.99,2.315,996.786666666667
2016,140,12,20.4983333333333,933.02,124.29,393.511666666667,19.9583333333333,29.32,2.08,995.981666666667,20.4983333333333,933.02,124.29,393.511666666667,19.9583333333333,29.32,2.08,995.981666666667
2016,140,13,25.0876666666667,906.155,132.375,376.143333333333,20.5383333333333,27.9816666666667,2.595,995.264999999999,25.0876666666667,906.155,132.375,376.143333333333,20.5383333333333,27.9816666666667,2.595,995.264999999999
2016,140,14,34.1241666666667,838.268333333334,145.7,333.206666666667,21.0866666666667,26.4133333333333,3.09166666666667,994.910000000001,34.1241666666667,838.268333333334,145.7,333.206666666667,21.0866666666667,26.4133333333333,3.09166666666667,994.910000000001
2016,140,15,44.9056666666667,826.533333333333,125.165,280.465,21.7133333333333,24.79,2.43666666666667,994.541666666667,44.9056666666667,826.533333333333,125.165,280.465,21.7133333333333,24.79,2.43666666666667,994.541666666667
2016,140,16,56.2625,723.65,124.87,208.653333333333,21.815,24.9,3.125,994.026666666667,56.2625,723.65,124.87,208.653333333333,21.815,24.9,3.125,994.026666666667
2016,140,17,67.6788333333333,423.736666666667,141.14,119.778333333333,21.5816666666667,23.7533333333333,4.32333333333333,993.703333333332,67.6788333333333,423.736666666667,141.14,119.778333333333,21.5816666666667,23.7533333333333,4.32333333333333,993.703333333332
2016,140,18,78.8163333333333,123.161666666667,91.1583333333333,46.2333333333334,21.135,25.13,4.40833333333333,993.875,78.8163333333333,123.161666666667,91.1583333333333,46.2333333333334,21.135,25.13,4.40833333333333,993.875
2016,140,19,89.3518333333333,2.505,12.4216666666667,4.70166666666666,19.5983333333333,31.175,3.765,994.083333333334,89.3518333333333,2.505,12.4216666666667,4.70166666666666,19.5983333333333,31.175,3.765,994.083333333334
2016,140,20,99.3386666666667,-1.54666666666667,-0.4,0,17.53,39.4066666666667,3.365,993.933333333334,99.3386666666667,-1.54666666666667,-0.4,0,17.53,39.4066666666667,3.365,993.933333333334
2016,140,21,107.826333333333,-0.855,-0.378333333333333,0,16.3666666666667,43.8133333333333,3.505,994.275000000001,107.826333333333,-0.855,-0.378333333333333,0,16.3666666666667,43.8133333333333,3.505,994.275000000001
2016,140,22,114.455333333333,-0.286666666666667,-0.21,0,15.5783333333333,47.835,3.335,994.654999999999,114.455333333333,-0.286666666666667,-0.21,0,15.5783333333333,47.835,3.335,994.654999999999
2016,140,23,118.589333333333,0.775,-0.0283333333333333,0,14.9483333333333,51.8233333333333,3.185,994.528333333334,118.589333333333,0.775,-0.0283333333333333,0,14.9483333333333,51.8233333333333,3.185,994.528333333334
2016,141,0,119.703333333333,0.12,-0.19,0,14.9666666666667,50.8983333333333,3.585,994.218333333333,119.703333333333,0.12,-0.19,0,14.9666666666667,50.8983333333333,3.585,994.218333333333
2016,141,1,117.6315,0.345,-0.05,0,14.4616666666667,53.35,3.49833333333333,993.97,117.6315,0.345,-0.05,0,14.4616666666667,53.35,3.49833333333333,993.97
2016,141,2,112.671333333333,-0.0416666666666667,-0.213333333333333,0,13.895,56.8216666666667,3.36,994.163333333332,112.671333333333,-0.0416666666666667,-0.213333333333333,0,13.895,56.8216666666667,3.36,994.163333333332
2016,141,3,105.410666666667,-0.391666666666667,-0.266666666666667,0,13.415,58.6966666666667,3.68166666666667,994.201666666667,105.410666666667,-0.391666666666667,-0.266666666666667,0,13.415,58.6966666666667,3.68166666666667,994.201666666667
2016,141,4,96.4735,0.976666666666666,0.253333333333333,0.0433333333333333,13.3316666666667,59.3633333333333,4.34166666666667,994.355000000001,96.4735,0.976666666666666,0.253333333333333,0.0433333333333333,13.3316666666667,59.3633333333333,4.34166666666667,994.355000000001
2016,141,5,86.149,0.609999999999999,8.33833333333333,3.58833333333333,13.4933333333333,58.6133333333333,4.23833333333333,994.626666666668,86.149,0.609999999999999,8.33833333333333,3.58833333333333,13.4933333333333,58.6133333333333,4.23833333333333,994.626666666668
2016,141,6,75.4703333333333,0.611666666666666,36.5383333333333,16.3133333333333,13.5483333333333,59.12,4.68333333333333,994.956666666667,75.4703333333333,0.611666666666666,36.5383333333333,16.3133333333333,13.5483333333333,59.12,4.68333333333333,994.956666666667
2016,141,7,64.2065,7.87666666666667,108.06,48.8916666666667,14.2583333333333,56.8766666666667,5.02166666666667,994.896666666667,64.2065,7.87666666666667,108.06,48.8916666666667,14.2583333333333,56.8766666666667,5.02166666666667,994.896666666667
2016,141,8,52.7591666666667,83.9433333333332,231.453333333333,121.456666666667,15.72,51.325,6.375,994.636666666667,52.7591666666667,83.9433333333332,231.453333333333,121.456666666667,15.72,51.325,6.375,994.636666666667
2016,141,9,41.4883333333333,3.03333333333333,336.16,145.74,16.97,47.4533333333333,5.985,994.288333333334,41.4883333333333,3.03333333333333,336.16,145.74,16.97,47.4533333333333,5.985,994.288333333334
2016,141,10,31.0266666666667,3.46166666666667,384.698333333333,168.576666666667,18.5316666666667,39.6833333333333,6.92,993.68,31.0266666666667,3.46166666666667,384.698333333333,168.576666666667,18.5316666666667,39.6833333333333,6.92,993.68
2016,141,11,22.9085,8.95166666666666,452.995,197.085,19.53,33.1183333333333,7.42,993.345,22.9085,8.95166666666666,452.995,197.085,19.53,33.1183333333333,7.42,993.345
2016,141,12,20.294,0.991666666666667,346.195,154.866666666667,19.6416666666667,31.67,7.33,992.796666666667,20.294,0.991666666666667,346.195,154.866666666667,19.6416666666667,31.67,7.33,992.796666666667
2016,141,13,24.9065,-0.566666666666666,226.465,103.726666666667,19.3583333333333,32.3716666666667,6.79166666666667,992.381666666668,24.9065,-0.566666666666666,226.465,103.726666666667,19.3583333333333,32.3716666666667,6.79166666666667,992.381666666668
2016,141,14,33.9723333333333,0.245,153.943333333333,73.3516666666667,19.155,34.5683333333333,5.94833333333333,992.146666666667,33.9723333333333,0.245,153.943333333333,73.3516666666667,19.155,34.5683333333333,5.94833333333333,992.146666666667
2016,141,15,44.77,0.0383333333333333,124.451666666667,59.2783333333333,18.68,39.5366666666667,6.11333333333333,991.876666666667,44.77,0.0383333333333333,124.451666666667,59.2783333333333,18.68,39.5366666666667,6.11333333333333,991.876666666667
2016,141,16,56.1315,-0.085,93.685,43.5933333333333,17.55,50.2866666666667,5.21166666666667,991.823333333335,56.1315,-0.085,93.685,43.5933333333333,17.55,50.2866666666667,5.21166666666667,991.823333333335
2016,141,17,67.5465,-3.04666666666667,41.7583333333333,20.2483333333333,15.6166666666667,66.4533333333333,3.77833333333333,992.086666666665,67.5465,-3.04666666666667,41.7583333333333,20.2483333333333,15.6166666666667,66.4533333333333,3.77833333333333,992.086666666665
2016,141,18,78.678,-0.886666666666667,12.2516666666667,5.92333333333333,13.77,80.3316666666666,3.52333333333333,992.606666666668,78.678,-0.886666666666667,12.2516666666667,5.92333333333333,13.77,80.3316666666666,3.52333333333333,992.606666666668
2016,141,19,89.1983333333333,0.351666666666667,2.765,1.335,13.3533333333333,83.1566666666667,1.86666666666667,992.648333333333,89.1983333333333,0.351666666666667,2.765,1.335,13.3533333333333,83.1566666666667,1.86666666666667,992.648333333333
2016,141,20,99.1745,0.625,-0.238333333333333,0,13.1966666666667,85.1033333333333,1.55333333333333,992.443333333334,99.1745,0.625,-0.238333333333333,0,13.1966666666667,85.1033333333333,1.55333333333333,992.443333333334
2016,141,21,107.646333333333,0.886666666666667,-0.005,0,12.9316666666667,87.93,2.09166666666667,992.515,107.646333333333,0.886666666666667,-0.005,0,12.9316666666667,87.93,2.09166666666667,992.515
2016,141,22,114.262,1.225,0,0,12.9766666666667,87.2916666666666,1.13050847457627,992.755,114.262,1.225,0,0,12.9766666666667,87.2916666666666,1.13050847457627,992.755
2016,141,23,118.387666666667,1.345,0,0,13.0133333333333,87.985,2.90166666666667,992.751666666668,118.387666666667,1.345,0,0,13.0133333333333,87.985,2.90166666666667,992.751666666668
2016,142,0,119.500666666667,1.23166666666667,0,0,13.4983333333333,80.6516666666667,3.92333333333333,992.686666666666,119.500666666667,1.23166666666667,0,0,13.4983333333333,80.6516666666667,3.92333333333333,992.686666666666
2016,142,1,117.439666666667,1.17833333333333,0,0,13.4783333333333,73.9533333333333,3.43666666666667,992.408333333334,117.439666666667,1.17833333333333,0,0,13.4783333333333,73.9533333333333,3.43666666666667,992.408333333334
2016,142,2,112.496833333333,0.473333333333333,-0.33,0,12.705,76.53,4.24166666666667,992.149999999999,112.496833333333,0.473333333333333,-0.33,0,12.705,76.53,4.24166666666667,992.149999999999
2016,142,3,105.255,0.441666666666666,-0.236666666666667,0,12.13,77.6083333333333,3.935,992.116666666666,105.255,0.441666666666666,-0.236666666666667,0,12.13,77.6083333333333,3.935,992.116666666666
2016,142,4,96.3353333333333,0.603333333333333,-0.03,0.0516666666666667,11.925,76.62,3.95833333333333,992.558333333333,96.3353333333333,0.603333333333333,-0.03,0.0516666666666667,11.925,76.62,3.95833333333333,992.558333333333
2016,142,5,86.0208333333333,1.18666666666667,14.7683333333333,6.46833333333333,11.9766666666667,76.6283333333333,3.785,993.159999999999,86.0208333333333,1.18666666666667,14.7683333333333,6.46833333333333,11.9766666666667,76.6283333333333,3.785,993.159999999999
2016,142,6,75.3591666666667,1.67333333333333,43.451724137931,19.8883333333333,12.0483333333333,73.7766666666667,4.13666666666667,993.800000000001,75.3591666666667,1.67333333333333,43.451724137931,19.8883333333333,12.0483333333333,73.7766666666667,4.13666666666667,993.800000000001
2016,142,7,64.101,28.5716666666667,210.346666666667,94.8066666666667,13.185,69.7633333333333,4.54666666666667,994.136666666667,64.101,28.5716666666667,210.346666666667,94.8066666666667,13.185,69.7633333333333,4.54666666666667,994.136666666667
2016,142,8,52.656,429.196666666667,245.995,207.253333333333,16.1833333333333,57.2016666666667,4.34666666666666,994.381666666668,52.656,429.196666666667,245.995,207.253333333333,16.1833333333333,57.2016666666667,4.34666666666666,994.381666666668
2016,142,9,41.3761666666667,648.868333333334,226.513559322034,281.09,18.3866666666667,44.71,5.93333333333333,994.251666666667,41.3761666666667,648.868333333334,226.513559322034,281.09,18.3866666666667,44.71,5.93333333333333,994.251666666667
2016,142,10,30.8931666666667,647,259.263333333333,318.79,19.7583333333333,38.095,5.635,994.401666666668,30.8931666666667,647,259.263333333333,318.79,19.7583333333333,38.095,5.635,994.401666666668
2016,142,11,22.7356666666667,756.053333333334,231.635593220339,368.39,21.26,30.055,5.99333333333334,994.21,22.7356666666667,756.053333333334,231.635593220339,368.39,21.26,30.055,5.99333333333334,994.21
2016,142,12,20.0966666666667,794.65,206.45,378.041666666667,22.4433333333333,25.5083333333333,6.41666666666667,993.591666666667,20.0966666666667,794.65,206.45,378.041666666667,22.4433333333333,25.5083333333333,6.41666666666667,993.591666666667
2016,142,13,24.7308333333333,716.968333333333,249.498181818182,356.198333333333,23.2583333333333,24.0483333333333,7.11833333333333,993.295,24.7308333333333,716.968333333333,249.498181818182,356.198333333333,23.2583333333333,24.0483333333333,7.11833333333333,993.295
2016,142,14,33.8245,723.33,227.563333333333,327.206666666667,23.8433333333333,22.4116666666667,7.455,993.005,33.8245,723.33,227.563333333333,327.206666666667,23.8433333333333,22.4116666666667,7.455,993.005
2016,142,15,44.6368333333333,724.313333333334,185.638333333333,278.626666666667,24.2183333333333,21.5333333333333,7.89666666666667,992.483333333334,44.6368333333333,724.313333333334,185.638333333333,278.626666666667,24.2183333333333,21.5333333333333,7.89666666666667,992.483333333334
2016,142,16,56.0033333333333,656.506666666666,161.561666666667,207.011666666667,24.4016666666667,20.865,7.05333333333334,992.281666666665,56.0033333333333,656.506666666666,161.561666666667,207.011666666667,24.4016666666667,20.865,7.05333333333334,992.281666666665
2016,142,17,67.4153333333333,583.675,108.263333333333,129.21,24.2133333333333,20.3083333333333,7.465,992.194999999999,67.4153333333333,583.675,108.263333333333,129.21,24.2133333333333,20.3083333333333,7.465,992.194999999999
2016,142,18,78.5411666666667,314.056666666667,64.7864406779661,53.414,23.6366666666667,20.615,6.42333333333333,992.315000000001,78.5411666666667,314.056666666667,64.7864406779661,53.414,23.6366666666667,20.615,6.42333333333333,992.315000000001
2016,142,19,89.0458333333333,26.8866666666667,13.465,5.77118644067796,21.6666666666667,24.5616666666667,4.95666666666667,992.591666666666,89.0458333333333,26.8866666666667,13.465,5.77118644067796,21.6666666666667,24.5616666666667,4.95666666666667,992.591666666666
2016,142,20,99.0143333333333,-1.42666666666667,-0.381666666666666,0,19.7916666666667,27.8133333333333,3.43,992.831666666667,99.0143333333333,-1.42666666666667,-0.381666666666666,0,19.7916666666667,27.8133333333333,3.43,992.831666666667
2016,142,21,107.472333333333,-0.88,-0.323333333333333,0,18.6416666666667,30.895,1.975,993.248333333334,107.472333333333,-0.88,-0.323333333333333,0,18.6416666666667,30.895,1.975,993.248333333334
2016,142,22,114.0735,-1.56,-0.4,0,16.775,37.92,1.32833333333333,993.360000000002,114.0735,-1.56,-0.4,0,16.775,37.92,1.32833333333333,993.360000000002
2016,142,23,118.191166666667,-0.663333333333333,-0.348333333333333,0,15.64,41.4483333333333,1.80666666666667,993.44,118.191166666667,-0.663333333333333,-0.348333333333333,0,15.64,41.4483333333333,1.80666666666667,993.44
2016,143,0,119.305333333333,-0.446666666666666,-0.388333333333333,0,15.1083333333333,44.2433333333333,2.25333333333333,993.579999999999,119.305333333333,-0.446666666666666,-0.388333333333333,0,15.1083333333333,44.2433333333333,2.25333333333333,993.579999999999
2016,143,1,117.253333333333,-0.0866666666666666,-0.35,0,13.3,54.4283333333333,2.46833333333333,993.431666666668,117.253333333333,-0.0866666666666666,-0.35,0,13.3,54.4283333333333,2.46833333333333,993.431666666668
2016,143,2,112.328333333333,0.235,-0.226666666666667,0,12.5866666666667,58.9066666666667,3.27833333333333,993.47,112.328333333333,0.235,-0.226666666666667,0,12.5866666666667,58.9066666666667,3.27833333333333,993.47
2016,143,3,105.1055,0.806666666666667,-0.193333333333333,0,13.1033333333333,54.455,2.415,993.623333333332,105.1055,0.806666666666667,-0.193333333333333,0,13.1033333333333,54.455,2.415,993.623333333332
2016,143,4,96.2038333333333,0.463333333333334,0.276666666666667,0.176666666666667,12.7233333333333,56.7566666666667,2.01833333333333,993.911666666667,96.2038333333333,0.463333333333334,0.276666666666667,0.176666666666667,12.7233333333333,56.7566666666667,2.01833333333333,993.911666666667
2016,143,5,85.899,149.1125,24.585,15.9107142857143,13.0816666666667,55.2933333333334,1.13666666666667,994.191666666666,85.899,149.1125,24.585,15.9107142857143,13.0816666666667,55.2933333333334,1.13666666666667,994.191666666666
2016,143,6,75.2541666666667,503.193333333333,69.8706896551724,75.37,14.6283333333333,51.4,1.09,994.45,75.2541666666667,503.193333333333,69.8706896551724,75.37,14.6283333333333,51.4,1.09,994.45
2016,143,7,64.0018333333333,660.036666666667,104.545,152.935,17.65,43.1116666666667,1.77666666666667,994.631666666666,64.0018333333333,660.036666666667,104.545,152.935,17.65,43.1116666666667,1.77666666666667,994.631666666666
2016,143,8,52.5568333333333,758.116666666667,124.577586206897,231.971666666667,20.91,28.9266666666667,3.18666666666667,994.653333333333,52.5568333333333,758.116666666667,124.577586206897,231.971666666667,20.91,28.9266666666667,3.18666666666667,994.653333333333
2016,143,9,41.2698333333333,838.641666666667,125.003333333333,301.35,22.655,23.4633333333333,3.83,994.303333333332,41.2698333333333,838.641666666667,125.003333333333,301.35,22.655,23.4633333333333,3.83,994.303333333332
2016,143,10,30.7656666666667,879.18,124.9,351.843333333333,24.0366666666667,22.6766666666667,3.87166666666667,993.855,30.7656666666667,879.18,124.9,351.843333333333,24.0366666666667,22.6766666666667,3.87166666666667,993.855
2016,143,11,22.5696666666667,899.076666666667,124.078333333333,381.795,25.2983333333333,21.3866666666667,4.24666666666667,993.076666666666,22.5696666666667,899.076666666667,124.078333333333,381.795,25.2983333333333,21.3866666666667,4.24666666666667,993.076666666666
2016,143,12,19.9038333333333,895.776666666667,128.793333333333,388.921666666667,26.3333333333333,20.5666666666667,4.81666666666667,992.311666666667,19.9038333333333,895.776666666667,128.793333333333,388.921666666667,26.3333333333333,20.5666666666667,4.81666666666667,992.311666666667
2016,143,13,24.5583333333333,877.533333333333,134.856666666667,374.895,27.18,19.7783333333333,5.34833333333333,991.603333333334,24.5583333333333,877.533333333333,134.856666666667,374.895,27.18,19.7783333333333,5.34833333333333,991.603333333334
2016,143,14,33.6788333333333,815.911666666666,143.3,330.823333333333,27.875,19.1183333333333,5.30166666666667,990.781666666667,33.6788333333333,815.911666666666,143.3,330.823333333333,27.875,19.1183333333333,5.30166666666667,990.781666666667
2016,143,15,44.505,599.911666666667,203.613333333333,254.735,28.37,18.04,5.915,990.018333333334,44.505,599.911666666667,203.613333333333,254.735,28.37,18.04,5.915,990.018333333334
2016,143,16,55.8761666666667,679.156666666667,175.23,220.005084745763,28.6033333333333,18.0466666666667,5.80166666666667,989.493333333334,55.8761666666667,679.156666666667,175.23,220.005084745763,28.6033333333333,18.0466666666667,5.80166666666667,989.493333333334
2016,143,17,67.2856666666667,584.953333333333,103.086666666667,130.465,27.9133333333333,19.8133333333333,7.02333333333334,989.219999999999,67.2856666666667,584.953333333333,103.086666666667,130.465,27.9133333333333,19.8133333333333,7.02333333333334,989.219999999999
2016,143,18,78.4075,396.491666666667,58.4733333333333,55.24,26.6716666666667,22.4116666666667,6.80833333333333,989.323333333334,78.4075,396.491666666667,58.4733333333333,55.24,26.6716666666667,22.4116666666667,6.80833333333333,989.323333333334
2016,143,19,88.8966666666667,54.925,12.9533333333333,6.92666666666667,24.5183333333333,26.735,5.40166666666667,989.569999999999,88.8966666666667,54.925,12.9533333333333,6.92666666666667,24.5183333333333,26.735,5.40166666666667,989.569999999999
2016,143,20,98.8561666666667,-1.55,-0.385,0,22.395,30.2566666666667,4.26,989.813333333334,98.8561666666667,-1.55,-0.385,0,22.395,30.2566666666667,4.26,989.813333333334
2016,143,21,107.300833333333,-0.948333333333333,-0.4,0,20.99,33.95,2.46333333333333,990.436666666666,107.300833333333,-0.948333333333333,-0.4,0,20.99,33.95,2.46333333333333,990.436666666666
2016,143,22,113.889833333333,-1.46833333333333,-0.395,0,20.17,36.105,3.12166666666667,990.716666666666,113.889833333333,-1.46833333333333,-0.395,0,20.17,36.105,3.12166666666667,990.716666666666
2016,143,23,117.999666666667,-0.231666666666667,-0.223333333333333,0,18.7216666666667,39.6166666666667,2.59,990.801666666668,117.999666666667,-0.231666666666667,-0.223333333333333,0,18.7216666666667,39.6166666666667,2.59,990.801666666668
2016,144,0,119.114833333333,-1.40833333333333,-0.396666666666666,0,17.3666666666667,43.6616666666666,2.34166666666667,990.846666666668,119.114833333333,-1.40833333333333,-0.396666666666666,0,17.3666666666667,43.6616666666666,2.34166666666667,990.846666666668
2016,144,1,117.075,-0.961666666666667,-0.391666666666666,0,15.815,50.2016666666667,0.956896551724138,990.74,117.075,-0.961666666666667,-0.391666666666666,0,15.815,50.2016666666667,0.956896551724138,990.74
2016,144,2,112.165333333333,-0.391666666666666,-0.258333333333333,0,15.2416666666667,52.98,1.1875,991.273333333333,112.165333333333,-0.391666666666666,-0.258333333333333,0,15.2416666666667,52.98,1.1875,991.273333333333
2016,144,3,104.9615,0.06,-0.238333333333333,0,14.2566666666667,58.0733333333333,1.48666666666667,991.741666666668,104.9615,0.06,-0.238333333333333,0,14.2566666666667,58.0733333333333,1.48666666666667,991.741666666668
2016,144,4,96.0785,0.681666666666666,0.37,0.205,13.8816666666667,59.425,1.555,991.916666666667,96.0785,0.681666666666666,0.37,0.205,13.8816666666667,59.425,1.555,991.916666666667
2016,144,5,85.7955,122.94,24.95,15.2084745762712,13.4516666666667,63.2933333333333,2.25833333333333,991.851666666666,85.7955,122.94,24.95,15.2084745762712,13.4516666666667,63.2933333333333,2.25833333333333,991.851666666666
2016,144,6,75.1531666666667,460.256666666667,71.6086206896552,73.6283333333333,14.905,62.0733333333333,3.28,992.069999999999,75.1531666666667,460.256666666667,71.6086206896552,73.6283333333333,14.905,62.0733333333333,3.28,992.069999999999
2016,144,7,63.908,625.303333333333,107.541666666667,149.473333333333,18.0266666666667,48.0916666666667,5.31166666666667,992.106666666665,63.908,625.303333333333,107.541666666667,149.473333333333,18.0266666666667,48.0916666666667,5.31166666666667,992.106666666665
2016,144,8,52.4633333333333,723.748333333333,135.541666666667,226.846666666667,21.2683333333333,36.1516666666667,6.775,991.653333333333,52.4633333333333,723.748333333333,135.541666666667,226.846666666667,21.2683333333333,36.1516666666667,6.775,991.653333333333
2016,144,9,41.1691666666667,808.716666666667,139.962068965517,296.975,23.045,30.1683333333333,6.155,991.343333333333,41.1691666666667,808.716666666667,139.962068965517,296.975,23.045,30.1683333333333,6.155,991.343333333333
2016,144,10,30.6436666666667,855.938333333333,143.988333333333,349.76,24.32,27.41,5.245,990.891666666668,30.6436666666667,855.938333333333,143.988333333333,349.76,24.32,27.41,5.245,990.891666666668
2016,144,11,22.4108333333333,882.095,143.903333333333,380.993333333333,25.445,24.9016666666667,4.57833333333333,990.646666666666,22.4108333333333,882.095,143.903333333333,380.993333333333,25.445,24.9016666666667,4.57833333333333,990.646666666666
2016,144,12,19.7176666666667,870.853333333333,155,387.97,26.0616666666667,24.055,4.535,990.325,19.7176666666667,870.853333333333,155,387.97,26.0616666666667,24.055,4.535,990.325
2016,144,13,24.3893333333333,789.203333333333,189.148333333333,362.826666666667,26.55,23.61,4.50833333333333,990.028333333334,24.3893333333333,789.203333333333,189.148333333333,362.826666666667,26.55,23.61,4.50833333333333,990.028333333334
2016,144,14,33.536,667.611666666667,222.449152542373,312.806666666667,26.9433333333333,22.7283333333333,4.035,989.516666666667,33.536,667.611666666667,222.449152542373,312.806666666667,26.9433333333333,22.7283333333333,4.035,989.516666666667
2016,144,15,44.3756666666667,560.131666666667,224.575,250.678333333333,27.2666666666667,21.485,4.245,988.754999999999,44.3756666666667,560.131666666667,224.575,250.678333333333,27.2666666666667,21.485,4.245,988.754999999999
2016,144,16,55.751,331.696666666667,188.801694915254,151.931666666667,27.0883333333333,21.2816666666667,5.22333333333333,988.706666666667,55.751,331.696666666667,188.801694915254,151.931666666667,27.0883333333333,21.2816666666667,5.22333333333333,988.706666666667
2016,144,17,67.1606666666667,169.913333333333,162.046666666667,91.01,26.7883333333333,23.39,4.91333333333333,988.653333333332,67.1606666666667,169.913333333333,162.046666666667,91.01,26.7883333333333,23.39,4.91333333333333,988.653333333332
2016,144,18,78.2756666666667,96.5816666666667,94.84,45.9333333333333,26.2116666666667,25.4316666666667,5.10833333333333,988.581666666666,78.2756666666667,96.5816666666667,94.84,45.9333333333333,26.2116666666667,25.4316666666667,5.10833333333333,988.581666666666
2016,144,19,88.7631666666667,0.618333333333334,16.145,6.37333333333333,23.9666666666667,30.0183333333333,5.19333333333333,988.566666666666,88.7631666666667,0.618333333333334,16.145,6.37333333333333,23.9666666666667,30.0183333333333,5.19333333333333,988.566666666666
2016,144,20,98.7013333333333,-1.34,-0.4,0,21.945,33.9266666666667,4.79833333333333,988.718333333334,98.7013333333333,-1.34,-0.4,0,21.945,33.9266666666667,4.79833333333333,988.718333333334
2016,144,21,107.1335,-0.811666666666667,-0.4,0,20.4916666666667,40.0516666666667,4.53666666666667,989.275000000001,107.1335,-0.811666666666667,-0.4,0,20.4916666666667,40.0516666666667,4.53666666666667,989.275000000001
2016,144,22,113.710833333333,-0.236666666666667,-0.386666666666667,0,19.6983333333333,43.0466666666667,4.68333333333333,989.511666666667,113.710833333333,-0.236666666666667,-0.386666666666667,0,19.6983333333333,43.0466666666667,4.68333333333333,989.511666666667
2016,144,23,117.813666666667,-0.231666666666667,-0.385,0,19.3033333333333,44.0116666666667,5.33833333333333,989.716666666667,117.813666666667,-0.231666666666667,-0.385,0,19.3033333333333,44.0116666666667,5.33833333333333,989.716666666667
2016,145,0,118.930833333333,-1.38,-0.4,0,17.995,49.5916666666667,3.60666666666667,990.134999999999,118.930833333333,-1.38,-0.4,0,17.995,49.5916666666667,3.60666666666667,990.134999999999
2016,145,1,116.900833333333,-1.18666666666667,-0.4,0,17.07,54.0483333333333,2.48333333333333,990.496666666666,116.900833333333,-1.18666666666667,-0.4,0,17.07,54.0483333333333,2.48333333333333,990.496666666666
2016,145,2,112.009333333333,-0.553333333333332,-0.37,0,16.4883333333333,56.8333333333334,3.005,990.773333333334,112.009333333333,-0.553333333333332,-0.37,0,16.4883333333333,56.8333333333334,3.005,990.773333333334
2016,145,3,104.823833333333,0.406666666666667,-0.188333333333333,0,16.2216666666667,58.495,3.60666666666667,990.773333333333,104.823833333333,0.406666666666667,-0.188333333333333,0,16.2216666666667,58.495,3.60666666666667,990.773333333333
2016,145,4,95.9576666666667,-0.35,0.815,0.223333333333333,15.805,61.33,3.04333333333333,990.941666666666,95.9576666666667,-0.35,0.815,0.223333333333333,15.805,61.33,3.04333333333333,990.941666666666
2016,145,5,85.6841666666667,26.8016666666667,23.8783333333333,11.4303571428571,15.3666666666667,63.2216666666667,2.685,991.21,85.6841666666667,26.8016666666667,23.8783333333333,11.4303571428571,15.3666666666667,63.2216666666667,2.685,991.21
2016,145,6,75.0581666666667,388.695,76.4931034482759,71.1533333333333,16.5366666666667,61.385,3.03,991.571666666667,75.0581666666667,388.695,76.4931034482759,71.1533333333333,16.5366666666667,61.385,3.03,991.571666666667
2016,145,7,63.8188333333333,641.453333333333,107.633898305085,154.388333333333,20.65,48.135,4.36166666666667,992.19,63.8188333333333,641.453333333333,107.633898305085,154.388333333333,20.65,48.135,4.36166666666667,992.19
2016,145,8,52.3766666666667,746.095,122.441666666667,230.596666666667,23.1766666666667,42.3183333333333,5.77166666666667,991.915,52.3766666666667,746.095,122.441666666667,230.596666666667,23.1766666666667,42.3183333333333,5.77166666666667,991.915
2016,145,9,41.0746666666667,802.241666666667,138.4,298.673333333333,25.01,38.2483333333333,6.05333333333333,991.825000000001,41.0746666666667,802.241666666667,138.4,298.673333333333,25.01,38.2483333333333,6.05333333333333,991.825000000001
2016,145,10,30.5285,796.593333333334,190.253333333333,352.348333333333,26.555,30.945,7.61833333333333,991.69,30.5285,796.593333333334,190.253333333333,352.348333333333,26.555,30.945,7.61833333333333,991.69
2016,145,11,22.2578333333333,876.423333333333,147.746666666667,383.823333333333,27.3916666666667,28.625,9.40333333333333,991.176666666666,22.2578333333333,876.423333333333,147.746666666667,383.823333333333,27.3916666666667,28.625,9.40333333333333,991.176666666666
2016,145,12,19.5363333333333,801.535,190.666666666667,384.06,27.6466666666667,30.8983333333333,8.68333333333333,990.933333333334,19.5363333333333,801.535,190.666666666667,384.06,27.6466666666667,30.8983333333333,8.68333333333333,990.933333333334
2016,145,13,24.226,837.988333333333,179.225,382.866666666667,27.9633333333333,29.695,8.37666666666667,990.271666666666,24.226,837.988333333333,179.225,382.866666666667,27.9633333333333,29.695,8.37666666666667,990.271666666666
2016,145,14,33.3965,614.778333333333,244.205,310.913333333333,28.26,30.1183333333333,9.29333333333333,990.1,33.3965,614.778333333333,244.205,310.913333333333,28.26,30.1183333333333,9.29333333333333,990.1
2016,145,15,44.2498333333333,736.073333333333,177.408333333333,288.961666666667,28.0666666666667,32.5483333333333,9.05833333333334,990.088333333333,44.2498333333333,736.073333333333,177.408333333333,288.961666666667,28.0666666666667,32.5483333333333,9.05833333333334,990.088333333333
2016,145,16,55.6285,457.638333333333,165.196666666667,177.138333333333,27.8716666666667,33.795,8.69333333333333,989.856666666667,55.6285,457.638333333333,165.196666666667,177.138333333333,27.8716666666667,33.795,8.69333333333333,989.856666666667
2016,145,17,67.0343333333333,194.878333333333,142.190740740741,91.9583333333333,27.345,38.6466666666667,9.30833333333334,989.686666666666,67.0343333333333,194.878333333333,142.190740740741,91.9583333333333,27.345,38.6466666666667,9.30833333333334,989.686666666666
2016,145,18,78.1446666666667,42.0233333333333,69.58,32.8066666666667,26.2866666666667,47.275,8.57833333333333,990.021666666666,78.1446666666667,42.0233333333333,69.58,32.8066666666667,26.2866666666667,47.275,8.57833333333333,990.021666666666
2016,145,19,88.6191666666667,-0.365,15.0466666666667,6.1,25.2916666666667,50.465,5.59833333333333,990.126666666667,88.6191666666667,-0.365,15.0466666666667,6.1,25.2916666666667,50.465,5.59833333333333,990.126666666667
2016,145,20,98.5505,-1.15666666666667,-0.376666666666666,0.00166666666666667,23.775,55.6533333333333,4.34333333333333,990.753333333333,98.5505,-1.15666666666667,-0.376666666666666,0.00166666666666667,23.775,55.6533333333333,4.34333333333333,990.753333333333
2016,145,21,106.969666666667,-0.601666666666666,-0.4,0,22.6116666666667,60.7616666666667,4.415,991.26,106.969666666667,-0.601666666666666,-0.4,0,22.6116666666667,60.7616666666667,4.415,991.26
2016,145,22,113.535833333333,-0.368333333333333,-0.336666666666667,0,21.8566666666667,61.99,3.87166666666667,991.298333333333,113.535833333333,-0.368333333333333,-0.336666666666667,0,21.8566666666667,61.99,3.87166666666667,991.298333333333
2016,145,23,117.633666666667,-0.726666666666667,-0.383333333333333,0,20.9816666666667,64.365,3.32833333333333,991.181666666665,117.633666666667,-0.726666666666667,-0.383333333333333,0,20.9816666666667,64.365,3.32833333333333,991.181666666665
2016,146,0,118.7525,-0.573333333333332,-0.4,0,19.94,68.4583333333334,2.61166666666667,991.385,118.7525,-0.573333333333332,-0.4,0,19.94,68.4583333333334,2.61166666666667,991.385
2016,146,1,116.733333333333,-0.33,-0.351666666666667,0,19.235,71.9883333333333,2.29666666666667,991.621666666667,116.733333333333,-0.33,-0.351666666666667,0,19.235,71.9883333333333,2.29666666666667,991.621666666667
2016,146,2,111.858833333333,-0.035,-0.265,0,18.7716666666666,76.0366666666667,2.20333333333333,991.556666666667,111.858833333333,-0.035,-0.265,0,18.7716666666666,76.0366666666667,2.20333333333333,991.556666666667
2016,146,3,104.691833333333,-0.395,-0.293333333333334,0,18.255,80.0633333333333,2.74,990.978333333334,104.691833333333,-0.395,-0.293333333333334,0,18.255,80.0633333333333,2.74,990.978333333334
2016,146,4,95.8426666666667,0.0516666666666666,0.403333333333333,0.215,17.5416666666667,84.2633333333334,3.525,990.86,95.8426666666667,0.0516666666666666,0.403333333333333,0.215,17.5416666666667,84.2633333333334,3.525,990.86
2016,146,5,85.5778333333333,96.615,23.7666666666667,13.765,17.2533333333333,86.9866666666667,3.25333333333333,991.998333333334,85.5778333333333,96.615,23.7666666666667,13.765,17.2533333333333,86.9866666666667,3.25333333333333,991.998333333334
2016,146,6,74.9693333333333,360.12,83.1583333333333,75.0933333333333,18.725,83.7183333333333,5.24666666666667,992.488333333333,74.9693333333333,360.12,83.1583333333333,75.0933333333333,18.725,83.7183333333333,5.24666666666667,992.488333333333
2016,146,7,63.7361666666667,524.99,101.905,144.533333333333,20.535,73.825,4.85333333333333,992.525,63.7361666666667,524.99,101.905,144.533333333333,20.535,73.825,4.85333333333333,992.525
2016,146,8,52.2926666666667,612.37,163.15,223.5,22.5033333333333,64.1566666666667,3.87333333333333,991.955,52.2926666666667,612.37,163.15,223.5,22.5033333333333,64.1566666666667,3.87333333333333,991.955
2016,146,9,40.9848333333333,630.375,234.43,294.678333333333,24.3266666666667,56.3316666666667,4.33166666666667,991.396666666666,40.9848333333333,630.375,234.43,294.678333333333,24.3266666666667,56.3316666666667,4.33166666666667,991.396666666666
2016,146,10,30.4195,509.81,313.765,313.398333333333,26.305,47.6,6.50833333333333,990.878333333334,30.4195,509.81,313.765,313.398333333333,26.305,47.6,6.50833333333333,990.878333333334
2016,146,11,22.1115,625.73,323.006666666667,375.006666666667,27.1166666666667,49.1916666666666,8.82333333333333,990.626666666667,22.1115,625.73,323.006666666667,375.006666666667,27.1166666666667,49.1916666666666,8.82333333333333,990.626666666667
2016,146,12,19.3618333333333,613.921666666666,313.063333333333,374.151666666667,27.6783333333333,48.7216666666667,9.77666666666667,990.015000000001,19.3618333333333,613.921666666666,313.063333333333,374.151666666667,27.6783333333333,48.7216666666667,9.77666666666667,990.015000000001
2016,146,13,24.0655,575.911666666667,348.175,365.768333333333,27.8933333333333,48.4766666666667,10.07,989.563333333334,24.0655,575.911666666667,348.175,365.768333333333,27.8933333333333,48.4766666666667,10.07,989.563333333334
2016,146,14,33.2605,157.02,436.128333333333,243.753333333333,27.1,52.54,11.41,990.001666666666,33.2605,157.02,436.128333333333,243.753333333333,27.1,52.54,11.41,990.001666666666
2016,146,15,44.126,8.07666666666667,319.336666666667,142.051666666667,26.815,52.7633333333333,10.19,989.28,44.126,8.07666666666667,319.336666666667,142.051666666667,26.815,52.7633333333333,10.19,989.28
2016,146,16,55.508,511.666666666667,202.956666666667,206.161666666667,27.11,48.4083333333333,10.8483333333333,988.241666666667,55.508,511.666666666667,202.956666666667,206.161666666667,27.11,48.4083333333333,10.8483333333333,988.241666666667
2016,146,17,66.9123333333333,6.15333333333334,132.51,58.9216666666667,26.02,53.9366666666667,9.32166666666667,987.55,66.9123333333333,6.15333333333334,132.51,58.9216666666667,26.02,53.9366666666667,9.32166666666667,987.55
2016,146,18,78.0175,-0.576666666666666,58.2135593220339,24.9716666666667,25.3383333333333,58.4366666666667,8.77333333333333,988.383333333333,78.0175,-0.576666666666666,58.2135593220339,24.9716666666667,25.3383333333333,58.4366666666667,8.77333333333333,988.383333333333
2016,146,19,88.4776666666667,11.0833333333333,8.64666666666667,3.61111111111111,24.3766666666667,64.6833333333334,7.00166666666667,989.161666666667,88.4776666666667,11.0833333333333,8.64666666666667,3.61111111111111,24.3766666666667,64.6833333333334,7.00166666666667,989.161666666667
2016,146,20,98.4025,-1.04833333333333,-0.32,0.00166666666666667,23.3816666666667,70.29,4.7,989.855,98.4025,-1.04833333333333,-0.32,0.00166666666666667,23.3816666666667,70.29,4.7,989.855
2016,146,21,106.810166666667,-1.04833333333333,-0.323333333333334,0,21.93,75.8416666666667,4.39,990.228333333332,106.810166666667,-1.04833333333333,-0.323333333333334,0,21.93,75.8416666666667,4.39,990.228333333332
2016,146,22,113.366,-0.58,-0.075,0,20.9483333333333,80.5,3.83166666666667,990.144999999999,113.366,-0.58,-0.075,0,20.9483333333333,80.5,3.83166666666667,990.144999999999
2016,146,23,117.458333333333,0.82,0,0,20.9633333333333,82.6216666666667,3.90666666666667,990.118333333333,117.458333333333,0.82,0,0,20.9633333333333,82.6216666666667,3.90666666666667,990.118333333333
2016,147,0,118.580333333333,0.628333333333333,0,0,21.6816666666667,81.7633333333333,5.315,989.801666666667,118.580333333333,0.628333333333333,0,0,21.6816666666667,81.7633333333333,5.315,989.801666666667
2016,147,1,116.573,-0.368333333333334,-0.0216666666666667,0,21.4266666666667,84.1016666666667,5.58166666666667,989.721666666667,116.573,-0.368333333333334,-0.0216666666666667,0,21.4266666666667,84.1016666666667,5.58166666666667,989.721666666667
2016,147,2,111.714333333333,-0.741666666666666,-0.015,0,20.3433333333333,87.7916666666667,3.37333333333333,989.726666666666,111.714333333333,-0.741666666666666,-0.015,0,20.3433333333333,87.7916666666667,3.37333333333333,989.726666666666
2016,147,3,104.5665,-0.945,-0.07,0,19.2533333333333,90.6316666666666,3.42833333333333,989.496666666668,104.5665,-0.945,-0.07,0,19.2533333333333,90.6316666666666,3.42833333333333,989.496666666668
2016,147,4,95.7328333333333,0.673333333333333,0.846666666666667,0.286666666666667,19.1066666666667,91.6683333333333,4.47833333333333,989.395,95.7328333333333,0.673333333333333,0.846666666666667,0.286666666666667,19.1066666666667,91.6683333333333,4.47833333333333,989.395
2016,147,5,85.488,0.798333333333333,31.9683333333333,13.31,19.6883333333333,89.7216666666666,5.37666666666667,989.418333333334,85.488,0.798333333333333,31.9683333333333,13.31,19.6883333333333,89.7216666666666,5.37666666666667,989.418333333334
2016,147,6,74.884,5.155,96.0116666666666,42.0883333333333,20.34,86.9583333333333,5.41333333333334,989.588333333333,74.884,5.155,96.0116666666666,42.0883333333333,20.34,86.9583333333333,5.41333333333334,989.588333333333
2016,147,7,63.6573333333333,-1.09814814814815,24.7616666666667,12.305,19.525,85.9133333333333,7.68166666666667,990.895,63.6573333333333,-1.09814814814815,24.7616666666667,12.305,19.525,85.9133333333333,7.68166666666667,990.895
2016,147,8,52.2153333333333,0.755,15.22,8.815,17.4133333333333,89.4566666666667,3.40833333333333,990.933333333334,52.2153333333333,0.755,15.22,8.815,17.4133333333333,89.4566666666667,3.40833333333333,990.933333333334
2016,147,9,40.9013333333333,0.203333333333333,24.1233333333333,13.8533333333333,17.7133333333333,89.4483333333334,5.84166666666667,991.503333333333,40.9013333333333,0.203333333333333,24.1233333333333,13.8533333333333,17.7133333333333,89.4483333333334,5.84166666666667,991.503333333333
2016,147,10,30.317,11.985,215.272881355932,100.081666666667,18.735,86.0016666666667,10.0683333333333,988.933333333334,30.317,11.985,215.272881355932,100.081666666667,18.735,86.0016666666667,10.0683333333333,988.933333333334
2016,147,11,21.9718333333333,276.875,478.268333333333,308.243333333333,23.5216666666667,65.475,5.015,988,21.9718333333333,276.875,478.268333333333,308.243333333333,23.5216666666667,65.475,5.015,988
2016,147,12,19.1923333333333,427.4,382.125,326.128333333333,25.8033333333333,56.9816666666667,5.33833333333333,987.946666666666,19.1923333333333,427.4,382.125,326.128333333333,25.8033333333333,56.9816666666667,5.33833333333333,987.946666666666
2016,147,13,23.9093333333333,505.288333333333,338.855,333.8,26.2033333333333,55.7883333333333,7.61166666666667,988.315000000001,23.9093333333333,505.288333333333,338.855,333.8,26.2033333333333,55.7883333333333,7.61166666666667,988.315000000001
2016,147,14,33.128,182.155,404.863333333333,237.798333333333,26.2966666666666,55.8466666666667,6.635,987.818333333334,33.128,182.155,404.863333333333,237.798333333333,26.2966666666666,55.8466666666667,6.635,987.818333333334
2016,147,15,44.0041666666667,348.075,331.678333333333,243.101666666667,26.1,59.675,7.4,987.46,44.0041666666667,348.075,331.678333333333,243.101666666667,26.1,59.675,7.4,987.46
2016,147,16,55.3895,320.646666666667,240.968333333333,180.001666666667,26.0466666666667,63.5383333333333,6.27166666666666,986.425,55.3895,320.646666666667,240.968333333333,180.001666666667,26.0466666666667,63.5383333333333,6.27166666666666,986.425
2016,147,17,66.7915,286.056666666667,209.006666666667,130.096666666667,25.5966666666667,66.4883333333333,6.47333333333333,985.968333333333,66.7915,286.056666666667,209.006666666667,130.096666666667,25.5966666666667,66.4883333333333,6.47333333333333,985.968333333333
2016,147,18,77.8923333333333,242,61.2516666666667,53.0894736842105,24.4683333333333,69.9383333333333,6.455,986.845,77.8923333333333,242,61.2516666666667,53.0894736842105,24.4683333333333,69.9383333333333,6.455,986.845
2016,147,19,88.3386666666667,-1.91666666666667,9.81666666666666,4.38833333333333,22.2766666666667,80.3166666666667,5.54333333333333,987.688333333333,88.3386666666667,-1.91666666666667,9.81666666666666,4.38833333333333,22.2766666666667,80.3166666666667,5.54333333333333,987.688333333333
2016,147,20,98.2571666666667,-0.788333333333334,-0.0516666666666667,0,21.2483333333333,83.7133333333334,4.005,988.01,98.2571666666667,-0.788333333333334,-0.0516666666666667,0,21.2483333333333,83.7133333333334,4.005,988.01
2016,147,21,106.654833333333,-0.3,0,0,20.2716666666667,85.5066666666666,4.09,989.071666666667,106.654833333333,-0.3,0,0,20.2716666666667,85.5066666666666,4.09,989.071666666667
2016,147,22,113.202166666667,-0.0866666666666667,0,0,19.7166666666667,86.6366666666666,4.21833333333333,989.05,113.202166666667,-0.0866666666666667,0,0,19.7166666666667,86.6366666666666,4.21833333333333,989.05
2016,147,23,117.289,-0.251666666666667,0,0,19.095,88.3266666666666,3.24333333333333,988.563333333333,117.289,-0.251666666666667,0,0,19.095,88.3266666666666,3.24333333333333,988.563333333333
2016,148,0,118.414333333333,0.563333333333333,0,0,19.3466666666667,85.2266666666666,2.92,988.735,118.414333333333,0.563333333333333,0,0,19.3466666666667,85.2266666666666,2.92,988.735
2016,148,1,116.4185,-0.161666666666667,0,0,18.9666666666667,85.61,2.69666666666667,988.498333333333,116.4185,-0.161666666666667,0,0,18.9666666666667,85.61,2.69666666666667,988.498333333333
2016,148,2,111.576333333333,0.28,0,0,18.6316666666667,87.335,3.13166666666667,988.371666666667,111.576333333333,0.28,0,0,18.6316666666667,87.335,3.13166666666667,988.371666666667
2016,148,3,104.445666666667,0.18,0,0,18.4533333333333,88.3266666666666,3.245,988.455,104.445666666667,0.18,0,0,18.4533333333333,88.3266666666666,3.245,988.455
2016,148,4,95.6291666666667,0.21,0.188333333333333,0.123333333333333,18.13,89.8716666666666,4.06166666666667,988.27,95.6291666666667,0.21,0.188333333333333,0.123333333333333,18.13,89.8716666666666,4.06166666666667,988.27
2016,148,5,85.3925,21.0483333333333,34.675,15.1316666666667,18.3516666666666,89.2983333333333,4.92833333333333,988.376666666667,85.3925,21.0483333333333,34.675,15.1316666666667,18.3516666666666,89.2983333333333,4.92833333333333,988.376666666667
2016,148,6,74.805,26.165,117.741666666667,54.65,18.8933333333333,88.0616666666667,4.97833333333333,988.831666666667,74.805,26.165,117.741666666667,54.65,18.8933333333333,88.0616666666667,4.97833333333333,988.831666666667
2016,148,7,63.5845,88.6933333333333,189.408333333333,97.4283333333333,19.9,84.8916666666667,6.46333333333333,988.803333333334,63.5845,88.6933333333333,189.408333333333,97.4283333333333,19.9,84.8916666666667,6.46333333333333,988.803333333334
2016,148,8,52.1433333333333,334.52,264.848333333333,204.318333333333,20.6366666666667,82.12,6.84,988.975,52.1433333333333,334.52,264.848333333333,204.318333333333,20.6366666666667,82.12,6.84,988.975
2016,148,9,40.8225,107.311666666667,449.821666666667,233.332203389831,22.3733333333333,73.565,7.72666666666667,988.388333333334,40.8225,107.311666666667,449.821666666667,233.332203389831,22.3733333333333,73.565,7.72666666666667,988.388333333334
2016,148,10,30.2206666666667,12.2083333333333,355.608333333333,167.89,22.6033333333333,71.32,9.01166666666666,988.263333333333,30.2206666666667,12.2083333333333,355.608333333333,167.89,22.6033333333333,71.32,9.01166666666666,988.263333333333
2016,148,11,21.8398333333333,315.153333333333,422.81,309.206666666667,23.695,67.4133333333334,10.445,987.406666666666,21.8398333333333,315.153333333333,422.81,309.206666666667,23.695,67.4133333333334,10.445,987.406666666666
2016,148,12,19.0285,203.503333333333,435.801666666667,275.240350877193,24.6416666666667,62.9016666666666,10.545,986.83,19.0285,203.503333333333,435.801666666667,275.240350877193,24.6416666666667,62.9016666666666,10.545,986.83
2016,148,13,23.7588333333333,7.885,401.115,183.948333333333,25.1816666666667,62.0433333333334,9.9,986.528333333333,23.7588333333333,7.885,401.115,183.948333333333,25.1816666666667,62.0433333333334,9.9,986.528333333333
2016,148,14,32.9968333333333,-1.26333333333333,256.831666666667,117.73,24.6083333333333,66.095,9.03166666666667,986.463333333334,32.9968333333333,-1.26333333333333,256.831666666667,117.73,24.6083333333333,66.095,9.03166666666667,986.463333333334
2016,148,15,43.884,1.285,264.768333333333,117.183333333333,25.5933333333333,63.995,9.56666666666667,986.036666666667,43.884,1.285,264.768333333333,117.183333333333,25.5933333333333,63.995,9.56666666666667,986.036666666667
2016,148,16,55.2731666666667,9.29666666666667,201.413333333333,92.2533333333333,25.5716666666667,64.8066666666667,8.35166666666667,985.651666666667,55.2731666666667,9.29666666666667,201.413333333333,92.2533333333333,25.5716666666667,64.8066666666667,8.35166666666667,985.651666666667
2016,148,17,66.6751666666667,-1.046,55.435,27.3535714285714,22.195,83.4816666666667,9.18333333333333,985.811666666667,66.6751666666667,-1.046,55.435,27.3535714285714,22.195,83.4816666666667,9.18333333333333,985.811666666667
2016,148,18,77.77,0.33,20.525,9.49833333333334,21.445,88.555,4.725,986.406666666667,77.77,0.33,20.525,9.49833333333334,21.445,88.555,4.725,986.406666666667
2016,148,19,88.2021666666667,-0.12,3.23833333333333,1.72,21.1916666666667,86.1916666666666,7.81,986.790000000001,88.2021666666667,-0.12,3.23833333333333,1.72,21.1916666666667,86.1916666666666,7.81,986.790000000001
2016,148,20,98.1163333333333,0.355,0,0,20.385,84.0783333333333,6.94166666666667,986.695,98.1163333333333,0.355,0,0,20.385,84.0783333333333,6.94166666666667,986.695
2016,148,21,106.503666666667,0.516666666666667,0,0,20.2366666666667,85.6266666666667,5.36,987.078333333332,106.503666666667,0.516666666666667,0,0,20.2366666666667,85.6266666666667,5.36,987.078333333332
2016,148,22,113.042166666667,0.515,0,0,20.4283333333333,84.9383333333333,5.03833333333333,987.138333333333,113.042166666667,0.515,0,0,20.4283333333333,84.9383333333333,5.03833333333333,987.138333333333
2016,148,23,117.125,0.0133333333333333,0,0,20.1283333333333,87.3116666666667,4.84,986.866666666667,117.125,0.0133333333333333,0,0,20.1283333333333,87.3116666666667,4.84,986.866666666667
2016,149,0,118.255,0.128333333333333,0,0,20.1566666666667,87.1033333333333,5.225,986.533333333334,118.255,0.128333333333333,0,0,20.1566666666667,87.1033333333333,5.225,986.533333333334
2016,149,1,116.270333333333,0.933333333333333,0,0,20.795,81.4733333333333,6.96666666666667,986.365,116.270333333333,0.933333333333333,0,0,20.795,81.4733333333333,6.96666666666667,986.365
2016,149,2,111.445,0.29,0,0,21.2966666666667,78.27,8.06,986.543333333333,111.445,0.29,0,0,21.2966666666667,78.27,8.06,986.543333333333
2016,149,3,104.331833333333,0.0533333333333333,0,0,21.0666666666667,79.9766666666667,7.15833333333333,987.014999999999,104.331833333333,0.0533333333333333,0,0,21.0666666666667,79.9766666666667,7.15833333333333,987.014999999999
2016,149,4,95.5323333333333,0.04,0.201666666666667,0.128333333333333,20.905,80.8,7.62333333333333,987.476666666666,95.5323333333333,0.04,0.201666666666667,0.128333333333333,20.905,80.8,7.62333333333333,987.476666666666
2016,149,5,85.3136666666667,0.195,27.1716666666667,11.9716666666667,20.545,81.8983333333333,7.24,987.885000000001,85.3136666666667,0.195,27.1716666666667,11.9716666666667,20.545,81.8983333333333,7.24,987.885000000001
2016,149,6,74.7308333333333,185.748333333333,95.3416666666666,61.9216666666667,20.775,81.8716666666667,6.54166666666667,987.911666666667,74.7308333333333,185.748333333333,95.3416666666666,61.9216666666667,20.775,81.8716666666667,6.54166666666667,987.911666666667
2016,149,7,63.5161666666667,9.84333333333333,171.251666666667,77.0466666666667,21.1983333333333,81.6883333333334,7.80666666666667,988.391666666667,63.5161666666667,9.84333333333333,171.251666666667,77.0466666666667,21.1983333333333,81.6883333333334,7.80666666666667,988.391666666667
2016,149,8,52.0761666666667,1,171.948333333333,78.7866666666666,21.695,79.67,8.58833333333333,989.02,52.0761666666667,1,171.948333333333,78.7866666666666,21.695,79.67,8.58833333333333,989.02
2016,149,9,40.7508333333333,1.12333333333333,207.168333333333,96.1366666666667,21.7683333333333,79.89,8.73,989.26,40.7508333333333,1.12333333333333,207.168333333333,96.1366666666667,21.7683333333333,79.89,8.73,989.26
2016,149,10,30.1291666666667,23.79,459.081355932203,211.65,22.4483333333333,76.9433333333333,8.94,989.48,30.1291666666667,23.79,459.081355932203,211.65,22.4483333333333,76.9433333333333,8.94,989.48
2016,149,11,21.713,4.07833333333333,432.093220338983,193.708333333333,23.0883333333333,74.25,9.05666666666667,989.415000000001,21.713,4.07833333333333,432.093220338983,193.708333333333,23.0883333333333,74.25,9.05666666666667,989.415000000001
2016,149,12,18.871,84.8633333333333,530.558333333334,267.69,23.77,71.9316666666667,9.905,989.278333333333,18.871,84.8633333333333,530.558333333334,267.69,23.77,71.9316666666667,9.905,989.278333333333
2016,149,13,23.6125,433.283333333333,399.113333333333,338.795,24.535,68.4866666666667,10.1633333333333,988.895000000001,23.6125,433.283333333333,399.113333333333,338.795,24.535,68.4866666666667,10.1633333333333,988.895000000001
2016,149,14,32.8701666666667,357.818333333333,317.353333333333,259.755,25.05,65.1666666666667,9.79166666666666,988.693333333333,32.8701666666667,357.818333333333,317.353333333333,259.755,25.05,65.1666666666667,9.79166666666666,988.693333333333
2016,149,15,43.7681666666667,742.121666666666,162.55,289.336666666667,25.9133333333333,62.9516666666667,9.46333333333334,988.303333333332,43.7681666666667,742.121666666666,162.55,289.336666666667,25.9133333333333,62.9516666666667,9.46333333333334,988.303333333332
2016,149,16,55.1598333333333,685.413333333333,146.026666666667,223.975,26.4383333333333,62.345,9.355,988.103333333333,55.1598333333333,685.413333333333,146.026666666667,223.975,26.4383333333333,62.345,9.355,988.103333333333
2016,149,17,66.5585,335.956666666667,111.647368421053,105.903333333333,26.2983333333333,61.1916666666667,9.785,987.911666666667,66.5585,335.956666666667,111.647368421053,105.903333333333,26.2983333333333,61.1916666666667,9.785,987.911666666667
2016,149,18,77.6493333333333,50.0766666666667,87.1966666666667,39.4333333333333,25.4316666666667,64.9,8.02333333333334,988.325,77.6493333333333,50.0766666666667,87.1966666666667,39.4333333333333,25.4316666666667,64.9,8.02333333333334,988.325
2016,149,19,88.0825,2.47,18.5866666666667,7.97333333333333,24.44,70.1316666666667,7.16333333333333,988.9,88.0825,2.47,18.5866666666667,7.97333333333333,24.44,70.1316666666667,7.16333333333333,988.9
2016,149,20,97.9786666666667,-0.595,-0.065,0.0116666666666667,23.2383333333333,75.5333333333333,5.52333333333334,989.258333333333,97.9786666666667,-0.595,-0.065,0.0116666666666667,23.2383333333333,75.5333333333333,5.52333333333334,989.258333333333
2016,149,21,106.356666666667,-0.361666666666667,-0.025,0,22.7983333333333,74.5233333333333,6.42666666666667,989.835000000001,106.356666666667,-0.361666666666667,-0.025,0,22.7983333333333,74.5233333333333,6.42666666666667,989.835000000001
2016,149,22,112.886833333333,-0.675,-0.0483333333333333,0,22.0133333333333,76.1533333333334,4.77666666666667,990.495000000001,112.886833333333,-0.675,-0.0483333333333333,0,22.0133333333333,76.1533333333334,4.77666666666667,990.495000000001
2016,149,23,116.967166666667,0.0716666666666666,-0.0183333333333333,0,21.075,79.95,2.97666666666667,990.976666666667,116.967166666667,0.0716666666666666,-0.0183333333333333,0,21.075,79.95,2.97666666666667,990.976666666667
2016,150,0,118.100833333333,0.215,-0.111666666666667,0,21.505,77.3766666666666,4.09333333333333,990.818333333334,118.100833333333,0.215,-0.111666666666667,0,21.505,77.3766666666666,4.09333333333333,990.818333333334
2016,150,1,116.128166666667,-0.808333333333333,-0.07,0,18.9216666666667,80.3916666666667,3.48166666666667,991.053333333332,116.128166666667,-0.808333333333333,-0.07,0,18.9216666666667,80.3916666666667,3.48166666666667,991.053333333332
2016,150,2,111.319,-0.476666666666667,-0.03,0,18.6816666666667,83.015,2.92,991.138333333332,111.319,-0.476666666666667,-0.03,0,18.6816666666667,83.015,2.92,991.138333333332
2016,150,3,104.224333333333,-0.261666666666667,0,0,18.2433333333333,86.1116666666667,3.13166666666667,991.208333333332,104.224333333333,-0.261666666666667,0,0,18.2433333333333,86.1116666666667,3.13166666666667,991.208333333332
2016,150,4,95.4278333333333,0.333333333333333,0.485,0.291666666666667,18.63,89.09,3.16666666666667,991.398333333333,95.4278333333333,0.333333333333333,0.485,0.291666666666667,18.63,89.09,3.16666666666667,991.398333333333
2016,150,5,85.24,200.93,24.5966666666667,21.0433333333333,18.8016666666667,91.2433333333333,3.595,991.786666666668,85.24,200.93,24.5966666666667,21.0433333333333,18.8016666666667,91.2433333333333,3.595,991.786666666668
2016,150,6,74.662,547.485,58.9716666666667,85.3116666666667,20.3483333333333,85.2333333333333,4.22666666666667,991.978333333333,74.662,547.485,58.9716666666667,85.3116666666667,20.3483333333333,85.2333333333333,4.22666666666667,991.978333333333
2016,150,7,63.4531666666667,733.674137931034,71.585,166.448333333333,22.325,74.0533333333333,5.095,992.441666666666,63.4531666666667,733.674137931034,71.585,166.448333333333,22.325,74.0533333333333,5.095,992.441666666666
2016,150,8,52.015,845.011666666667,73.8683333333333,245.481666666667,23.9516666666667,59.48,5.80333333333333,992.703333333333,52.015,845.011666666667,73.8683333333333,245.481666666667,23.9516666666667,59.48,5.80333333333333,992.703333333333
2016,150,9,40.683,883.463333333333,82.36,308.913333333333,25.0316666666667,50.4133333333334,5.94666666666667,992.691666666666,40.683,883.463333333333,82.36,308.913333333333,25.0316666666667,50.4133333333334,5.94666666666667,992.691666666666
2016,150,10,30.0448333333333,794.671666666667,176.733333333333,353.861666666667,25.8816666666667,46.9033333333333,6.13,992.596666666666,30.0448333333333,794.671666666667,176.733333333333,353.861666666667,25.8816666666667,46.9033333333333,6.13,992.596666666666
2016,150,11,21.593,399.231666666667,254.421666666667,258.713333333333,26.4083333333333,42.1683333333333,7.00666666666667,992.635,21.593,399.231666666667,254.421666666667,258.713333333333,26.4083333333333,42.1683333333333,7.00666666666667,992.635
2016,150,12,18.7196666666667,782.705,201.086666666667,384.69,27.3966666666667,36.4333333333333,7.71333333333334,992.366666666667,18.7196666666667,782.705,201.086666666667,384.69,27.3966666666667,36.4333333333333,7.71333333333334,992.366666666667
2016,150,13,23.4688333333333,872.623333333333,136.553333333333,382.43,27.785,33.8066666666667,8.08333333333333,991.938333333334,23.4688333333333,872.623333333333,136.553333333333,382.43,27.785,33.8066666666667,8.08333333333333,991.938333333334
2016,150,14,32.7455,877.2,119.65,350.55,28.0366666666667,31.8583333333333,7.33,991.588333333333,32.7455,877.2,119.65,350.55,28.0366666666667,31.8583333333333,7.33,991.588333333333
2016,150,15,43.6526666666667,859.76,89.735,292.736666666667,28.21,30.3666666666667,6.62166666666667,991.249999999999,43.6526666666667,859.76,89.735,292.736666666667,28.21,30.3666666666667,6.62166666666667,991.249999999999
2016,150,16,55.0488333333333,832.408333333333,76.685,227.473333333333,27.955,30.78,7.32166666666667,990.966666666667,55.0488333333333,832.408333333333,76.685,227.473333333333,27.955,30.78,7.32166666666667,990.966666666667
2016,150,17,66.4458333333333,739.311666666667,63.9683333333333,147.595,27.8,30.8966666666667,6.82166666666667,990.748333333332,66.4458333333333,739.311666666667,63.9683333333333,147.595,27.8,30.8966666666667,6.82166666666667,990.748333333332
2016,150,18,77.5321666666667,559.421666666667,45.7183333333334,68.9966666666667,26.9883333333333,35.4333333333333,6.845,990.698333333333,77.5321666666667,559.421666666667,45.7183333333334,68.9966666666667,26.9883333333333,35.4333333333333,6.845,990.698333333333
2016,150,19,87.9526666666667,161.608333333333,14.5966666666667,10.6233333333333,25.5766666666667,42.055,4.94833333333333,990.830000000001,87.9526666666667,161.608333333333,14.5966666666667,10.6233333333333,25.5766666666667,42.055,4.94833333333333,990.830000000001
2016,150,20,97.8451666666667,-1.95833333333333,-0.318333333333333,0.0344827586206897,23.8133333333333,49.055,3.055,991.121666666666,97.8451666666667,-1.95833333333333,-0.318333333333333,0.0344827586206897,23.8133333333333,49.055,3.055,991.121666666666
2016,150,21,106.214333333333,-0.841666666666666,-0.38,0.130508474576271,23.335,51.4633333333333,2.62,991.67,106.214333333333,-0.841666666666666,-0.38,0.130508474576271,23.335,51.4633333333333,2.62,991.67
2016,150,22,112.737833333333,-0.106666666666667,-0.353333333333333,0,22.6983333333333,54.3933333333333,2.50666666666667,991.936666666667,112.737833333333,-0.106666666666667,-0.353333333333333,0,22.6983333333333,54.3933333333333,2.50666666666667,991.936666666667
2016,150,23,116.815166666667,-0.373333333333333,-0.381666666666667,0,21.2083333333333,61.0783333333333,2.565,991.955,116.815166666667,-0.373333333333333,-0.381666666666667,0,21.2083333333333,61.0783333333333,2.565,991.955
2016,151,0,117.953333333333,-0.145,-0.353333333333333,0,20.0216666666667,67.185,1.615,991.881666666668,117.953333333333,-0.145,-0.353333333333333,0,20.0216666666667,67.185,1.615,991.881666666668
2016,151,1,115.992333333333,0.165,-0.14,-0.00166666666666667,19.9083333333333,67.2383333333333,1.10833333333333,991.76,115.992333333333,0.165,-0.14,-0.00166666666666667,19.9083333333333,67.2383333333333,1.10833333333333,991.76
2016,151,2,111.199333333333,0.278333333333333,-0.275,0,19.5833333333333,68.3866666666667,1.765,991.851666666667,111.199333333333,0.278333333333333,-0.275,0,19.5833333333333,68.3866666666667,1.765,991.851666666667
2016,151,3,104.121333333333,-0.0533333333333333,-0.201666666666667,0,18.4416666666667,73.9883333333333,1.585,991.925,104.121333333333,-0.0533333333333333,-0.201666666666667,0,18.4416666666667,73.9883333333333,1.585,991.925
2016,151,4,95.341,0.126666666666667,1.28333333333333,0.386666666666667,17.7883333333333,75.8483333333334,2.31333333333333,991.93,95.341,0.126666666666667,1.28333333333333,0.386666666666667,17.7883333333333,75.8483333333334,2.31333333333333,991.93
2016,151,5,85.171,37.8366666666667,30.5516666666667,14.5283333333333,17.53,76.2866666666667,2.66833333333333,992.418333333333,85.171,37.8366666666667,30.5516666666667,14.5283333333333,17.53,76.2866666666667,2.66833333333333,992.418333333333
2016,151,6,74.5986666666667,332.126666666667,90.6482758620689,74.875,18.81,74.0166666666667,1.54,992.581666666666,74.5986666666667,332.126666666667,90.6482758620689,74.875,18.81,74.0166666666667,1.54,992.581666666666
2016,151,7,63.3953333333333,692.695,78.8133333333333,161.636666666667,22.3433333333333,61.15,1.17333333333333,992.848333333333,63.3953333333333,692.695,78.8133333333333,161.636666666667,22.3433333333333,61.15,1.17333333333333,992.848333333333
2016,151,8,51.9585,846.243333333333,76.4766666666667,246.04,24.965,46.57,3.295,993.14,51.9585,846.243333333333,76.4766666666667,246.04,24.965,46.57,3.295,993.14
2016,151,9,40.6216666666667,894.546666666667,81.9533333333333,311.635,26.5266666666667,39.6333333333333,2.98666666666667,992.545,40.6216666666667,894.546666666667,81.9533333333333,311.635,26.5266666666667,39.6333333333333,2.98666666666667,992.545
2016,151,10,29.9668333333333,788.721666666666,146.896666666667,338.92,27.5766666666667,37.7183333333333,2.985,992.085,29.9668333333333,788.721666666666,146.896666666667,338.92,27.5766666666667,37.7183333333333,2.985,992.085
2016,151,11,21.48,787.721666666667,180.761666666667,372.893333333333,28.54,31.24,3.91166666666667,991.721666666666,21.48,787.721666666667,180.761666666667,372.893333333333,28.54,31.24,3.91166666666667,991.721666666666
2016,151,12,18.575,573.613333333333,261.536666666667,330.356666666667,29.1783333333333,29.9216666666667,3.80166666666667,991.238333333333,18.575,573.613333333333,261.536666666667,330.356666666667,29.1783333333333,29.9216666666667,3.80166666666667,991.238333333333
2016,151,13,23.3311666666667,427.135,320.475,294.066666666667,29.6966666666667,26.815,3.14,990.643333333334,23.3311666666667,427.135,320.475,294.066666666667,29.6966666666667,26.815,3.14,990.643333333334
2016,151,14,32.6248333333333,409.266666666667,376.838333333333,297.063333333333,30.4233333333333,25.2733333333333,2.90833333333333,990.136666666667,32.6248333333333,409.266666666667,376.838333333333,297.063333333333,30.4233333333333,25.2733333333333,2.90833333333333,990.136666666667
2016,151,15,43.5415,409.181666666667,331.255,259.55,30.92,24.865,2.28983050847458,989.396666666666,43.5415,409.181666666667,331.255,259.55,30.92,24.865,2.28983050847458,989.396666666666
2016,151,16,54.9395,121.95,254.026666666667,136.708333333333,30.34,29.2666666666667,2.14833333333333,989.053333333333,54.9395,121.95,254.026666666667,136.708333333333,30.34,29.2666666666667,2.14833333333333,989.053333333333
2016,151,17,66.3353333333333,67.06,175.386666666667,86.285,29.5083333333333,32.1266666666667,3.795,989.026666666667,66.3353333333333,67.06,175.386666666667,86.285,29.5083333333333,32.1266666666667,3.795,989.026666666667
2016,151,18,77.4173333333333,-2.104,34.8416666666667,28.5931034482759,26.1116666666667,46.16,6.31333333333333,989.883333333334,77.4173333333333,-2.104,34.8416666666667,28.5931034482759,26.1116666666667,46.16,6.31333333333333,989.883333333334
2016,151,19,87.8248333333333,1.31333333333333,0.936666666666667,NA,21.7033333333333,59.61,6.16833333333333,990.826666666667,87.8248333333333,1.31333333333333,0.936666666666667,6.44715053763441,21.7033333333333,59.61,6.16833333333333,990.826666666667
2016,151,20,97.7145,2.86166666666667,0.168333333333333,NA,22.6816666666667,52.5366666666667,4.4,989.775,97.7145,2.86166666666667,0.168333333333333,0.0417511832319135,22.6816666666667,52.5366666666667,4.4,989.775
2016,151,21,106.075666666667,1.295,0.00333333333333333,NA,22.7933333333333,55.1366666666667,2.265,990.143333333334,106.075666666667,1.295,0.00333333333333333,0.154648176682075,22.7933333333333,55.1366666666667,2.265,990.143333333334
2016,151,22,112.5925,0.633333333333333,-0.05,NA,22.07,62.635,3.235,990.2,112.5925,0.633333333333333,-0.05,0.1359375,22.07,62.635,3.235,990.2
2016,151,23,116.67,-0.161666666666667,-0.175,NA,21.015,68.3116666666667,1.705,989.920000000001,116.67,-0.161666666666667,-0.175,0.102941176470588,21.015,68.3116666666667,1.705,989.920000000001
2016,152,0,117.812333333333,0.42,-0.0883333333333333,NA,21.0483333333333,66.8883333333333,0.814893617021277,989.888333333334,117.812333333333,0.42,-0.0883333333333333,-0.0669491525423729,21.0483333333333,66.8883333333333,0.814893617021277,989.888333333334
2016,152,1,115.862833333333,0.411666666666666,-0.0816666666666666,NA,20.3716666666667,72.3316666666667,1.294,989.913333333334,115.862833333333,0.411666666666666,-0.0816666666666666,-0.000833333333333333,20.3716666666667,72.3316666666667,1.294,989.913333333334
2016,152,2,111.0865,1.11,0,NA,20.3,72.8066666666667,0.483018867924528,989.943333333333,111.0865,1.11,0,0,20.3,72.8066666666667,0.483018867924528,989.943333333333
2016,152,3,104.025833333333,1.34333333333333,-0.00333333333333333,NA,20.2933333333333,73.3633333333334,0.853191489361702,989.923333333333,104.025833333333,1.34333333333333,-0.00333333333333333,0,20.2933333333333,73.3633333333334,0.853191489361702,989.923333333333
2016,152,4,95.2478333333333,0.326666666666667,0.331666666666667,NA,19.86,78.7566666666666,1.085,990.135,95.2478333333333,0.326666666666667,0.331666666666667,0.273333333333333,19.86,78.7566666666666,1.085,990.135
2016,152,5,85.1063333333333,56.1866666666667,30.9766666666667,NA,19.2716666666667,81.1533333333334,2.345,990.548333333333,85.1063333333333,56.1866666666667,30.9766666666667,12.7041666666667,19.2716666666667,81.1533333333334,2.345,990.548333333333
2016,152,6,74.54,6.31166666666666,90.6766666666667,42.7525423728814,19.515,78.65,1.94166666666667,990.711666666665,74.54,6.31166666666666,90.6766666666667,42.7525423728814,19.515,78.65,1.94166666666667,990.711666666665
2016,152,7,63.3428333333333,3.76166666666666,165.305357142857,72.1283333333333,20.6583333333333,75.435,2.08333333333333,990.568333333333,63.3428333333333,3.76166666666666,165.305357142857,72.1283333333333,20.6583333333333,75.435,2.08333333333333,990.568333333333
2016,152,8,51.907,165.548333333333,309.69,181.935593220339,22.8816666666667,65.26,2.145,990.35,51.907,165.548333333333,309.69,181.935593220339,22.8816666666667,65.26,2.145,990.35
2016,152,9,40.565,233.996666666667,368.05,230.815,24.8433333333333,59.07,2.51666666666667,989.818333333333,40.565,233.996666666667,368.05,230.815,24.8433333333333,59.07,2.51666666666667,989.818333333333
2016,152,10,29.8945,229.013333333333,456.91,273.281666666667,26.6066666666667,49,3.67833333333333,989.795000000001,29.8945,229.013333333333,456.91,273.281666666667,26.6066666666667,49,3.67833333333333,989.795000000001
2016,152,11,21.3736666666667,12.9766666666667,483.05,214.111666666667,26.8916666666667,47.9066666666667,4.90666666666667,989.868333333335,21.3736666666667,12.9766666666667,483.05,214.111666666667,26.8916666666667,47.9066666666667,4.90666666666667,989.868333333335
2016,152,12,18.4351666666667,436.398333333333,402.218333333333,341.681666666667,27.945,43.8416666666667,4.62,989.395,18.4351666666667,436.398333333333,402.218333333333,341.681666666667,27.945,43.8416666666667,4.62,989.395
2016,152,13,23.197,211.288333333333,412.176666666667,258.821666666667,26.8233333333333,51.5333333333333,5.205,988.754999999999,23.197,211.288333333333,412.176666666667,258.821666666667,26.8233333333333,51.5333333333333,5.205,988.754999999999
2016,152,14,32.5076666666667,372.016666666667,429.638333333333,312.49,28.0416666666667,45.0333333333333,3.005,988.308333333334,32.5076666666667,372.016666666667,429.638333333333,312.49,28.0416666666667,45.0333333333333,3.005,988.308333333334
2016,152,15,43.434,507.653333333333,240.736666666667,257.905,29.095,40.705,1.91694915254237,987.289999999999,43.434,507.653333333333,240.736666666667,257.905,29.095,40.705,1.91694915254237,987.289999999999
2016,152,16,54.8325,-4.47906976744186,105.308333333333,50.8535714285714,25.2533333333333,56.6383333333333,5.32,987.614999999999,54.8325,-4.47906976744186,105.308333333333,50.8535714285714,25.2533333333333,56.6383333333333,5.32,987.614999999999
2016,152,17,66.2258333333333,0.326785714285714,35.1983333333333,15.1035714285714,20.0583333333333,77.86,5.71333333333333,988.468333333333,66.2258333333333,0.326785714285714,35.1983333333333,15.1035714285714,20.0583333333333,77.86,5.71333333333333,988.468333333333
2016,152,18,77.3048333333333,1.98666666666667,51.1016666666667,12.5083333333333,20.5916666666667,76.6283333333333,4.38,988.645,77.3048333333333,1.98666666666667,51.1016666666667,12.5083333333333,20.5916666666667,76.6283333333333,4.38,988.645
2016,152,19,87.7005,4.09333333333334,6.43666666666667,2.27096774193548,19.905,79.5483333333333,5.475,988.936666666668,87.7005,4.09333333333334,6.43666666666667,2.27096774193548,19.905,79.5483333333333,5.475,988.936666666668
2016,152,20,97.5886666666667,0.61,0.0283333333333333,0.0490196078431373,19.7933333333333,78.7733333333333,4.62,988.985,97.5886666666667,0.61,0.0283333333333333,0.0490196078431373,19.7933333333333,78.7733333333333,4.62,988.985
2016,152,21,105.941666666667,1.00666666666667,0,0.178787878787879,19.9933333333333,77.125,3.025,989.569999999999,105.941666666667,1.00666666666667,0,0.178787878787879,19.9933333333333,77.125,3.025,989.569999999999
2016,152,22,112.454166666667,1.03,0,0.271875,20.17,78.2116666666667,2.65166666666667,989.386666666667,112.454166666667,1.03,0,0.271875,20.17,78.2116666666667,2.65166666666667,989.386666666667
2016,152,23,116.5295,0.545,0,0.205882352941176,20.43,77.4483333333333,2.395,989.091666666667,116.5295,0.545,0,0.205882352941176,20.43,77.4483333333333,2.395,989.091666666667
2016,153,0,117.678333333333,-0.138333333333333,-0.00833333333333333,-0.133898305084746,20.1766666666667,78.4916666666667,1.97666666666667,988.669999999999,117.678333333333,-0.138333333333333,-0.00833333333333333,-0.133898305084746,20.1766666666667,78.4916666666667,1.97666666666667,988.669999999999
2016,153,1,115.741333333333,0.733333333333333,0,0,19.7966666666667,81.38,1.725,988.446666666668,115.741333333333,0.733333333333333,0,0,19.7966666666667,81.38,1.725,988.446666666668
2016,153,2,110.979833333333,0.893333333333333,0,0,19.7466666666667,82.535,2.99666666666667,988.758333333333,110.979833333333,0.893333333333333,0,0,19.7466666666667,82.535,2.99666666666667,988.758333333333
2016,153,3,103.935166666667,0.326666666666667,-0.0266666666666667,0,19.8366666666666,81.865,1.10333333333333,988.451666666666,103.935166666667,0.326666666666667,-0.0266666666666667,0,19.8366666666666,81.865,1.10333333333333,988.451666666666
2016,153,4,95.1736666666667,1.17333333333333,0.286666666666667,0.16,19.3566666666667,86.0666666666667,2.27166666666667,988.293333333333,95.1736666666667,1.17333333333333,0.286666666666667,0.16,19.3566666666667,86.0666666666667,2.27166666666667,988.293333333333
2016,153,5,85.0466666666667,4.24666666666667,25.7233333333333,10.88,18.955,89.1983333333333,1.43833333333333,988.745,85.0466666666667,4.24666666666667,25.7233333333333,10.88,18.955,89.1983333333333,1.43833333333333,988.745
2016,153,6,74.4866666666667,1.525,43.255,19.5666666666667,19.495,86.7633333333333,3.49661016949153,989.721666666666,74.4866666666667,1.525,43.255,19.5666666666667,19.495,86.7633333333333,3.49661016949153,989.721666666666
2016,153,7,63.2946666666667,-0.671666666666667,30.2283333333333,15.5066666666667,19.1583333333333,90.41,3.05166666666667,990.176666666666,63.2946666666667,-0.671666666666667,30.2283333333333,15.5066666666667,19.1583333333333,90.41,3.05166666666667,990.176666666666
2016,153,8,51.8613333333333,1.83166666666667,142.118333333333,65.8766666666667,19.3416666666667,90.5816666666667,3.07,989.890000000001,51.8613333333333,1.83166666666667,142.118333333333,65.8766666666667,19.3416666666667,90.5816666666667,3.07,989.890000000001
2016,153,9,40.515,3.23166666666666,188.555,85.6862068965518,20.2016666666667,85.6883333333333,1.95666666666667,989.750000000001,40.515,3.23166666666666,188.555,85.6862068965518,20.2016666666667,85.6883333333333,1.95666666666667,989.750000000001
2016,153,10,29.8276666666667,5.95,285.613333333333,128.2,21.0333333333333,81.8183333333333,1.30847457627119,989.855000000001,29.8276666666667,5.95,285.613333333333,128.2,21.0333333333333,81.8183333333333,1.30847457627119,989.855000000001
2016,153,11,21.2728333333333,53.45,460.548333333333,219.305,22.4716666666667,76.0483333333333,0.866101694915254,989.973333333333,21.2728333333333,53.45,460.548333333333,219.305,22.4716666666667,76.0483333333333,0.866101694915254,989.973333333333
2016,153,12,18.3036666666667,206.536666666667,500.988333333333,299.786206896552,23.3483333333333,73.7183333333333,1.65166666666667,989.675,18.3036666666667,206.536666666667,500.988333333333,299.786206896552,23.3483333333333,73.7183333333333,1.65166666666667,989.675
2016,153,13,23.0683333333333,110.348333333333,387.065,209.595,24.2816666666667,70.4366666666667,1.86333333333333,989.283333333332,23.0683333333333,110.348333333333,387.065,209.595,24.2816666666667,70.4366666666667,1.86333333333333,989.283333333332
2016,153,14,32.3933333333333,370.866666666667,358.703333333333,282.303333333333,24.8933333333333,64.9133333333333,2.76666666666667,988.69,32.3933333333333,370.866666666667,358.703333333333,282.303333333333,24.8933333333333,64.9133333333333,2.76666666666667,988.69
2016,153,15,43.3263333333333,604.23,233.963333333333,283.648333333333,25.8883333333333,59.7733333333334,2.32666666666667,987.971666666668,43.3263333333333,604.23,233.963333333333,283.648333333333,25.8883333333333,59.7733333333334,2.32666666666667,987.971666666668
2016,153,16,54.7285,632.65,200.295,235.105,26.3133333333333,60.1816666666667,1.86666666666667,987.808333333334,54.7285,632.65,200.295,235.105,26.3133333333333,60.1816666666667,1.86666666666667,987.808333333334
2016,153,17,66.1213333333333,459.071666666667,118.061666666667,128.966666666667,26.2583333333333,57.6733333333333,2.77666666666667,987.639999999999,66.1213333333333,459.071666666667,118.061666666667,128.966666666667,26.2583333333333,57.6733333333333,2.77666666666667,987.639999999999
2016,153,18,77.1953333333333,154.97,84.9816666666667,50.69,25.9,59.5866666666667,2.03166666666667,987.97,77.1953333333333,154.97,84.9816666666667,50.69,25.9,59.5866666666667,2.03166666666667,987.97
2016,153,19,87.5933333333333,26.8616666666667,24.51,10.9086206896552,25.365,62.91,1.775,988.646666666667,87.5933333333333,26.8616666666667,24.51,10.9086206896552,25.365,62.91,1.775,988.646666666667
2016,153,20,97.4663333333333,-0.526666666666666,-0.0283333333333335,0.0516666666666667,24.69,64.8116666666667,2.1,989.128333333334,97.4663333333333,-0.526666666666666,-0.0283333333333335,0.0516666666666667,24.69,64.8116666666667,2.1,989.128333333334
2016,153,21,105.813166666667,0.718333333333334,-0.0616666666666667,0,23.42,73.76,2.59,989.704999999999,105.813166666667,0.718333333333334,-0.0616666666666667,0,23.42,73.76,2.59,989.704999999999
2016,153,22,112.3205,-0.00333333333333341,-0.366666666666667,0,22.4833333333333,79.755,2.33333333333333,989.704999999999,112.3205,-0.00333333333333341,-0.366666666666667,0,22.4833333333333,79.755,2.33333333333333,989.704999999999
2016,153,23,116.395666666667,0.44,-0.118333333333333,0,21.7683333333333,81.2866666666666,1.52833333333333,989.999999999999,116.395666666667,0.44,-0.118333333333333,0,21.7683333333333,81.2866666666666,1.52833333333333,989.999999999999
2016,154,0,117.550166666667,0.34,-0.178333333333333,0,21.2883333333333,78.865,1.55423728813559,990.036666666667,117.550166666667,0.34,-0.178333333333333,0,21.2883333333333,78.865,1.55423728813559,990.036666666667
2016,154,1,115.625,-0.293333333333333,-0.23,0,20.3233333333333,75.7583333333333,2.41636363636364,990.236666666667,115.625,-0.293333333333333,-0.23,0,20.3233333333333,75.7583333333333,2.41636363636364,990.236666666667
2016,154,2,110.879833333333,-0.401666666666666,-0.15,0,19.1,76.1683333333333,2.32666666666667,990.648333333334,110.879833333333,-0.401666666666666,-0.15,0,19.1,76.1683333333333,2.32666666666667,990.648333333334
2016,154,3,103.851666666667,-0.311666666666667,-0.04,0,18.3983333333333,79.1233333333333,2.49666666666667,990.895,103.851666666667,-0.311666666666667,-0.04,0,18.3983333333333,79.1233333333333,2.49666666666667,990.895
2016,154,4,95.0923333333333,-0.02,0.428333333333333,0.261666666666667,17.825,81.3483333333333,2.715,991.33,95.0923333333333,-0.02,0.428333333333333,0.261666666666667,17.825,81.3483333333333,2.715,991.33
2016,154,5,84.9933333333333,2.58666666666667,28.6271186440678,12.7016666666667,17.6266666666667,81.0116666666667,2.595,991.878333333333,84.9933333333333,2.58666666666667,28.6271186440678,12.7016666666667,17.6266666666667,81.0116666666667,2.595,991.878333333333
2016,154,6,74.439,44.9266666666667,106.781355932203,50.3283333333333,18.01,80.9433333333333,1.88833333333333,992.34,74.439,44.9266666666667,106.781355932203,50.3283333333333,18.01,80.9433333333333,1.88833333333333,992.34
2016,154,7,63.2523333333333,498.79,151.378333333333,158.933333333333,20.405,70.22,1.90333333333333,992.715,63.2523333333333,498.79,151.378333333333,158.933333333333,20.405,70.22,1.90333333333333,992.715
2016,154,8,51.82,804.793333333333,191.543333333333,280.933333333333,23.505,49.0416666666667,2.46666666666667,992.748333333332,51.82,804.793333333333,191.543333333333,280.933333333333,23.505,49.0416666666667,2.46666666666667,992.748333333332
2016,154,9,40.4688333333333,868.336666666667,199.985,350.986666666667,24.39,41.1533333333333,2.73833333333333,992.676666666666,40.4688333333333,868.336666666667,199.985,350.986666666667,24.39,41.1533333333333,2.73833333333333,992.676666666666
2016,154,10,29.767,931.195,141.1,380.631666666667,24.7466666666667,36.9683333333333,3.58666666666667,992.698333333332,29.767,931.195,141.1,380.631666666667,24.7466666666667,36.9683333333333,3.58666666666667,992.698333333332
2016,154,11,21.1808333333333,942.87,100.83,391.461666666667,25.0833333333333,37.9483333333333,2.66,992.67,21.1808333333333,942.87,100.83,391.461666666667,25.0833333333333,37.9483333333333,2.66,992.67
2016,154,12,18.1761666666667,952.288135593221,97.0881355932204,399.05,25.75,30.9233333333333,3.495,992.196666666666,18.1761666666667,952.288135593221,97.0881355932204,399.05,25.75,30.9233333333333,3.495,992.196666666666
2016,154,13,22.944,951.245,97.28,388.255,26.2783333333334,29.2166666666667,4.175,991.573333333334,22.944,951.245,97.28,388.255,26.2783333333334,29.2166666666667,4.175,991.573333333334
2016,154,14,32.2821666666667,937.536666666667,91.03,354.931666666667,26.7783333333333,28.1866666666667,4.11,991.178333333333,32.2821666666667,937.536666666667,91.03,354.931666666667,26.7783333333333,28.1866666666667,4.11,991.178333333333
2016,154,15,43.2235,894.388333333333,83.7183333333333,297.753333333333,27.0066666666667,27.7383333333333,4.32833333333333,990.783333333333,43.2235,894.388333333333,83.7183333333333,297.753333333333,27.0066666666667,27.7383333333333,4.32833333333333,990.783333333333
2016,154,16,54.6268333333333,861.821666666666,69.955,229.853333333333,27.1583333333333,25.8616666666667,4.28,990.400000000001,54.6268333333333,861.821666666666,69.955,229.853333333333,27.1583333333333,25.8616666666667,4.28,990.400000000001
2016,154,17,66.0188333333333,756.013333333333,61.64,149.193333333333,27.2283333333333,25.3566666666667,3.84,990.300000000001,66.0188333333333,756.013333333333,61.64,149.193333333333,27.2283333333333,25.3566666666667,3.84,990.300000000001
2016,154,18,77.0901666666667,586.273333333333,44.685,71.2883333333333,26.7033333333333,28.0316666666667,4.67,990.623333333332,77.0901666666667,586.273333333333,44.685,71.2883333333333,26.7033333333333,28.0316666666667,4.67,990.623333333332
2016,154,19,87.4745,184.888333333333,16.1066666666667,12.1947368421053,25.015,33.0283333333333,3.435,991.038333333333,87.4745,184.888333333333,16.1066666666667,12.1947368421053,25.015,33.0283333333333,3.435,991.038333333333
2016,154,20,97.3481666666667,-1.81333333333333,-0.203333333333333,0.0583333333333333,22.9366666666667,41.585,3.32666666666667,991.615,97.3481666666667,-1.81333333333333,-0.203333333333333,0.0583333333333333,22.9366666666667,41.585,3.32666666666667,991.615
2016,154,21,105.688666666667,-0.693333333333333,-0.338333333333333,0,22.0316666666667,43.5283333333333,2.73833333333333,992.051666666666,105.688666666667,-0.693333333333333,-0.338333333333333,0,22.0316666666667,43.5283333333333,2.73833333333333,992.051666666666
2016,154,22,112.1925,-0.0666666666666667,-0.131666666666667,0,21.445,44.545,1.97166666666667,992.238333333333,112.1925,-0.0666666666666667,-0.131666666666667,0,21.445,44.545,1.97166666666667,992.238333333333
2016,154,23,116.267666666667,-0.22,-0.308333333333333,0,19.8466666666667,54.7983333333333,1.08166666666667,992.534999999999,116.267666666667,-0.22,-0.308333333333333,0,19.8466666666667,54.7983333333333,1.08166666666667,992.534999999999
2016,155,0,117.428166666667,-0.375,-0.281666666666667,0,19.145,57.5966666666667,1.76166666666667,992.52,117.428166666667,-0.375,-0.281666666666667,0,19.145,57.5966666666667,1.76166666666667,992.52
2016,155,1,115.515833333333,-0.0266666666666667,-0.21,0,17.8716666666667,66.405,1.84833333333333,992.249999999999,115.515833333333,-0.0266666666666667,-0.21,0,17.8716666666667,66.405,1.84833333333333,992.249999999999
2016,155,2,110.786166666667,0.283333333333333,-0.136666666666667,0,17.325,70.2083333333333,2.13666666666667,992.158333333332,110.786166666667,0.283333333333333,-0.136666666666667,0,17.325,70.2083333333333,2.13666666666667,992.158333333332
2016,155,3,103.773333333333,0.43,-0.0933333333333333,0,16.9883333333333,71.2283333333333,1.695,992.300000000001,103.773333333333,0.43,-0.0933333333333333,0,16.9883333333333,71.2283333333333,1.695,992.300000000001
2016,155,4,95.0293333333333,0.711666666666667,1.3,0.393333333333333,16.9466666666667,67.2483333333333,1.99166666666667,992.609999999998,95.0293333333333,0.711666666666667,1.3,0.393333333333333,16.9466666666667,67.2483333333333,1.99166666666667,992.609999999998
2016,155,5,84.9443333333333,65.2033333333333,35.4983333333333,18.585,16.6083333333333,68.23,2.115,992.943333333333,84.9443333333333,65.2033333333333,35.4983333333333,18.585,16.6083333333333,68.23,2.115,992.943333333333
2016,155,6,74.3948333333333,417.476666666667,98.7216666666667,86.0166666666666,17.6033333333333,71.1433333333333,1.86166666666667,993.290000000001,74.3948333333333,417.476666666667,98.7216666666667,86.0166666666666,17.6033333333333,71.1433333333333,1.86166666666667,993.290000000001
2016,155,7,63.214,292.646666666667,197.871666666667,133.67,20.3466666666667,61.5366666666667,1.73833333333333,993.191666666666,63.214,292.646666666667,197.871666666667,133.67,20.3466666666667,61.5366666666667,1.73833333333333,993.191666666666
2016,155,8,51.7845,292.011666666667,316.105,205.383333333333,22.92,47.8966666666667,1.51166666666667,993.360000000001,51.7845,292.011666666667,316.105,205.383333333333,22.92,47.8966666666667,1.51166666666667,993.360000000001
2016,155,9,40.4288333333333,182.4,406.925,225.753333333333,24.325,38.93,1.19322033898305,993.264999999999,40.4288333333333,182.4,406.925,225.753333333333,24.325,38.93,1.19322033898305,993.264999999999
2016,155,10,29.7121666666667,191.878333333333,445.156666666667,253.268333333333,25.3833333333333,35.5533333333333,1.02542372881356,993.166666666666,29.7121666666667,191.878333333333,445.156666666667,253.268333333333,25.3833333333333,35.5533333333333,1.02542372881356,993.166666666666
2016,155,11,21.0945,407.298333333333,395.596666666667,318.238333333333,26.215,32.47,1.07586206896552,992.920000000001,21.0945,407.298333333333,395.596666666667,318.238333333333,26.215,32.47,1.07586206896552,992.920000000001
2016,155,12,18.056,592.571666666667,400.566666666667,393.856666666667,26.645,29.6366666666667,2.56333333333333,992.608333333333,18.056,592.571666666667,400.566666666667,393.856666666667,26.645,29.6366666666667,2.56333333333333,992.608333333333
2016,155,13,22.8236666666667,201.406666666667,436.343333333333,262.455,26.8383333333333,28.295,3.13333333333333,992.279999999999,22.8236666666667,201.406666666667,436.343333333333,262.455,26.8383333333333,28.295,3.13333333333333,992.279999999999
2016,155,14,32.1743333333333,74.4683333333333,423.111666666667,204.138333333333,27.07,28.835,2.305,991.931666666667,32.1743333333333,74.4683333333333,423.111666666667,204.138333333333,27.07,28.835,2.305,991.931666666667
2016,155,15,43.1226666666667,131.803333333333,390.206666666667,205.048333333333,27.3983333333333,28.05,3.15166666666667,991.181666666667,43.1226666666667,131.803333333333,390.206666666667,205.048333333333,27.3983333333333,28.05,3.15166666666667,991.181666666667
2016,155,16,54.528,106.98,296.795,151.888333333333,27.56,27.2416666666667,2.62166666666667,990.691666666666,54.528,106.98,296.795,151.888333333333,27.56,27.2416666666667,2.62166666666667,990.691666666666
2016,155,17,65.9188333333333,22.1216666666667,185.633333333333,81.435,27.7133333333333,26.535,1.13818181818182,990.273333333333,65.9188333333333,22.1216666666667,185.633333333333,81.435,27.7133333333333,26.535,1.13818181818182,990.273333333333
2016,155,18,76.986,1.08,78.985,33.1083333333333,26.735,30.4966666666667,2.84833333333333,990.104999999999,76.986,1.08,78.985,33.1083333333333,26.735,30.4966666666667,2.84833333333333,990.104999999999
2016,155,19,87.3605,0.0766666666666666,15.6316666666667,6.21166666666667,25.3166666666667,36.48,3.64333333333333,990.271666666668,87.3605,0.0766666666666666,15.6316666666667,6.21166666666667,25.3166666666667,36.48,3.64333333333333,990.271666666668
2016,155,20,97.2323333333333,-1.28,-0.311666666666667,0.0233333333333333,23.4816666666667,44.5516666666666,3.365,990.346666666667,97.2323333333333,-1.28,-0.311666666666667,0.0233333333333333,23.4816666666667,44.5516666666666,3.365,990.346666666667
2016,155,21,105.5685,-0.45,-0.325,0,22.4533333333333,50.0083333333333,2.37333333333333,990.705,105.5685,-0.45,-0.325,0,22.4533333333333,50.0083333333333,2.37333333333333,990.705
2016,155,22,112.0685,-0.153333333333333,-0.31,0,21.5666666666667,55.9166666666667,2.17,990.678333333332,112.0685,-0.153333333333333,-0.31,0,21.5666666666667,55.9166666666667,2.17,990.678333333332
2016,155,23,116.146,0.626666666666666,-0.0733333333333333,0.685714285714286,21.1966666666667,58.5733333333333,1.63333333333333,990.763333333333,116.146,0.626666666666666,-0.0733333333333333,0.685714285714286,21.1966666666667,58.5733333333333,1.63333333333333,990.763333333333
2016,156,0,117.3135,0.71,-0.015,0.224074074074074,20.9933333333333,61.9516666666667,1.41833333333333,990.246666666666,117.3135,0.71,-0.015,0.224074074074074,20.9933333333333,61.9516666666667,1.41833333333333,990.246666666666
2016,156,1,115.412333333333,0.105,-0.17,-0.02,20.535,66.1266666666667,1.7,989.671666666666,115.412333333333,0.105,-0.17,-0.02,20.535,66.1266666666667,1.7,989.671666666666
2016,156,2,110.698166666667,0.86,-0.00166666666666667,-0.356666666666667,20.1216666666667,69.9966666666667,1.18666666666667,989.296666666666,110.698166666667,0.86,-0.00166666666666667,-0.356666666666667,20.1216666666667,69.9966666666667,1.18666666666667,989.296666666666
2016,156,3,103.701333333333,0.341666666666667,-0.00333333333333333,0,19.79,73.69,2.16,989.131666666665,103.701333333333,0.341666666666667,-0.00333333333333333,0,19.79,73.69,2.16,989.131666666665
2016,156,4,94.972,-1.52166666666667,0.08,0.0716666666666667,19.4783333333333,73.5083333333333,2.70833333333333,988.898333333334,94.972,-1.52166666666667,0.08,0.0716666666666667,19.4783333333333,73.5083333333333,2.70833333333333,988.898333333334
2016,156,5,84.8991666666667,-0.826666666666667,2.545,1.475,17.1633333333333,89.1816666666666,2.44833333333333,988.895,84.8991666666667,-0.826666666666667,2.545,1.475,17.1633333333333,89.1816666666666,2.44833333333333,988.895
2016,156,6,74.3563333333333,0.411666666666667,13.415,7.17,17.3033333333333,92.9949999999999,2.33666666666667,988.588333333334,74.3563333333333,0.411666666666667,13.415,7.17,17.3033333333333,92.9949999999999,2.33666666666667,988.588333333334
2016,156,7,63.1811666666667,-0.155,18.8783333333333,10.5766666666667,17.1933333333333,91.795,4.04,988.149999999999,63.1811666666667,-0.155,18.8783333333333,10.5766666666667,17.1933333333333,91.795,4.04,988.149999999999
2016,156,8,51.7526666666667,-0.4,30.6383333333333,17.025,16.5166666666666,91.6583333333334,5.68666666666667,987.821666666667,51.7526666666667,-0.4,30.6383333333333,17.025,16.5166666666666,91.6583333333334,5.68666666666667,987.821666666667
2016,156,9,40.3928333333333,0.295,57.5016666666667,30.9483333333333,16.4433333333333,91.455,5.72833333333333,987.281666666667,40.3928333333333,0.295,57.5016666666667,30.9483333333333,16.4433333333333,91.455,5.72833333333333,987.281666666667
2016,156,10,29.663,0.563333333333334,89.2533333333333,46.9783333333333,16.8783333333333,91.9916666666667,5.41666666666667,986.626666666667,29.663,0.563333333333334,89.2533333333333,46.9783333333333,16.8783333333333,91.9916666666667,5.41666666666667,986.626666666667
2016,156,11,21.016,0.725,123.521666666667,63.58,17.685,90.9566666666667,4.39833333333333,986.37,21.016,0.725,123.521666666667,63.58,17.685,90.9566666666667,4.39833333333333,986.37
2016,156,12,17.9415,1.26666666666667,119.748275862069,60.645,18.1083333333333,89.7983333333333,3.56333333333333,986.02,17.9415,1.26666666666667,119.748275862069,60.645,18.1083333333333,89.7983333333333,3.56333333333333,986.02
2016,156,13,22.709,1.31333333333333,164.328813559322,76.6766666666667,18.6266666666667,89.9866666666666,3.25333333333333,985.33,22.709,1.31333333333333,164.328813559322,76.6766666666667,18.6266666666667,89.9866666666666,3.25333333333333,985.33
2016,156,14,32.071,16.3016666666667,285.95,127.831666666667,19.9133333333333,85.7483333333333,2.99333333333333,984.505,32.071,16.3016666666667,285.95,127.831666666667,19.9133333333333,85.7483333333333,2.99333333333333,984.505
2016,156,15,43.0241666666667,44.8216666666667,305.894827586207,146.543333333333,21.385,79.0816666666667,3.67666666666667,983.595,43.0241666666667,44.8216666666667,305.894827586207,146.543333333333,21.385,79.0816666666667,3.67666666666667,983.595
2016,156,16,54.4318333333333,327.855,282.683333333333,194.805,22.605,74.8116666666667,4.23666666666667,983.221666666666,54.4318333333333,327.855,282.683333333333,194.805,22.605,74.8116666666667,4.23666666666667,983.221666666666
2016,156,17,65.8201666666667,390.141666666667,175.893333333333,139.235,23.5316666666667,72.0916666666667,4.71333333333333,982.744999999999,65.8201666666667,390.141666666667,175.893333333333,139.235,23.5316666666667,72.0916666666667,4.71333333333333,982.744999999999
2016,156,18,76.8856666666667,39.2516666666667,63.84,29.345,23.02,77.2583333333333,3.96333333333333,982.766666666666,76.8856666666667,39.2516666666667,63.84,29.345,23.02,77.2583333333333,3.96333333333333,982.766666666666
2016,156,19,87.2616666666667,138.443333333333,30.735,1.44545454545455,22.5133333333333,80.1683333333333,2.8,982.798333333334,87.2616666666667,138.443333333333,30.735,1.44545454545455,22.5133333333333,80.1683333333333,2.8,982.798333333334
2016,156,20,97.1226666666667,-1.64,0.085,0.06,21.11,86.44,2.63833333333333,982.826666666667,97.1226666666667,-1.64,0.085,0.06,21.11,86.44,2.63833333333333,982.826666666667
2016,156,21,105.453166666667,-0.435,0,1.65384615384615,20.28,85.8633333333333,3.215,982.806666666668,105.453166666667,-0.435,0,1.65384615384615,20.28,85.8633333333333,3.215,982.806666666668
2016,156,22,111.952166666667,-0.413333333333333,0,NA,19.2533333333333,89.5866666666667,3.18166666666667,982.689999999999,111.952166666667,-0.413333333333333,0,0.210416666666667,19.2533333333333,89.5866666666667,3.18166666666667,982.689999999999
2016,156,23,116.029833333333,0.483333333333334,0,NA,19.2916666666667,88.795,4.29,982.648333333333,116.029833333333,0.483333333333334,0,0.84611801242236,19.2916666666667,88.795,4.29,982.648333333333
2016,157,0,117.205333333333,-0.0183333333333333,0,NA,19.0916666666667,88.31,4.87166666666667,982.17,117.205333333333,-0.0183333333333333,0,0.103265107212476,19.0916666666667,88.31,4.87166666666667,982.17
2016,157,1,115.316333333333,-0.196666666666667,0,NA,18.7383333333334,87.8083333333333,4.625,981.655,115.316333333333,-0.196666666666667,0,-0.0116666666666667,18.7383333333334,87.8083333333333,4.625,981.655
2016,157,2,110.617333333333,-0.498333333333333,0,NA,17.9916666666667,88.7533333333334,3.27833333333333,981.503333333333,110.617333333333,-0.498333333333333,0,-0.178333333333333,17.9916666666667,88.7533333333334,3.27833333333333,981.503333333333
2016,157,3,103.6355,-0.015,0,NA,17.5833333333333,83.6066666666666,3.74333333333333,981.371666666668,103.6355,-0.015,0,0,17.5833333333333,83.6066666666666,3.74333333333333,981.371666666668
2016,157,4,94.9063333333333,0.00166666666666667,0.883333333333333,NA,17.1416666666667,82.77,4.07666666666667,981.451666666667,94.9063333333333,0.00166666666666667,0.883333333333333,0.285833333333333,17.1416666666667,82.77,4.07666666666667,981.451666666667
2016,157,5,84.8603333333333,194.383333333333,29.9066666666667,41.0636363636364,17.0266666666667,84.2266666666667,3.36166666666667,981.713333333334,84.8603333333333,194.383333333333,29.9066666666667,41.0636363636364,17.0266666666667,84.2266666666667,3.36166666666667,981.713333333334
2016,157,6,74.324,529.73,64.9916666666667,93.2893617021276,17.765,83.4066666666667,4.69333333333333,982.081666666666,74.324,529.73,64.9916666666667,93.2893617021276,17.765,83.4066666666667,4.69333333333333,982.081666666666
2016,157,7,63.1525,448.945,149.253333333333,142.931666666667,18.3616666666667,81.2983333333333,7.38166666666667,982.445,63.1525,448.945,149.253333333333,142.931666666667,18.3616666666667,81.2983333333333,7.38166666666667,982.445
2016,157,8,51.7266666666667,176.538333333333,255.621666666667,152.75,18.79,77.515,7.41833333333333,982.836666666667,51.7266666666667,176.538333333333,255.621666666667,152.75,18.79,77.515,7.41833333333333,982.836666666667
2016,157,9,40.3635,138.3,302.461666666667,174.273333333333,19.2616666666667,72.94,7.83833333333333,983.154999999999,40.3635,138.3,302.461666666667,174.273333333333,19.2616666666667,72.94,7.83833333333333,983.154999999999
2016,157,10,29.62,127.611666666667,428.476666666667,228.231666666667,20.3216666666667,68.855,7.735,983.400000000001,29.62,127.611666666667,428.476666666667,228.231666666667,20.3216666666667,68.855,7.735,983.400000000001
2016,157,11,20.942,677.655,275.348333333333,375.31,21.1233333333333,65.1666666666667,7.56333333333333,983.251666666667,20.942,677.655,275.348333333333,375.31,21.1233333333333,65.1666666666667,7.56333333333333,983.251666666667
2016,157,12,17.8343333333333,365.775,364.658333333333,295.811666666667,22.0816666666667,60.9316666666666,7.62833333333333,983.273333333333,17.8343333333333,365.775,364.658333333333,295.811666666667,22.0816666666667,60.9316666666666,7.62833333333333,983.273333333333
2016,157,13,22.5985,345.891666666667,300.286666666667,256.893333333333,22.8183333333333,57.815,7.78333333333333,983.05,22.5985,345.891666666667,300.286666666667,256.893333333333,22.8183333333333,57.815,7.78333333333333,983.05
2016,157,14,31.9703333333333,612.376666666667,249.86,316.376666666667,23.9883333333333,49.5666666666666,8.49333333333333,982.773333333333,31.9703333333333,612.376666666667,249.86,316.376666666667,23.9883333333333,49.5666666666666,8.49333333333333,982.773333333333
2016,157,15,42.93,701.701666666667,144.021666666667,270.585,24.6116666666667,41.3516666666667,7.965,982.755000000001,42.93,701.701666666667,144.021666666667,270.585,24.6116666666667,41.3516666666667,7.965,982.755000000001
2016,157,16,54.3388333333333,667.695,156.225,223.201666666667,25.13,39.02,7.43666666666667,982.880000000001,54.3388333333333,667.695,156.225,223.201666666667,25.13,39.02,7.43666666666667,982.880000000001
2016,157,17,65.7261666666667,658.535,88.7916666666667,146.373333333333,25.3116666666667,37.7316666666667,7.2,982.811666666667,65.7261666666667,658.535,88.7916666666667,146.373333333333,25.3116666666667,37.7316666666667,7.2,982.811666666667
2016,157,18,76.7893333333333,561.788333333333,48.5666666666667,72.3516666666667,25.0466666666667,40.84,5.21333333333333,982.84,76.7893333333333,561.788333333333,48.5666666666667,72.3516666666667,25.0466666666667,40.84,5.21333333333333,982.84
2016,157,19,87.1541666666667,168.653333333333,17.2966666666667,12.8683333333333,23.1566666666667,50.6766666666667,3.60666666666667,982.931666666667,87.1541666666667,168.653333333333,17.2966666666667,12.8683333333333,23.1566666666667,50.6766666666667,3.60666666666667,982.931666666667
2016,157,20,97.0173333333333,-1.79833333333333,-0.0283333333333333,0.0883333333333333,20.7783333333333,62.6766666666667,3.96833333333333,983.16,97.0173333333333,-1.79833333333333,-0.0283333333333333,0.0883333333333333,20.7783333333333,62.6766666666667,3.96833333333333,983.16
2016,157,21,105.3435,0.176666666666667,0,0.0101694915254237,19.7933333333333,68.0316666666667,4.465,983.466666666667,105.3435,0.176666666666667,0,0.0101694915254237,19.7933333333333,68.0316666666667,4.465,983.466666666667
2016,157,22,111.839666666667,-0.615,-0.0833333333333333,0.420833333333333,19.285,68.595,4.525,983.51,111.839666666667,-0.615,-0.0833333333333333,0.420833333333333,19.285,68.595,4.525,983.51
2016,157,23,115.920333333333,-0.348333333333333,-0.09,1.00652173913044,18.1366666666667,74.9933333333333,4.16666666666667,983.398333333335,115.920333333333,-0.348333333333333,-0.09,1.00652173913044,18.1366666666667,74.9933333333333,4.16666666666667,983.398333333335
2016,158,0,117.102333333333,0.156666666666667,0,-0.0175438596491228,18.1166666666667,73.7266666666667,4.84166666666667,983.286666666667,117.102333333333,0.156666666666667,0,-0.0175438596491228,18.1166666666667,73.7266666666667,4.84166666666667,983.286666666667
2016,158,1,115.226666666667,-0.545,0,-0.00333333333333333,17.5833333333333,77.17,4.28,983.171666666666,115.226666666667,-0.545,0,-0.00333333333333333,17.5833333333333,77.17,4.28,983.171666666666
2016,158,2,110.543,-0.146666666666667,0,0,17.2233333333333,78.91,4.4,982.870000000001,110.543,-0.146666666666667,0,0,17.2233333333333,78.91,4.4,982.870000000001
2016,158,3,103.5755,-0.163333333333333,0,0,16.9166666666667,80.135,4.48333333333333,982.893333333333,103.5755,-0.163333333333333,0,0,16.9166666666667,80.135,4.48333333333333,982.893333333333
2016,158,4,94.8608333333333,-0.0716666666666667,0.965,0.5,16.3383333333333,83.62,4.53333333333333,983.108333333332,94.8608333333333,-0.0716666666666667,0.965,0.5,16.3383333333333,83.62,4.53333333333333,983.108333333332
2016,158,5,84.8261666666667,213.34,26.6383333333333,21.9,16.2916666666667,83.5933333333333,4.36166666666667,982.98,84.8261666666667,213.34,26.6383333333333,21.9,16.2916666666667,83.5933333333333,4.36166666666667,982.98
2016,158,6,74.2955,581.026666666667,58.2816666666667,89.125,18.0466666666667,76.44,4.77,982.921666666668,74.2955,581.026666666667,58.2816666666667,89.125,18.0466666666667,76.44,4.77,982.921666666668
2016,158,7,63.13,738.841666666667,75.7733333333333,169.383333333333,20.695,63.1916666666667,6.735,982.815,63.13,738.841666666667,75.7733333333333,169.383333333333,20.695,63.1916666666667,6.735,982.815
2016,158,8,51.7045,829.656666666667,84.725,246.851666666667,21.9466666666667,57.32,7.63166666666667,982.508333333334,51.7045,829.656666666667,84.725,246.851666666667,21.9466666666667,57.32,7.63166666666667,982.508333333334
2016,158,9,40.338,883.358333333333,89.195,312.863333333333,23.3633333333333,53.8383333333333,8.10833333333333,982.266666666667,40.338,883.358333333333,89.195,312.863333333333,23.3633333333333,53.8383333333333,8.10833333333333,982.266666666667
2016,158,10,29.5825,924.328333333333,91.08,362.593333333333,25.1633333333333,42.32,9.05833333333334,982.003333333334,29.5825,924.328333333333,91.08,362.593333333333,25.1633333333333,42.32,9.05833333333334,982.003333333334
2016,158,11,20.8756666666667,942.7,95.6616666666667,392.203333333333,27.1316666666667,25.3066666666667,10.425,981.611666666666,20.8756666666667,942.7,95.6616666666667,392.203333333333,27.1316666666667,25.3066666666667,10.425,981.611666666666
2016,158,12,17.7331666666667,933.181666666667,102.33,399.646666666667,28.1883333333333,21.1666666666667,11.055,981.136666666666,17.7331666666667,933.181666666667,102.33,399.646666666667,28.1883333333333,21.1666666666667,11.055,981.136666666666
2016,158,13,22.4925,883.506666666667,129.185,381.13,28.7566666666667,19.7716666666667,12.01,980.679999999999,22.4925,883.506666666667,129.185,381.13,28.7566666666667,19.7716666666667,12.01,980.679999999999
2016,158,14,31.8736666666667,877.746666666667,119.511666666667,349.301666666667,29.23,18.6266666666667,11.4383333333333,980.276666666666,31.8736666666667,877.746666666667,119.511666666667,349.301666666667,29.23,18.6266666666667,11.4383333333333,980.276666666666
2016,158,15,42.8383333333333,816.798333333334,118.578333333333,291.516666666667,29.285,18.315,11.135,979.943333333334,42.8383333333333,816.798333333334,118.578333333333,291.516666666667,29.285,18.315,11.135,979.943333333334
2016,158,16,54.2476666666667,736.62,132.21,227.54,29.1466666666667,18.405,10.595,979.723333333332,54.2476666666667,736.62,132.21,227.54,29.1466666666667,18.405,10.595,979.723333333332
2016,158,17,65.6346666666667,586.808333333333,106.706666666667,139.96,28.6566666666667,19.8216666666667,9.85833333333334,979.521666666667,65.6346666666667,586.808333333333,106.706666666667,139.96,28.6566666666667,19.8216666666667,9.85833333333334,979.521666666667
2016,158,18,76.6951666666667,446.451666666667,62.5216666666667,68.345,27.5233333333333,22.6733333333333,7.50833333333333,979.808333333334,76.6951666666667,446.451666666667,62.5216666666667,68.345,27.5233333333333,22.6733333333333,7.50833333333333,979.808333333334
2016,158,19,87.0493333333333,111.448333333333,20.885,11.45,25.295,26.7583333333333,4.35833333333333,980.290000000001,87.0493333333333,111.448333333333,20.885,11.45,25.295,26.7583333333333,4.35833333333333,980.290000000001
2016,158,20,96.9146666666667,-2.07333333333333,-0.195,0.16,23.215,32.3483333333333,3.52166666666667,980.668333333334,96.9146666666667,-2.07333333333333,-0.195,0.16,23.215,32.3483333333333,3.52166666666667,980.668333333334
2016,158,21,105.238166666667,-0.911666666666667,-0.363333333333333,-0.415151515151515,20.7333333333333,42.7966666666666,3.98,981.493333333333,105.238166666667,-0.911666666666667,-0.363333333333333,-0.415151515151515,20.7333333333333,42.7966666666666,3.98,981.493333333333
2016,158,22,111.733666666667,-0.476666666666667,-0.258333333333333,-0.0589285714285714,19.2716666666667,50.445,3.685,982.180000000001,111.733666666667,-0.476666666666667,-0.258333333333333,-0.0589285714285714,19.2716666666667,50.445,3.685,982.180000000001
2016,158,23,115.816666666667,-0.0566666666666667,-0.255,0.902,18.5816666666667,53.975,3.32166666666667,982.701666666668,115.816666666667,-0.0566666666666667,-0.255,0.902,18.5816666666667,53.975,3.32166666666667,982.701666666668
2016,159,0,117.007,-1.00833333333333,-0.371666666666667,3.61714285714286,17.3583333333333,58.8916666666667,3.34,982.768333333333,117.007,-1.00833333333333,-0.371666666666667,3.61714285714286,17.3583333333333,58.8916666666667,3.34,982.768333333333
2016,159,1,115.143833333333,-0.371666666666666,-0.148333333333333,1.25714285714286,16.2166666666667,63.0666666666667,3.87666666666667,982.823333333334,115.143833333333,-0.371666666666666,-0.148333333333333,1.25714285714286,16.2166666666667,63.0666666666667,3.87666666666667,982.823333333334
2016,159,2,110.474,-0.255,-0.0183333333333333,0.330909090909091,15.3216666666667,66.7066666666666,4.06166666666667,983.071666666665,110.474,-0.255,-0.0183333333333333,0.330909090909091,15.3216666666667,66.7066666666666,4.06166666666667,983.071666666665
2016,159,3,103.5215,0.065,-0.00833333333333333,0.00172413793103448,15.025,66.825,4.255,983.416666666667,103.5215,0.065,-0.00833333333333333,0.00172413793103448,15.025,66.825,4.255,983.416666666667
2016,159,4,94.8206666666667,-0.674999999999999,0.981666666666667,0.56,14.1683333333333,71.7916666666667,3.81833333333333,984.088333333334,94.8206666666667,-0.674999999999999,0.981666666666667,0.56,14.1683333333333,71.7916666666667,3.81833333333333,984.088333333334
2016,159,5,84.797,318.438333333333,21.9016666666667,26.326,13.8366666666667,75.265,3.87833333333333,984.775,84.797,318.438333333333,21.9016666666667,26.326,13.8366666666667,75.265,3.87833333333333,984.775
2016,159,6,74.2713333333333,679.355,44.25,93.5533333333333,15.715,67.625,6.56333333333333,985.345,74.2713333333333,679.355,44.25,93.5533333333333,15.715,67.625,6.56333333333333,985.345
2016,159,7,63.1111666666667,811.418644067796,59.6033333333333,173.96,16.7833333333333,64.5866666666667,6.62333333333333,985.881666666667,63.1111666666667,811.418644067796,59.6033333333333,173.96,16.7833333333333,64.5866666666667,6.62333333333333,985.881666666667
2016,159,8,51.6876666666667,883.8,69.535,250.893333333333,17.77,59.5333333333333,7.22666666666666,986.260000000001,51.6876666666667,883.8,69.535,250.893333333333,17.77,59.5333333333333,7.22666666666666,986.260000000001
2016,159,9,40.3185,891.756666666667,96.9933333333333,313.03,18.9333333333333,46.285,7.78666666666667,986.616666666666,40.3185,891.756666666667,96.9933333333333,313.03,18.9333333333333,46.285,7.78666666666667,986.616666666666
2016,159,10,29.5496666666667,812.815,171.536666666667,353.886666666667,19.6316666666667,40.7783333333333,8.51833333333333,986.754999999999,29.5496666666667,812.815,171.536666666667,353.886666666667,19.6316666666667,40.7783333333333,8.51833333333333,986.754999999999
2016,159,11,20.8158333333333,789.09,216.505,384.553333333333,20.095,38.5133333333333,8.21,986.703333333333,20.8158333333333,789.09,216.505,384.553333333333,20.095,38.5133333333333,8.21,986.703333333333
2016,159,12,17.6393333333333,843.148333333333,152.773333333333,383.776666666667,20.615,36.4016666666667,7.72333333333333,986.608333333333,17.6393333333333,843.148333333333,152.773333333333,383.776666666667,20.615,36.4016666666667,7.72333333333333,986.608333333333
2016,159,13,22.392,866.785,154.956666666667,385.26,21.2533333333333,35.2066666666667,7.50333333333333,986.378333333335,22.392,866.785,154.956666666667,385.26,21.2533333333333,35.2066666666667,7.50333333333333,986.378333333335
2016,159,14,31.7806666666667,840.656666666667,151.738333333333,347.778333333333,21.9116666666667,33.6966666666667,6.705,986.191666666666,31.7806666666667,840.656666666667,151.738333333333,347.778333333333,21.9116666666667,33.6966666666667,6.705,986.191666666666
2016,159,15,42.7488333333333,730.99,159.496666666667,281.371666666667,22.3066666666667,32.5783333333333,6.85,985.995,42.7488333333333,730.99,159.496666666667,281.371666666667,22.3066666666667,32.5783333333333,6.85,985.995
2016,159,16,54.1605,795.855,139.113333333333,242.858333333333,22.755,31.265,6.44166666666667,985.850000000001,54.1605,795.855,139.113333333333,242.858333333333,22.755,31.265,6.44166666666667,985.850000000001
2016,159,17,65.5463333333333,741.35,72.295,152.193333333333,23.01,30.34,5.70666666666667,985.683333333332,65.5463333333333,741.35,72.295,152.193333333333,23.01,30.34,5.70666666666667,985.683333333332
2016,159,18,76.6046666666667,581.668333333333,48.995,73.7716666666667,22.73,30.245,5.69,985.785000000001,76.6046666666667,581.668333333333,48.995,73.7716666666667,22.73,30.245,5.69,985.785000000001
2016,159,19,86.962,186.056666666667,18.46,13.535,21.5716666666667,36.2366666666667,3.29833333333333,985.961666666667,86.962,186.056666666667,18.46,13.535,21.5716666666667,36.2366666666667,3.29833333333333,985.961666666667
2016,159,20,96.8178333333333,-2.015,-0.183333333333333,0.1,19.6483333333333,43.8383333333333,3.10833333333333,986.38,96.8178333333333,-2.015,-0.183333333333333,0.1,19.6483333333333,43.8383333333333,3.10833333333333,986.38
2016,159,21,105.138333333333,-0.475,-0.31,0,18.2766666666667,49.21,3.35,987.168333333333,105.138333333333,-0.475,-0.31,0,18.2766666666667,49.21,3.35,987.168333333333
2016,159,22,111.633833333333,-0.398333333333333,-0.315,0,16.8466666666667,56.6916666666667,3.47666666666667,987.783333333334,111.633833333333,-0.398333333333333,-0.315,0,16.8466666666667,56.6916666666667,3.47666666666667,987.783333333334
2016,159,23,115.7205,0.12,-0.223333333333333,0,15.85,61.8283333333333,3.57333333333333,988.198333333333,115.7205,0.12,-0.223333333333333,0,15.85,61.8283333333333,3.57333333333333,988.198333333333
2016,160,0,116.918833333333,0.168333333333333,-0.113333333333333,0,14.8266666666667,70.4633333333333,3.74,988.716666666667,116.918833333333,0.168333333333333,-0.113333333333333,0,14.8266666666667,70.4633333333333,3.74,988.716666666667
2016,160,1,115.067833333333,-0.558333333333333,-0.235,0,14.25,73.7816666666667,2.40666666666667,989.045,115.067833333333,-0.558333333333333,-0.235,0,14.25,73.7816666666667,2.40666666666667,989.045
2016,160,2,110.412666666667,-0.855,-0.231666666666667,0,13.675,75.805,1.40333333333333,989.263333333335,110.412666666667,-0.855,-0.231666666666667,0,13.675,75.805,1.40333333333333,989.263333333335
2016,160,3,103.473333333333,-0.575,-0.115,0.106666666666667,12.9466666666667,79.3366666666667,1.625,989.551666666666,103.473333333333,-0.575,-0.115,0.106666666666667,12.9466666666667,79.3366666666667,1.625,989.551666666666
2016,160,4,94.7856666666667,-0.203333333333333,1.78833333333333,0.641666666666667,11.895,84.3,2.11,990.103333333333,94.7856666666667,-0.203333333333333,1.78833333333333,0.641666666666667,11.895,84.3,2.11,990.103333333333
2016,160,5,84.7716666666667,253.611666666667,33.5983333333333,25.7966666666667,12.0966666666667,83.4816666666666,1.75666666666667,990.788333333333,84.7716666666667,253.611666666667,33.5983333333333,25.7966666666667,12.0966666666667,83.4816666666666,1.75666666666667,990.788333333333
2016,160,6,74.2528333333333,506.035,59.0316666666667,81.7233333333333,14.4516666666667,76.7383333333333,0.57,991.615,74.2528333333333,506.035,59.0316666666667,81.7233333333333,14.4516666666667,76.7383333333333,0.57,991.615
2016,160,7,63.0978333333333,747.683333333334,74.8083333333334,169.3125,15.9216666666667,68.21,1.76833333333333,991.901666666667,63.0978333333333,747.683333333334,74.8083333333334,169.3125,15.9216666666667,68.21,1.76833333333333,991.901666666667
2016,160,8,51.6756666666667,877.34,76.8016666666666,250.27,18.6166666666667,51.295,1.74,991.913333333334,51.6756666666667,877.34,76.8016666666666,250.27,18.6166666666667,51.295,1.74,991.913333333334
2016,160,9,40.3025,917.086666666667,83.0316666666666,314.926666666667,19.88,39.485,1.90833333333333,991.931666666667,40.3025,917.086666666667,83.0316666666666,314.926666666667,19.88,39.485,1.90833333333333,991.931666666667
2016,160,10,29.5238333333333,945.401666666667,84.1666666666666,364.233333333333,20.6566666666667,35.065,1.85333333333333,991.966666666667,29.5238333333333,945.401666666667,84.1666666666666,364.233333333333,20.6566666666667,35.065,1.85333333333333,991.966666666667
2016,160,11,20.7625,959.136666666667,85.99,394.09,21.655,31.0566666666667,1.82666666666667,991.838333333334,20.7625,959.136666666667,85.99,394.09,21.655,31.0566666666667,1.82666666666667,991.838333333334
2016,160,12,17.5506666666667,942.913333333333,90.225,397.705,22.3016666666667,29.7766666666667,1.995,991.678333333333,17.5506666666667,942.913333333333,90.225,397.705,22.3016666666667,29.7766666666667,1.995,991.678333333333
2016,160,13,22.2965,948.611666666667,89.5816666666667,389.47962962963,22.8583333333333,29.4183333333333,2.87,991.234999999999,22.2965,948.611666666667,89.5816666666667,389.47962962963,22.8583333333333,29.4183333333333,2.87,991.234999999999
2016,160,14,31.6906666666667,929.81,87.1199999999999,355.251666666667,23.645,28.1633333333333,2.49666666666667,990.873333333333,31.6906666666667,929.81,87.1199999999999,355.251666666667,23.645,28.1633333333333,2.49666666666667,990.873333333333
2016,160,15,42.6631666666667,898.685,80.8133333333333,301.098333333333,24.1916666666667,26.28,3.06,990.373333333333,42.6631666666667,898.685,80.8133333333333,301.098333333333,24.1916666666667,26.28,3.06,990.373333333333
2016,160,16,54.0748333333333,841.786666666667,76.0533333333333,232.07,24.575,26.055,2.84833333333333,989.976666666667,54.0748333333333,841.786666666667,76.0533333333333,232.07,24.575,26.055,2.84833333333333,989.976666666667
2016,160,17,65.4598333333333,755.198333333334,67.755,154.12,24.8166666666667,24.9883333333333,2.45666666666667,989.811666666666,65.4598333333333,755.198333333334,67.755,154.12,24.8166666666667,24.9883333333333,2.45666666666667,989.811666666666
2016,160,18,76.5166666666667,583.83,48.5383333333333,74.4,24.985,24.7116666666667,1.98076923076923,989.89,76.5166666666667,583.83,48.5383333333333,74.4,24.985,24.7116666666667,1.98076923076923,989.89
2016,160,19,86.8648333333333,167.663333333333,18.915,20.3,24.165,26.7733333333333,1.32166666666667,990.049999999999,86.8648333333333,167.663333333333,18.915,20.3,24.165,26.7733333333333,1.32166666666667,990.049999999999
2016,160,20,96.7235,-3.25833333333333,-0.206666666666667,0.155,22.7166666666667,30.71,1.14035087719298,990.336666666666,96.7235,-3.25833333333333,-0.206666666666667,0.155,22.7166666666667,30.71,1.14035087719298,990.336666666666
2016,160,21,105.044,-1.255,-0.353333333333333,2.23125,21.445,36.2383333333333,2.52333333333333,990.915,105.044,-1.255,-0.353333333333333,2.23125,21.445,36.2383333333333,2.52333333333333,990.915
2016,160,22,111.538333333333,-0.706666666666667,-0.293333333333334,0,18.9833333333333,49.7216666666667,1.595,991.148333333333,111.538333333333,-0.706666666666667,-0.293333333333334,0,18.9833333333333,49.7216666666667,1.595,991.148333333333
2016,160,23,115.629166666667,0.0116666666666667,-0.165,0,17.885,54.82,1.53833333333333,991.184999999999,115.629166666667,0.0116666666666667,-0.165,0,17.885,54.82,1.53833333333333,991.184999999999
2016,161,0,116.836833333333,0.393333333333333,-0.12,0,17.44,57.0416666666667,1.39166666666667,991.106666666667,116.836833333333,0.393333333333333,-0.12,0,17.44,57.0416666666667,1.39166666666667,991.106666666667
2016,161,1,114.998166666667,-0.233333333333333,-0.133333333333333,0,16.3116666666667,63.535,1.60666666666667,991.091666666665,114.998166666667,-0.233333333333333,-0.133333333333333,0,16.3116666666667,63.535,1.60666666666667,991.091666666665
2016,161,2,110.356333333333,0.595,-0.0233333333333333,0,16.335,63.9566666666667,1.74833333333333,991.338333333334,110.356333333333,0.595,-0.0233333333333333,0,16.335,63.9566666666667,1.74833333333333,991.338333333334
2016,161,3,103.432166666667,0.756666666666666,-0.00833333333333336,0,15.7916666666667,67.7033333333333,2.73833333333333,991.576666666666,103.432166666667,0.756666666666666,-0.00833333333333336,0,15.7916666666667,67.7033333333333,2.73833333333333,991.576666666666
2016,161,4,94.7563333333333,1.52833333333333,0.708333333333333,0.053448275862069,15.8283333333333,69.4733333333333,2.55,991.969999999999,94.7563333333333,1.52833333333333,0.708333333333333,0.053448275862069,15.8283333333333,69.4733333333333,2.55,991.969999999999
2016,161,5,84.752,100.105,32.0883333333333,19.1101694915254,16.6616666666667,67.63,2.48166666666667,992.296666666667,84.752,100.105,32.0883333333333,19.1101694915254,16.6616666666667,67.63,2.48166666666667,992.296666666667
2016,161,6,74.2403333333333,266.973333333333,110.135,70.8883333333333,18.3716666666667,58.695,3.835,992.466666666667,74.2403333333333,266.973333333333,110.135,70.8883333333333,18.3716666666667,58.695,3.835,992.466666666667
2016,161,7,63.0886666666667,221.038333333333,154.856666666667,110.501666666667,20.1866666666667,51.065,4.20833333333333,992.531666666667,63.0886666666667,221.038333333333,154.856666666667,110.501666666667,20.1866666666667,51.065,4.20833333333333,992.531666666667
2016,161,8,51.6678333333333,765.23,111.888333333333,243.985,22.9433333333333,40.3516666666667,6.64333333333333,992.390000000001,51.6678333333333,765.23,111.888333333333,243.985,22.9433333333333,40.3516666666667,6.64333333333333,992.390000000001
2016,161,9,40.293,711.483333333334,192.673333333333,304.703333333333,24.4316666666667,36.425,6.37333333333333,992.276666666667,40.293,711.483333333334,192.673333333333,304.703333333333,24.4316666666667,36.425,6.37333333333333,992.276666666667
2016,161,10,29.5033333333333,489.715,401.131666666667,341.623333333333,25.4016666666667,34.4216666666667,5.35,992.529999999999,29.5033333333333,489.715,401.131666666667,341.623333333333,25.4016666666667,34.4216666666667,5.35,992.529999999999
2016,161,11,20.7158333333333,40.9375,243.638333333333,118.328333333333,24.8416666666667,41.395,4.56833333333333,992.458333333334,20.7158333333333,40.9375,243.638333333333,118.328333333333,24.8416666666667,41.395,4.56833333333333,992.458333333334
2016,161,12,17.4701666666667,176.396666666667,317.318333333333,204.001666666667,24.8966666666667,42.7,4.665,991.795,17.4701666666667,176.396666666667,317.318333333333,204.001666666667,24.8966666666667,42.7,4.665,991.795
2016,161,13,22.2056666666667,796.895,184.19,381.398333333333,26.7416666666667,35.46,6.45833333333333,990.58,22.2056666666667,796.895,184.19,381.398333333333,26.7416666666667,35.46,6.45833333333333,990.58
2016,161,14,31.6041666666667,801.85,151.358333333333,346.26,28.0433333333333,33.7983333333333,6.48,989.523333333334,31.6041666666667,801.85,151.358333333333,346.26,28.0433333333333,33.7983333333333,6.48,989.523333333334
2016,161,15,42.5798333333333,805.061666666667,113.46,294.226666666667,28.63,35.0666666666667,6.85833333333333,988.784999999999,42.5798333333333,805.061666666667,113.46,294.226666666667,28.63,35.0666666666667,6.85833333333333,988.784999999999
2016,161,16,53.9935,756.248333333333,98.9966666666666,226.783333333333,28.9233333333333,36.5433333333333,6.94666666666667,988.546666666667,53.9935,756.248333333333,98.9966666666666,226.783333333333,28.9233333333333,36.5433333333333,6.94666666666667,988.546666666667
2016,161,17,65.3778333333333,418.141666666666,134.558333333333,133.785,28.7366666666667,38.8316666666667,6.72,988.323333333334,65.3778333333333,418.141666666666,134.558333333333,133.785,28.7366666666667,38.8316666666667,6.72,988.323333333334
2016,161,18,76.434,1.69333333333333,78.535,39.021052631579,28.0766666666667,41.9866666666667,5.96833333333333,988.456666666667,76.434,1.69333333333333,78.535,39.021052631579,28.0766666666667,41.9866666666667,5.96833333333333,988.456666666667
2016,161,19,86.7836666666667,42.5566666666667,19.33,6.096875,27.285,46.2083333333333,4.575,988.763333333332,86.7836666666667,42.5566666666667,19.33,6.096875,27.285,46.2083333333333,4.575,988.763333333332
2016,161,20,96.6363333333333,-1.555,-0.183333333333333,0.156666666666667,25.495,53.8066666666667,3.68333333333333,988.994999999999,96.6363333333333,-1.555,-0.183333333333333,0.156666666666667,25.495,53.8066666666667,3.68333333333333,988.994999999999
2016,161,21,104.954166666667,-0.11,-0.14,0,24.5316666666667,56.3966666666666,4.55333333333333,989.366666666668,104.954166666667,-0.11,-0.14,0,24.5316666666667,56.3966666666666,4.55333333333333,989.366666666668
2016,161,22,111.45,0.0833333333333333,-0.126666666666667,0,23.9966666666667,58.1516666666667,5.415,989.408333333334,111.45,0.0833333333333333,-0.126666666666667,0,23.9966666666667,58.1516666666667,5.415,989.408333333334
2016,161,23,115.545,-0.085,-0.18,0,23.71,59.46,5.10666666666667,989.531666666667,115.545,-0.085,-0.18,0,23.71,59.46,5.10666666666667,989.531666666667
2016,162,0,116.7615,0.223333333333333,-0.221666666666667,0,23.5666666666667,61.0383333333333,5.355,989.433333333334,116.7615,0.223333333333333,-0.221666666666667,0,23.5666666666667,61.0383333333333,5.355,989.433333333334
2016,162,1,114.935333333333,-0.155,-0.238333333333333,0,23.1883333333334,63.4916666666667,4.89666666666667,989.616666666667,114.935333333333,-0.155,-0.238333333333333,0,23.1883333333334,63.4916666666667,4.89666666666667,989.616666666667
2016,162,2,110.3075,0.0466666666666666,-0.183333333333333,0,22.8083333333333,65.61,4.22666666666667,989.755000000001,110.3075,0.0466666666666666,-0.183333333333333,0,22.8083333333333,65.61,4.22666666666667,989.755000000001
2016,162,3,103.395666666667,-5.55111512312578e-18,-0.151666666666666,0,22.59,66.0316666666667,4.785,990.135000000001,103.395666666667,-5.55111512312578e-18,-0.151666666666666,0,22.59,66.0316666666667,4.785,990.135000000001
2016,162,4,94.7188333333333,-1.00333333333333,0.248333333333333,0.27,21.4566666666667,71.9366666666667,3.61,990.843333333333,94.7188333333333,-1.00333333333333,0.248333333333333,0.27,21.4566666666667,71.9366666666667,3.61,990.843333333333
2016,162,5,84.7378333333333,46.5783333333333,26.145,14.9483333333333,20.4383333333333,77.6216666666667,3.24333333333333,991.271666666667,84.7378333333333,46.5783333333333,26.145,14.9483333333333,20.4383333333333,77.6216666666667,3.24333333333333,991.271666666667
2016,162,6,74.2311666666667,468.458333333333,79.4516666666667,85.9016949152542,22.0183333333333,74.375,4.03833333333333,991.643333333333,74.2311666666667,468.458333333333,79.4516666666667,85.9016949152542,22.0183333333333,74.375,4.03833333333333,991.643333333333
2016,162,7,63.0838333333333,455.663333333333,131.195,144.196774193548,24.765,67.44,5.32333333333334,992.326666666668,63.0838333333333,455.663333333333,131.195,144.196774193548,24.765,67.44,5.32333333333334,992.326666666668
2016,162,8,51.6646666666667,717.921666666667,127.921666666667,248.552631578947,26.8616666666667,59.9383333333333,6.21833333333333,992.535,51.6646666666667,717.921666666667,127.921666666667,248.552631578947,26.8616666666667,59.9383333333333,6.21833333333333,992.535
2016,162,9,40.286,809.806666666667,120.205,307.301818181818,28.6216666666667,53.02,4.98166666666667,992.56,40.286,809.806666666667,120.205,307.301818181818,28.6216666666667,53.02,4.98166666666667,992.56
2016,162,10,29.4873333333333,837.615,128.015,356.106666666667,29.865,49.725,3.76833333333333,992.226666666666,29.4873333333333,837.615,128.015,356.106666666667,29.865,49.725,3.76833333333333,992.226666666666
2016,162,11,20.6755,807.858333333334,149.078333333333,374.966666666667,30.9333333333333,44.225,3.95,991.733333333333,20.6755,807.858333333334,149.078333333333,374.966666666667,30.9333333333333,44.225,3.95,991.733333333333
2016,162,12,17.3946666666667,855.4,157.463333333333,402.91,31.4816666666667,40.6816666666667,4.65666666666667,991.175,17.3946666666667,855.4,157.463333333333,402.91,31.4816666666667,40.6816666666667,4.65666666666667,991.175
2016,162,13,22.1198333333333,754.986666666667,174.32,361.741666666667,32.0616666666667,38.48,5.50333333333333,990.485000000001,22.1198333333333,754.986666666667,174.32,361.741666666667,32.0616666666667,38.48,5.50333333333333,990.485000000001
2016,162,14,31.522,836.318333333333,136.935,352.45,32.71,34.5016666666667,6.63333333333333,989.885,31.522,836.318333333333,136.935,352.45,32.71,34.5016666666667,6.63333333333333,989.885
2016,162,15,42.5006666666667,727.92,134.563333333333,279.756666666667,32.7683333333333,35.2266666666667,6.79333333333333,989.48,42.5006666666667,727.92,134.563333333333,279.756666666667,32.7683333333333,35.2266666666667,6.79333333333333,989.48
2016,162,16,53.9145,702.733333333333,110.341666666667,218.266666666667,32.72,33.4083333333333,6.91166666666666,989.303333333334,53.9145,702.733333333333,110.341666666667,218.266666666667,32.72,33.4083333333333,6.91166666666666,989.303333333334
2016,162,17,65.2983333333333,660.94,83.2033333333333,149.155,32.4816666666667,34.9066666666667,6.845,988.763333333334,65.2983333333333,660.94,83.2033333333333,149.155,32.4816666666667,34.9066666666667,6.845,988.763333333334
2016,162,18,76.3538333333333,482.625,56.9716666666666,70.2,31.7,39.26,6.69,988.638333333334,76.3538333333333,482.625,56.9716666666666,70.2,31.7,39.26,6.69,988.638333333334
2016,162,19,86.6946666666667,143.251666666667,21.475,15.2615384615385,30.1583333333333,44.9233333333333,5.38333333333333,988.77,86.6946666666667,143.251666666667,21.475,15.2615384615385,30.1583333333333,44.9233333333333,5.38333333333333,988.77
2016,162,20,96.5515,-2.49666666666667,-0.221666666666667,0.286363636363636,28.3516666666667,50.1583333333333,3.39166666666667,989.908333333334,96.5515,-2.49666666666667,-0.221666666666667,0.286363636363636,28.3516666666667,50.1583333333333,3.39166666666667,989.908333333334
2016,162,21,104.869166666667,-0.935,-0.38,0.25,26.5366666666667,57.2533333333333,3.24166666666667,990.75,104.869166666667,-0.935,-0.38,0.25,26.5366666666667,57.2533333333333,3.24166666666667,990.75
2016,162,22,111.367,0.67,-0.201666666666667,-0.0482758620689655,25.305,62.2283333333333,3.77,991.064999999999,111.367,0.67,-0.201666666666667,-0.0482758620689655,25.305,62.2283333333333,3.77,991.064999999999
2016,162,23,115.467833333333,-0.216666666666667,-0.375,4.16,24.9483333333333,63.095,3.99333333333333,991.301666666667,115.467833333333,-0.216666666666667,-0.375,4.16,24.9483333333333,63.095,3.99333333333333,991.301666666667
2016,163,0,116.693,0.0816666666666667,-0.353333333333333,0,24.4716666666667,64.9566666666666,4.305,991.026666666667,116.693,0.0816666666666667,-0.353333333333333,0,24.4716666666667,64.9566666666666,4.305,991.026666666667
2016,163,1,114.878833333333,-0.183333333333333,-0.336666666666667,0,24.0933333333333,66.54,4.29166666666667,990.786666666667,114.878833333333,-0.183333333333333,-0.336666666666667,0,24.0933333333333,66.54,4.29166666666667,990.786666666667
2016,163,2,110.263666666667,-0.233333333333333,-0.235,0.675862068965517,23.2383333333333,70.9283333333333,2.95833333333333,991.238333333334,110.263666666667,-0.233333333333333,-0.235,0.675862068965517,23.2383333333333,70.9283333333333,2.95833333333333,991.238333333334
2016,163,3,103.365,-0.206666666666667,-0.225,-0.190243902439024,22.4316666666667,75.2566666666667,3.86333333333333,991.27,103.365,-0.206666666666667,-0.225,-0.190243902439024,22.4316666666667,75.2566666666667,3.86333333333333,991.27
2016,163,4,94.6998333333333,0.205,0.686666666666667,0.146938775510204,22.385,75.8116666666667,4.15166666666667,991.588333333332,94.6998333333333,0.205,0.686666666666667,0.146938775510204,22.385,75.8116666666667,4.15166666666667,991.588333333332
2016,163,5,84.7275,19.3716666666667,25.9283333333333,16.2075,21.64,79.8566666666667,4.39166666666667,991.393333333333,84.7275,19.3716666666667,25.9283333333333,16.2075,21.64,79.8566666666667,4.39166666666667,991.393333333333
2016,163,6,74.2263333333333,123.833333333333,105.393333333333,56.9216666666667,22.615,76.9066666666667,4.705,991.256666666667,74.2263333333333,123.833333333333,105.393333333333,56.9216666666667,22.615,76.9066666666667,4.705,991.256666666667
2016,163,7,63.084,418.98,148.71,139.53137254902,24.5466666666667,71.4683333333333,5.34333333333333,991.286666666667,63.084,418.98,148.71,139.53137254902,24.5466666666667,71.4683333333333,5.34333333333333,991.286666666667
2016,163,8,51.6663333333333,641.48,166.163333333333,228.558620689655,27.54,60.1866666666667,6.01833333333333,991.224999999999,51.6663333333333,641.48,166.163333333333,228.558620689655,27.54,60.1866666666667,6.01833333333333,991.224999999999
2016,163,9,40.2848333333333,354.76,293.311666666667,233.476666666667,29.0016666666667,53.1033333333333,7.07166666666666,991.463333333333,40.2848333333333,354.76,293.311666666667,233.476666666667,29.0016666666667,53.1033333333333,7.07166666666666,991.463333333333
2016,163,10,29.4765,581.03,313.625,335.028333333333,30.375,45.6666666666667,7.88833333333333,992.013333333332,29.4765,581.03,313.625,335.028333333333,30.375,45.6666666666667,7.88833333333333,992.013333333332
2016,163,11,20.6411666666667,418.27,321.613333333333,292.795,30.97,41.885,6.77333333333333,992.010000000001,20.6411666666667,418.27,321.613333333333,292.795,30.97,41.885,6.77333333333333,992.010000000001
2016,163,12,17.327,507.221666666667,280.376666666667,315.168333333333,31.5983333333333,36.6883333333334,7.24166666666667,991.641666666667,17.327,507.221666666667,280.376666666667,315.168333333333,31.5983333333333,36.6883333333334,7.24166666666667,991.641666666667
2016,163,13,22.0398333333333,784.463333333333,177.353333333333,372.283333333333,32.2983333333333,33.27,6.195,991.061666666667,22.0398333333333,784.463333333333,177.353333333333,372.283333333333,32.2983333333333,33.27,6.195,991.061666666667
2016,163,14,31.4431666666667,792.366666666667,177.726666666667,351.63,32.6383333333333,31.4983333333333,6.05666666666667,990.648333333332,31.4431666666667,792.366666666667,177.726666666667,351.63,32.6383333333333,31.4983333333333,6.05666666666667,990.648333333332
2016,163,15,42.4255,419.575,210.625,216.811666666667,32.4816666666667,34.4533333333333,5.50333333333333,990.420000000001,42.4255,419.575,210.625,216.811666666667,32.4816666666667,34.4533333333333,5.50333333333333,990.420000000001
2016,163,16,53.84,563.82,175.643333333333,208.715,32.64,34.3983333333333,5.54,990.153333333333,53.84,563.82,175.643333333333,208.715,32.64,34.3983333333333,5.54,990.153333333333
2016,163,17,65.2231666666667,584.153333333334,115.69,148.231666666667,32.5716666666667,33.4666666666667,5.47333333333333,989.855,65.2231666666667,584.153333333334,115.69,148.231666666667,32.5716666666667,33.4666666666667,5.47333333333333,989.855
2016,163,18,76.2763333333333,376.963333333333,67.485,64.828813559322,31.8383333333333,37.495,4.08166666666667,989.840000000001,76.2763333333333,376.963333333333,67.485,64.828813559322,31.8383333333333,37.495,4.08166666666667,989.840000000001
2016,163,19,86.6208333333333,11.1016666666667,15.2883333333333,8.23166666666667,29.9166666666667,44.6383333333333,2.96166666666667,990.109999999999,86.6208333333333,11.1016666666667,15.2883333333333,8.23166666666667,29.9166666666667,44.6383333333333,2.96166666666667,990.109999999999
2016,163,20,96.472,-1.28,-0.171666666666667,0.0833333333333333,28.42,51.38,3.56666666666667,990.638333333333,96.472,-1.28,-0.171666666666667,0.0833333333333333,28.42,51.38,3.56666666666667,990.638333333333
2016,163,21,104.79,0.03,-0.265,0,27.0616666666667,57.435,3.59166666666667,991.305,104.79,0.03,-0.265,0,27.0616666666667,57.435,3.59166666666667,991.305
2016,163,22,111.2895,-0.338333333333333,-0.365,0,25.9183333333333,62.0583333333333,3.30833333333333,991.511666666666,111.2895,-0.338333333333333,-0.365,0,25.9183333333333,62.0583333333333,3.30833333333333,991.511666666666
2016,163,23,115.3955,-0.541666666666666,-0.385,0,24.7783333333334,66.8066666666667,2.87166666666667,991.821666666668,115.3955,-0.541666666666666,-0.385,0,24.7783333333334,66.8066666666667,2.87166666666667,991.821666666668
2016,164,0,116.6305,0.393333333333333,-0.108333333333333,0.00677966101694915,24.3183333333333,68.3916666666667,3.31166666666667,991.833333333334,116.6305,0.393333333333333,-0.108333333333333,0.00677966101694915,24.3183333333333,68.3916666666667,3.31166666666667,991.833333333334
2016,164,1,114.828166666667,0.511666666666666,-0.148333333333333,0,23.9816666666667,69.3283333333333,2.575,991.578333333333,114.828166666667,0.511666666666666,-0.148333333333333,0,23.9816666666667,69.3283333333333,2.575,991.578333333333
2016,164,2,110.228166666667,0.913333333333334,-0.126666666666667,0,23.6816666666667,70.0083333333333,1.35833333333333,991.583333333332,110.228166666667,0.913333333333334,-0.126666666666667,0,23.6816666666667,70.0083333333333,1.35833333333333,991.583333333332
2016,164,3,103.341166666667,1.42,-0.025,0,23.45,69.9866666666667,1.86,991.758333333334,103.341166666667,1.42,-0.025,0,23.45,69.9866666666667,1.86,991.758333333334
2016,164,4,94.6861666666667,1.53333333333333,1.67333333333333,0.63,23.18,70.57,1.97166666666667,991.981666666667,94.6861666666667,1.53333333333333,1.67333333333333,0.63,23.18,70.57,1.97166666666667,991.981666666667
2016,164,5,84.722,126.966666666667,46.6233333333333,24.2859649122807,24.3116666666667,67.7033333333333,2.805,992.196666666667,84.722,126.966666666667,46.6233333333333,24.2859649122807,24.3116666666667,67.7033333333333,2.805,992.196666666667
2016,164,6,74.2268333333333,305.451666666667,104.475,76.4233333333333,24.9383333333333,68.955,4.03333333333333,992.525,74.2268333333333,305.451666666667,104.475,76.4233333333333,24.9383333333333,68.955,4.03333333333333,992.525
2016,164,7,63.0875,556.266666666667,128.775,159.15,25.575,68.5133333333333,4.52833333333333,993.053333333333,63.0875,556.266666666667,128.775,159.15,25.575,68.5133333333333,4.52833333333333,993.053333333333
2016,164,8,51.672,641.308333333333,157.091666666667,234.1,25.97,63.7283333333333,3.78666666666666,993.135,51.672,641.308333333333,157.091666666667,234.1,25.97,63.7283333333333,3.78666666666666,993.135
2016,164,9,40.2898333333333,731.896666666667,157.45,301.781666666667,26.7983333333333,56.9283333333333,4.22333333333333,993.164999999999,40.2898333333333,731.896666666667,157.45,301.781666666667,26.7983333333333,56.9283333333333,4.22333333333333,993.164999999999
2016,164,10,29.4716666666667,789.013333333333,162.116666666667,354.493333333333,28.1983333333333,53.56,2.395,992.96,29.4716666666667,789.013333333333,162.116666666667,354.493333333333,28.1983333333333,53.56,2.395,992.96
2016,164,11,20.6133333333333,758.425,212.681666666667,385.131666666666,28.7533333333333,50.7066666666667,4.01333333333333,993.073333333332,20.6133333333333,758.425,212.681666666667,385.131666666666,28.7533333333333,50.7066666666667,4.01333333333333,993.073333333332
2016,164,12,17.265,511.441666666667,369.135,358.453333333333,29.3533333333333,47.885,4.03666666666667,993.196666666667,17.265,511.441666666667,369.135,358.453333333333,29.3533333333333,47.885,4.03666666666667,993.196666666667
2016,164,13,21.9633333333333,637.513333333333,246.061666666667,351.148333333333,29.925,46.2533333333333,4.23333333333333,992.473333333333,21.9633333333333,637.513333333333,246.061666666667,351.148333333333,29.925,46.2533333333333,4.23333333333333,992.473333333333
2016,164,14,31.3686666666667,577.436666666667,325.785,343.065,30.6166666666667,43.9683333333333,4.635,992.225000000001,31.3686666666667,577.436666666667,325.785,343.065,30.6166666666667,43.9683333333333,4.635,992.225000000001
2016,164,15,42.3523333333333,657.65,232.791666666667,300.186666666667,30.625,40.1083333333333,5.2,991.83,42.3523333333333,657.65,232.791666666667,300.186666666667,30.625,40.1083333333333,5.2,991.83
2016,164,16,53.767,589.45,180.745,220.851666666667,30.29,36.6933333333333,4.955,991.405,53.767,589.45,180.745,220.851666666667,30.29,36.6933333333333,4.955,991.405
2016,164,17,65.1508333333333,444.961666666666,127.991666666667,132.153333333333,29.9466666666667,37.0366666666667,5.26,991.183333333333,65.1508333333333,444.961666666666,127.991666666667,132.153333333333,29.9466666666667,37.0366666666667,5.26,991.183333333333
2016,164,18,76.2041666666667,161.566666666667,69.325,47.015,27.7716666666667,33.0166666666667,6.74833333333333,991.995,76.2041666666667,161.566666666667,69.325,47.015,27.7716666666667,33.0166666666667,6.74833333333333,991.995
2016,164,19,86.5391666666667,42.63,25.6533333333333,11.3591836734694,25.9216666666667,35.705,3.67,992.221666666666,86.5391666666667,42.63,25.6533333333333,11.3591836734694,25.9216666666667,35.705,3.67,992.221666666666
2016,164,20,96.398,0.0316666666666666,0.4,0.14,24.7566666666667,34.015,4.28,992.533333333333,96.398,0.0316666666666666,0.4,0.14,24.7566666666667,34.015,4.28,992.533333333333
2016,164,21,104.716,-0.376666666666666,-0.176666666666667,0,23.5766666666667,29.39,5.41833333333333,993.230000000001,104.716,-0.376666666666666,-0.176666666666667,0,23.5766666666667,29.39,5.41833333333333,993.230000000001
2016,164,22,111.219166666667,-0.555,-0.213333333333333,0,21.9566666666667,32.6483333333333,4.97833333333334,993.305,111.219166666667,-0.555,-0.213333333333333,0,21.9566666666667,32.6483333333333,4.97833333333334,993.305
2016,164,23,115.331166666667,-0.736666666666666,-0.115,0,20.3116666666667,35.0983333333333,4.73166666666667,993.166666666666,115.331166666667,-0.736666666666666,-0.115,0,20.3116666666667,35.0983333333333,4.73166666666667,993.166666666666
2016,165,0,116.575666666667,-0.393333333333333,-0.00833333333333333,0.813636363636364,19.12,36.3,3.855,992.58,116.575666666667,-0.393333333333333,-0.00833333333333333,0.813636363636364,19.12,36.3,3.855,992.58
2016,165,1,114.786166666667,-0.265,-0.075,0,18.0516666666667,39.1933333333333,2.98666666666667,992.185,114.786166666667,-0.265,-0.075,0,18.0516666666667,39.1933333333333,2.98666666666667,992.185
2016,165,2,110.198333333333,-0.065,-0.27,0,17.2233333333333,44.6566666666667,1.65166666666667,992.76,110.198333333333,-0.065,-0.27,0,17.2233333333333,44.6566666666667,1.65166666666667,992.76
2016,165,3,103.323666666667,0.805,-0.085,0,16.7266666666667,47.57,2.655,992.635000000001,103.323666666667,0.805,-0.085,0,16.7266666666667,47.57,2.655,992.635000000001
2016,165,4,94.6775,0.638333333333333,0.903333333333333,0.436666666666667,16.825,46.5216666666667,2.08833333333333,992.551666666666,94.6775,0.638333333333333,0.903333333333333,0.436666666666667,16.825,46.5216666666667,2.08833333333333,992.551666666666
2016,165,5,84.7218333333333,110.181666666667,29.8483333333333,17.1016666666667,16.8266666666667,50.15,1.96166666666667,992.511666666667,84.7218333333333,110.181666666667,29.8483333333333,17.1016666666667,16.8266666666667,50.15,1.96166666666667,992.511666666667
2016,165,6,74.2328333333333,243.57,72.7383333333333,61.7783333333333,17.4966666666667,52.5366666666667,2.72666666666667,992.426666666668,74.2328333333333,243.57,72.7383333333333,61.7783333333333,17.4966666666667,52.5366666666667,2.72666666666667,992.426666666668
2016,165,7,63.0965,533.098333333333,112.813333333333,150.588333333333,19.7816666666667,51.0066666666667,3.36666666666667,992.303333333333,63.0965,533.098333333333,112.813333333333,150.588333333333,19.7816666666667,51.0066666666667,3.36666666666667,992.303333333333
2016,165,8,52.8285416666667,725.5,116.339583333333,233.64375,22.2666666666667,44.3270833333333,3.92083333333333,991.8875,52.8285416666667,725.5,116.339583333333,233.64375,22.2666666666667,44.3270833333333,3.92083333333333,991.8875
2016,165,9,NA,NA,NA,NA,NA,NA,NA,NA,40.29975,746.020833333333,152.798055555556,315.363333333333,26.9191666666667,65.1816666666667,4.11666666666667,989.856666666667
2016,165,10,NA,NA,NA,NA,NA,NA,NA,NA,29.4743333333333,788.267777777778,163.906388888889,363.073333333333,27.7683333333333,64.1441666666666,3.2625,989.706666666667
2016,165,11,NA,NA,NA,NA,NA,NA,NA,NA,20.5951666666667,776.52,200.593611111111,382.751666666667,28.6591666666667,60.5583333333334,3.8375,989.593333333333
2016,165,12,NA,NA,NA,NA,NA,NA,NA,NA,17.2140833333333,559.839722222222,337.552777777778,370.35,29.3875,57.6025,3.51416666666667,989.240833333333
2016,165,13,NA,NA,NA,NA,NA,NA,NA,NA,21.8961666666667,635.175555555555,242.757222222222,247.818611111111,28.6475,58.465,4.0275,988.581666666666
2016,165,14,NA,NA,NA,NA,NA,NA,NA,NA,31.3003333333333,571.509444444445,314.194166666667,301.429375,28.2966666666667,59.5125,4.16666666666667,988.461666666667
2016,165,15,NA,NA,NA,NA,NA,NA,NA,NA,42.28475,666.108055555556,225.498888888889,351.403333333333,28.3725,57.5841666666667,5.88666666666667,988.241666666667
2016,165,16,NA,NA,NA,NA,NA,NA,NA,NA,53.7000833333333,614.585555555556,174.156388888889,226.043611111111,30.14,36.0480555555556,4.87194444444444,992.098055555556
2016,165,17,NA,NA,NA,NA,NA,NA,NA,NA,65.0833333333333,490.34,120.920833333333,138.057777777778,29.8216666666667,36.0416666666667,5.0475,991.902222222222
2016,165,18,78.8333333333333,NA,NA,54.9766666666667,31.79,40.9,2.17,985.936666666666,78.8333333333333,249.076384180791,65.1474576271187,54.9766666666667,31.79,40.9,2.17,985.936666666666
2016,165,19,86.473,NA,NA,8.63666666666667,30.715,45.8066666666667,2.495,985.996666666667,86.473,80.4203333333333,24.419,8.63666666666667,30.715,45.8066666666667,2.495,985.996666666667
2016,165,20,96.3278333333333,NA,NA,-0.0133333333333333,28.31,56.0783333333333,1.33333333333333,986.156666666668,96.3278333333333,0.105333333333333,0.3,-0.0133333333333333,28.31,56.0783333333333,1.33333333333333,986.156666666668
2016,165,21,104.648,NA,NA,0,26.8783333333333,60.0166666666667,2.67333333333333,986.750000000001,104.648,-0.230666666666666,-0.225,0,26.8783333333333,60.0166666666667,2.67333333333333,986.750000000001
2016,165,22,111.154166666667,NA,NA,-0.165384615384615,26.3,62.3833333333333,2.90833333333333,986.963333333333,111.154166666667,-0.379333333333333,-0.250666666666666,-0.165384615384615,26.3,62.3833333333333,2.90833333333333,986.963333333333
2016,165,23,115.273333333333,NA,NA,1.19772727272727,26.28,66.615,4.56166666666667,987.336666666667,115.273333333333,-0.644999999999999,-0.170666666666667,1.19772727272727,26.28,66.615,4.56166666666667,987.336666666667
2016,166,0,116.5275,NA,NA,0.207407407407407,24.7616666666667,75.3883333333333,3.075,987.146666666666,116.5275,-0.258,-0.0866666666666666,0.207407407407407,24.7616666666667,75.3883333333333,3.075,987.146666666666
2016,166,1,114.75,NA,NA,0,24.5283333333333,76.8916666666667,2.13,986.465,114.75,-0.145666666666667,-0.14,0,24.5283333333333,76.8916666666667,2.13,986.465
2016,166,2,110.174666666667,NA,NA,0.0101694915254237,23.8333333333333,79.9833333333333,1.88333333333333,986.163333333333,110.174666666667,-0.055,-0.296,0.0101694915254237,23.8333333333333,79.9833333333333,1.88333333333333,986.163333333333
2016,166,3,103.311166666667,NA,NA,-0.207894736842105,23.245,86.3116666666667,2.18833333333333,986.280000000001,103.311166666667,0.689333333333334,-0.148,-0.207894736842105,23.245,86.3116666666667,2.18833333333333,986.280000000001
2016,166,4,94.6748333333333,NA,NA,0.471153846153846,23.215,88.7066666666667,1.13137254901961,986.684999999999,94.6748333333333,0.525,0.862333333333333,0.471153846153846,23.215,88.7066666666667,1.13137254901961,986.684999999999
2016,166,5,84.726,NA,NA,3.47333333333333,22.8716666666667,91.4866666666667,2.59,987.245,84.726,95.8166666666667,31.9156666666667,3.47333333333333,22.8716666666667,91.4866666666667,2.59,987.245
2016,166,6,74.242,NA,NA,5.125,21.4833333333333,97.1233333333334,3.825,987.233333333333,74.242,245.384666666667,78.5103157894737,5.125,21.4833333333333,97.1233333333334,3.825,987.233333333333
2016,166,7,63.1098333333333,NA,NA,122.211666666667,22.3616666666667,92.7483333333333,2.87666666666667,987.151666666666,63.1098333333333,569.762333333333,109.650666666667,122.211666666667,22.3616666666667,92.7483333333333,2.87666666666667,987.151666666666
2016,166,8,51.6965,NA,NA,253.468333333333,25.075,80.895,2.57833333333333,986.926666666667,51.6965,746.620333333333,113.821333333333,253.468333333333,25.075,80.895,2.57833333333333,986.926666666667
2016,166,9,40.3096666666667,NA,NA,328.945,27.04,73.435,4.01,986.548333333334,40.3096666666667,760.145,148.146111111111,328.945,27.04,73.435,4.01,986.548333333334
2016,166,10,29.477,NA,NA,371.653333333333,27.3383333333333,74.7283333333333,4.13,986.453333333334,29.477,787.522222222222,165.696111111111,371.653333333333,27.3383333333333,74.7283333333333,4.13,986.453333333334
2016,166,11,20.577,NA,NA,380.371666666667,28.565,70.41,3.66166666666667,986.113333333334,20.577,794.615,188.505555555556,380.371666666667,28.565,70.41,3.66166666666667,986.113333333334
2016,166,12,17.1631666666667,NA,NA,382.246666666667,29.4216666666667,67.32,2.99166666666667,985.285,17.1631666666667,608.237777777778,305.970555555556,382.246666666667,29.4216666666667,67.32,2.99166666666667,985.285
2016,166,13,21.829,NA,NA,144.488888888889,27.37,70.6766666666667,3.82166666666667,984.689999999999,21.829,632.837777777778,239.452777777778,144.488888888889,27.37,70.6766666666667,3.82166666666667,984.689999999999
2016,166,14,31.232,NA,NA,259.79375,25.9766666666667,75.0566666666667,3.69833333333333,984.698333333333,31.232,565.582222222222,302.603333333333,259.79375,25.9766666666667,75.0566666666667,3.69833333333333,984.698333333333
2016,166,15,42.2171666666667,NA,NA,402.62,26.12,75.06,6.57333333333333,984.653333333333,42.2171666666667,674.566111111111,218.206111111111,402.62,26.12,75.06,6.57333333333333,984.653333333333
2016,166,16,53.6331666666667,NA,NA,NA,NA,NA,NA,NA,53.6331666666667,639.721111111111,167.567777777778,231.235555555556,29.99,35.4027777777778,4.78888888888889,992.791111111111
2016,166,17,65.0158333333333,NA,NA,NA,NA,NA,NA,NA,65.0158333333333,535.718333333333,113.85,143.962222222222,29.6966666666667,35.0466666666667,4.835,992.621111111111
2016,166,18,76.0691666666667,NA,NA,69.3966666666667,NA,NA,NA,NA,76.0691666666667,336.586101694915,60.9699152542373,69.3966666666667,30.9425,39.2631355932203,2.49317796610169,987.027923728813
2016,166,19,86.3991666666667,NA,NA,14.2208333333333,NA,NA,NA,NA,86.3991666666667,118.210666666667,23.1846666666667,14.2208333333333,29.68625,44.3725,2.56666666666667,987.199166666667
2016,166,20,96.2625,NA,NA,0.1,NA,NA,NA,NA,96.2625,0.179,0.2,0.1,27.4470833333333,53.73875,1.65041666666667,987.442916666667
2016,166,21,104.584166666667,NA,NA,0.005,NA,NA,NA,NA,104.584166666667,-0.0846666666666665,-0.273333333333333,0.005,25.8841666666667,58.8529166666667,2.715,988.066666666667
2016,166,22,111.0955,NA,NA,0.005,NA,NA,NA,NA,111.0955,-0.203666666666666,-0.288,0.005,24.8545833333333,64.0208333333333,3.09333333333333,988.447916666667
2016,166,23,115.221666666667,NA,NA,0.005,NA,NA,NA,NA,115.221666666667,-0.553333333333333,-0.226333333333333,0.005,24.88375,66.8008333333333,4.41958333333333,988.909583333333
2016,167,0,116.486166666667,NA,NA,0.0116666666666667,NA,NA,NA,NA,116.486166666667,-0.122666666666666,-0.165,0.0116666666666667,23.4491666666667,74.255,3.06875,988.796666666666
2016,167,1,114.719833333333,NA,NA,0.0166666666666667,NA,NA,NA,NA,114.719833333333,-0.0263333333333333,-0.205,0.0166666666666667,22.8716666666667,77.2891666666667,2.45958333333333,988.378333333333
2016,167,2,110.157666666667,NA,NA,0.0133333333333333,NA,NA,NA,NA,110.157666666667,-0.045,-0.322,0.0133333333333333,22.0975,80.4854166666666,2.2575,988.19
2016,167,3,103.304,NA,NA,0.0316666666666667,NA,NA,NA,NA,103.304,0.573666666666667,-0.211,0.0316666666666667,21.5229166666667,85.1079166666667,2.5,988.217083333334
2016,167,4,94.6775,NA,NA,0.095,NA,NA,NA,NA,94.6775,0.411666666666667,0.821333333333333,0.095,21.4520833333333,86.7329166666667,1.64227941176471,988.603333333333
2016,167,5,84.7351666666667,NA,NA,4.02833333333333,NA,NA,NA,NA,84.7351666666667,81.4516666666667,33.983,4.02833333333333,21.1683333333333,88.615,2.79875,989.254166666667
2016,167,6,74.2566666666667,NA,NA,79.9383333333333,NA,NA,NA,NA,74.2566666666667,247.199333333333,84.282298245614,79.9383333333333,20.6220833333333,90.93125,3.71583333333333,989.439583333333
2016,167,7,63.1258333333333,NA,NA,165.03,NA,NA,NA,NA,63.1258333333333,606.426333333333,106.488,165.03,22.1641666666667,83.02,3.25625,989.494166666666
2016,167,8,51.7148333333333,NA,NA,241.831666666667,NA,NA,NA,NA,51.7148333333333,767.740666666667,111.303083333333,241.831666666667,24.7383333333333,71.9325,3.16458333333333,989.337083333334
2016,167,9,40.327,NA,NA,324.895,NA,NA,NA,NA,40.327,774.269166666667,143.494166666667,324.895,26.5270833333333,67.0366666666667,4.03666666666667,989.07375
2016,167,10,31.18475,NA,NA,320.23,NA,NA,NA,NA,31.18475,786.776666666667,167.485833333333,320.23,27.1004166666667,67.9033333333333,3.94083333333333,989.06125
2016,167,11,NA,NA,NA,NA,NA,NA,NA,NA,20.5774583333333,812.71,176.4175,388.937083333333,28.2441666666667,64.2616666666667,3.71333333333333,988.754166666667
2016,167,12,NA,NA,NA,NA,NA,NA,NA,NA,17.1325416666667,656.635833333333,274.388333333333,390.08625,29.095,59.7170833333333,3.2875,988.113333333333
2016,167,13,NA,NA,NA,NA,NA,NA,NA,NA,21.777625,630.5,236.148333333333,196.96375,27.6245833333333,62.1333333333333,3.84041666666667,987.657083333333
2016,167,14,NA,NA,NA,NA,NA,NA,NA,NA,31.1759583333333,559.655,291.0125,273.166145833333,26.6675,65.695,3.63166666666667,987.635416666666
2016,167,15,NA,NA,NA,NA,NA,NA,NA,NA,42.1605,683.024166666667,210.913333333333,380.200416666667,26.9070833333333,64.96375,5.86583333333333,987.4825
2016,167,16,NA,NA,NA,NA,NA,NA,NA,NA,53.5765,664.856666666667,160.979166666667,236.4275,29.84,34.7575,4.70583333333333,993.484166666667
2016,167,17,NA,NA,NA,NA,NA,NA,NA,NA,64.9595,581.096666666667,106.779166666667,149.866666666667,29.5716666666667,34.0516666666667,4.6225,993.34
2016,167,18,NA,NA,NA,NA,NA,NA,NA,NA,76.0417608286252,424.09581920904,56.7923728813559,73.9028625235405,30.095,37.6262711864407,2.81635593220339,988.119180790961
2016,167,19,NA,NA,NA,NA,NA,NA,NA,NA,86.3418888888889,156.001,21.9503333333333,15.4111111111111,28.6575,42.9383333333333,2.63833333333333,988.401666666667
2016,167,20,NA,NA,NA,NA,NA,NA,NA,NA,96.2074444444444,0.252666666666666,0.0999999999999998,0.126666666666667,26.5841666666667,51.3991666666667,1.9675,988.729166666667
2016,167,21,NA,NA,NA,NA,NA,NA,NA,NA,104.532611111111,0.0613333333333334,-0.321666666666666,0.00333333333333333,24.89,57.6891666666667,2.75666666666667,989.383333333334
2016,167,22,NA,NA,NA,NA,NA,NA,NA,NA,111.048888888889,-0.0279999999999998,-0.325333333333333,0.00333333333333333,23.4091666666667,65.6583333333333,3.27833333333333,989.9325
2016,167,23,NA,NA,NA,NA,NA,NA,NA,NA,115.183222222222,-0.461666666666666,-0.282,0.00333333333333333,23.4875,66.9866666666667,4.2775,990.4825
2016,168,0,NA,NA,NA,NA,NA,NA,NA,NA,116.458222222222,0.0126666666666669,-0.243333333333333,0.00777777777777778,22.1366666666667,73.1216666666667,3.0625,990.446666666666
2016,168,1,NA,NA,NA,NA,NA,NA,NA,NA,114.704,0.093,-0.27,0.0111111111111111,21.215,77.6866666666667,2.78916666666667,990.291666666666
2016,168,2,NA,NA,NA,NA,NA,NA,NA,NA,110.153055555556,-0.035,-0.348,0.00888888888888889,20.3616666666667,80.9875,2.63166666666667,990.216666666667
2016,168,3,NA,NA,NA,NA,NA,NA,NA,NA,103.309111111111,0.458,-0.274,0.0211111111111111,19.8008333333333,83.9041666666667,2.81166666666667,990.154166666667
2016,168,4,NA,NA,NA,NA,NA,NA,NA,NA,94.6940555555556,0.298333333333333,0.780333333333333,0.187222222222222,19.6891666666667,84.7591666666667,2.1531862745098,990.521666666666
2016,168,5,NA,NA,NA,NA,NA,NA,NA,NA,84.7532222222222,67.0866666666667,36.0503333333333,9.01,19.465,85.7433333333333,3.0075,991.263333333333
2016,168,6,NA,NA,NA,NA,NA,NA,NA,NA,74.2793888888889,249.014,90.0542807017544,78.3022222222222,19.7608333333333,84.7391666666667,3.60666666666667,991.645833333333
2016,168,7,NA,NA,NA,NA,NA,NA,NA,NA,63.1517222222222,643.090333333333,103.325333333333,170.837777777778,21.9666666666667,73.2916666666667,3.63583333333333,991.836666666666
2016,168,8,NA,NA,NA,NA,NA,NA,NA,NA,51.7416111111111,788.861,108.784833333333,250.666111111111,24.4016666666667,62.97,3.75083333333333,991.7475
2016,168,9,NA,NA,NA,NA,NA,NA,NA,NA,40.3525555555556,788.393333333333,138.842222222222,325.900555555556,26.0141666666667,60.6383333333333,4.06333333333333,991.599166666666
2016,168,10,NA,NA,NA,NA,NA,NA,NA,NA,30.6387777777778,786.031111111111,169.275555555556,337.776111111111,26.8625,61.0783333333333,3.75166666666667,991.669166666667
2016,168,11,NA,NA,NA,NA,NA,NA,NA,NA,20.5779166666667,830.805,164.329444444444,397.5025,27.9233333333333,58.1133333333333,3.765,991.395
2016,168,12,NA,NA,NA,NA,NA,NA,NA,NA,17.1019166666667,705.033888888889,242.806111111111,397.925833333333,28.7683333333333,52.1141666666667,3.58333333333333,990.941666666666
2016,168,13,NA,NA,NA,NA,NA,NA,NA,NA,21.72625,628.162222222222,232.843888888889,249.438611111111,27.8791666666667,53.59,3.85916666666667,990.624166666666
2016,168,14,NA,NA,NA,NA,NA,NA,NA,NA,31.1199166666667,553.727777777778,279.421666666667,286.538541666667,27.3583333333333,56.3333333333333,3.565,990.5725
2016,168,15,NA,NA,NA,NA,NA,NA,NA,NA,42.1038333333333,691.482222222222,203.620555555556,357.780833333333,27.6941666666667,54.8675,5.15833333333333,990.311666666667
2016,168,16,NA,NA,NA,NA,NA,NA,NA,NA,53.5198333333333,689.992222222222,154.390555555556,241.619444444444,29.69,34.1122222222222,4.62277777777778,994.177222222222
2016,168,17,NA,NA,NA,NA,NA,NA,NA,NA,64.9031666666667,626.475,99.7083333333333,155.771111111111,29.4466666666667,33.0566666666667,4.41,994.058888888889
2016,168,18,NA,NA,NA,NA,NA,NA,NA,NA,76.0143549905838,511.605536723164,52.6148305084746,78.4090583804143,29.2475,35.989406779661,3.13953389830509,989.210437853108
2016,168,19,NA,NA,NA,NA,NA,NA,NA,NA,86.2846111111111,193.791333333333,20.716,16.6013888888889,27.62875,41.5041666666667,2.71,989.604166666667
2016,168,20,NA,NA,NA,NA,NA,NA,NA,NA,96.1523888888889,0.326333333333333,-1.66533453693773e-16,0.153333333333333,25.72125,49.0595833333333,2.28458333333333,990.015416666666
2016,168,21,NA,NA,NA,NA,NA,NA,NA,NA,104.481055555556,0.207333333333333,-0.37,0.00166666666666667,23.8958333333333,56.5254166666667,2.79833333333333,990.7
2016,168,22,NA,NA,NA,NA,NA,NA,NA,NA,111.002277777778,0.147666666666667,-0.362666666666666,0.00166666666666667,21.96375,67.2958333333333,3.46333333333333,991.417083333334
2016,168,23,NA,NA,NA,NA,NA,NA,NA,NA,115.144777777778,-0.37,-0.337666666666666,0.00166666666666667,22.09125,67.1725,4.13541666666667,992.055416666666
2016,169,0,NA,NA,NA,NA,NA,NA,NA,NA,116.430277777778,0.148,-0.321666666666666,0.00388888888888889,20.8241666666667,71.9883333333333,3.05625,992.096666666667
2016,169,1,NA,NA,NA,NA,NA,NA,NA,NA,114.688166666667,0.212333333333333,-0.335,0.00555555555555556,19.5583333333333,78.0841666666667,3.11875,992.204999999999
2016,169,2,NA,NA,NA,NA,NA,NA,NA,NA,110.148444444444,-0.025,-0.374,0.00444444444444445,18.6258333333333,81.4895833333333,3.00583333333333,992.243333333334
2016,169,3,NA,NA,NA,NA,NA,NA,NA,NA,103.314222222222,0.342333333333333,-0.337,0.0105555555555556,18.07875,82.7004166666667,3.12333333333333,992.09125
2016,169,4,NA,NA,NA,NA,NA,NA,NA,NA,94.7106111111111,0.185,0.739333333333333,0.279444444444444,17.92625,82.7854166666667,2.6640931372549,992.44
2016,169,5,NA,NA,NA,NA,NA,NA,NA,NA,84.7712777777778,52.7216666666667,38.1176666666667,13.9916666666667,17.7616666666667,82.8716666666667,3.21625,993.2725
2016,169,6,NA,NA,NA,NA,NA,NA,NA,NA,74.3021111111111,250.828666666667,95.8262631578947,76.6661111111111,18.8995833333333,78.5470833333333,3.4975,993.852083333334
2016,169,7,NA,NA,NA,NA,NA,NA,NA,NA,63.1776111111111,679.754333333333,100.162666666667,176.645555555556,21.7691666666667,63.5633333333333,4.01541666666667,994.179166666666
2016,169,8,NA,NA,NA,NA,NA,NA,NA,NA,51.7683888888889,809.981333333333,106.266583333333,259.500555555556,24.065,54.0075,4.33708333333333,994.157916666666
2016,169,9,NA,NA,NA,NA,NA,NA,NA,NA,40.3781111111111,802.5175,134.190277777778,326.906111111111,25.50125,54.24,4.09,994.124583333333
2016,169,10,NA,NA,NA,NA,NA,NA,NA,NA,30.0928055555556,785.285555555556,171.065277777778,355.322222222222,26.6245833333333,54.2533333333333,3.5625,994.277083333334
2016,169,11,NA,NA,NA,NA,NA,NA,NA,NA,20.578375,848.9,152.241388888889,406.067916666667,27.6025,51.965,3.81666666666667,994.035833333333
2016,169,12,NA,NA,NA,NA,NA,NA,NA,NA,17.0712916666667,753.431944444444,211.223888888889,405.765416666667,28.4416666666667,44.51125,3.87916666666667,993.769999999999
2016,169,13,NA,NA,NA,NA,NA,NA,NA,NA,21.674875,625.824444444445,229.539444444444,301.913472222222,28.13375,45.0466666666667,3.87791666666667,993.591249999999
2016,169,14,NA,NA,NA,NA,NA,NA,NA,NA,31.063875,547.800555555556,267.830833333333,299.9109375,28.0491666666667,46.9716666666667,3.49833333333333,993.509583333333
2016,169,15,NA,NA,NA,NA,NA,NA,NA,NA,42.0471666666667,699.940277777778,196.327777777778,335.36125,28.48125,44.77125,4.45083333333333,993.140833333333
2016,169,16,NA,NA,NA,NA,NA,NA,NA,NA,53.4631666666667,715.127777777778,147.801944444445,246.811388888889,29.54,33.4669444444444,4.53972222222222,994.870277777778
2016,169,17,NA,NA,NA,NA,NA,NA,NA,NA,64.8468333333333,671.853333333333,92.6375,161.675555555556,29.3216666666667,32.0616666666667,4.1975,994.777777777778
2016,169,18,75.9869491525424,599.115254237288,48.4372881355932,82.9152542372882,28.4,34.3525423728814,3.46271186440678,990.301694915255,75.9869491525424,599.115254237288,48.4372881355932,82.9152542372882,28.4,34.3525423728814,3.46271186440678,990.301694915255
2016,169,19,86.2273333333333,231.581666666667,19.4816666666667,17.7916666666667,26.6,40.07,2.78166666666667,990.806666666667,86.2273333333333,231.581666666667,19.4816666666667,17.7916666666667,26.6,40.07,2.78166666666667,990.806666666667
2016,169,20,96.0973333333333,0.4,-0.1,0.18,24.8583333333333,46.72,2.60166666666667,991.301666666666,96.0973333333333,0.4,-0.1,0.18,24.8583333333333,46.72,2.60166666666667,991.301666666666
2016,169,21,104.4295,0.353333333333333,-0.418333333333333,0,22.9016666666667,55.3616666666667,2.84,992.016666666667,104.4295,0.353333333333333,-0.418333333333333,0,22.9016666666667,55.3616666666667,2.84,992.016666666667
2016,169,22,110.955666666667,0.323333333333333,-0.4,0,20.5183333333333,68.9333333333333,3.64833333333333,992.901666666667,110.955666666667,0.323333333333333,-0.4,0,20.5183333333333,68.9333333333333,3.64833333333333,992.901666666667
2016,169,23,115.106333333333,-0.278333333333333,-0.393333333333333,0,20.695,67.3583333333333,3.99333333333333,993.628333333332,115.106333333333,-0.278333333333333,-0.393333333333333,0,20.695,67.3583333333333,3.99333333333333,993.628333333332
2016,170,0,116.402333333333,0.283333333333333,-0.4,0,19.5116666666667,70.855,3.05,993.746666666667,116.402333333333,0.283333333333333,-0.4,0,19.5116666666667,70.855,3.05,993.746666666667
2016,170,1,114.672333333333,0.331666666666667,-0.4,0,17.9016666666667,78.4816666666667,3.44833333333333,994.118333333332,114.672333333333,0.331666666666667,-0.4,0,17.9016666666667,78.4816666666667,3.44833333333333,994.118333333332
2016,170,2,110.143833333333,-0.015,-0.4,0,16.89,81.9916666666666,3.38,994.270000000001,110.143833333333,-0.015,-0.4,0,16.89,81.9916666666666,3.38,994.270000000001
2016,170,3,103.319333333333,0.226666666666667,-0.4,0,16.3566666666667,81.4966666666666,3.435,994.028333333334,103.319333333333,0.226666666666667,-0.4,0,16.3566666666667,81.4966666666666,3.435,994.028333333334
2016,170,4,94.7271666666667,0.0716666666666667,0.698333333333333,0.371666666666667,16.1633333333333,80.8116666666667,3.175,994.358333333333,94.7271666666667,0.0716666666666667,0.698333333333333,0.371666666666667,16.1633333333333,80.8116666666667,3.175,994.358333333333
2016,170,5,84.7893333333333,38.3566666666667,40.185,18.9733333333333,16.0583333333333,80,3.425,995.281666666666,84.7893333333333,38.3566666666667,40.185,18.9733333333333,16.0583333333333,80,3.425,995.281666666666
2016,170,6,74.3248333333333,252.643333333333,101.598245614035,75.03,18.0383333333333,72.355,3.38833333333333,996.058333333334,74.3248333333333,252.643333333333,101.598245614035,75.03,18.0383333333333,72.355,3.38833333333333,996.058333333334
2016,170,7,63.2035,716.418333333333,97,182.453333333333,21.5716666666667,53.835,4.395,996.521666666666,63.2035,716.418333333333,97,182.453333333333,21.5716666666667,53.835,4.395,996.521666666666
2016,170,8,51.7951666666667,831.101666666667,103.748333333333,268.335,23.7283333333333,45.045,4.92333333333333,996.568333333333,51.7951666666667,831.101666666667,103.748333333333,268.335,23.7283333333333,45.045,4.92333333333333,996.568333333333
2016,170,9,40.4036666666667,816.641666666667,129.538333333333,327.911666666667,24.9883333333333,47.8416666666667,4.11666666666667,996.649999999999,40.4036666666667,816.641666666667,129.538333333333,327.911666666667,24.9883333333333,47.8416666666667,4.11666666666667,996.649999999999
2016,170,10,29.5468333333333,784.54,172.855,372.868333333333,26.3866666666667,47.4283333333333,3.37333333333333,996.885000000001,29.5468333333333,784.54,172.855,372.868333333333,26.3866666666667,47.4283333333333,3.37333333333333,996.885000000001
2016,170,11,20.5788333333333,866.995,140.153333333333,414.633333333333,27.2816666666667,45.8166666666667,3.86833333333333,996.676666666666,20.5788333333333,866.995,140.153333333333,414.633333333333,27.2816666666667,45.8166666666667,3.86833333333333,996.676666666666
2016,170,12,17.0406666666667,801.83,179.641666666667,413.605,28.115,36.9083333333333,4.175,996.598333333332,17.0406666666667,801.83,179.641666666667,413.605,28.115,36.9083333333333,4.175,996.598333333332
2016,170,13,21.6235,623.486666666667,226.235,354.388333333333,28.3883333333333,36.5033333333333,3.89666666666667,996.558333333333,21.6235,623.486666666667,226.235,354.388333333333,28.3883333333333,36.5033333333333,3.89666666666667,996.558333333333
2016,170,14,31.0078333333333,541.873333333333,256.24,313.283333333333,28.74,37.61,3.43166666666667,996.446666666667,31.0078333333333,541.873333333333,256.24,313.283333333333,28.74,37.61,3.43166666666667,996.446666666667
2016,170,15,41.9905,708.398333333333,189.035,312.941666666667,29.2683333333333,34.675,3.74333333333333,995.97,41.9905,708.398333333333,189.035,312.941666666667,29.2683333333333,34.675,3.74333333333333,995.97
2016,170,16,53.4065,740.263333333333,141.213333333333,252.003333333333,29.39,32.8216666666667,4.45666666666667,995.563333333333,53.4065,740.263333333333,141.213333333333,252.003333333333,29.39,32.8216666666667,4.45666666666667,995.563333333333
2016,170,17,64.7905,717.231666666667,85.5666666666667,167.58,29.1966666666667,31.0666666666667,3.985,995.496666666667,64.7905,717.231666666667,85.5666666666667,167.58,29.1966666666667,31.0666666666667,3.985,995.496666666667
2016,170,18,75.8463333333333,604.735,54.14,85.205,28.6833333333333,35.2016666666667,1.89166666666667,995.673333333333,75.8463333333333,604.735,54.14,85.205,28.6833333333333,35.2016666666667,1.89166666666667,995.673333333333
2016,170,19,86.1825,219.48,20.465,17.9366666666667,28.0116666666667,37.855,1.48333333333333,995.885,86.1825,219.48,20.465,17.9366666666667,28.0116666666667,37.855,1.48333333333333,995.885
2016,170,20,96.0521666666667,0.345,0.108333333333333,0.205,26.6583333333333,42.2066666666667,2.095,996.408333333333,96.0521666666667,0.345,0.108333333333333,0.205,26.6583333333333,42.2066666666667,2.095,996.408333333333
2016,170,21,104.3885,0.4,-0.4,0,24.89,53.1916666666667,2.48166666666667,997.18,104.3885,0.4,-0.4,0,24.89,53.1916666666667,2.48166666666667,997.18
2016,170,22,110.922166666667,0.333333333333334,-0.4,0,23.4366666666667,65.41,2.485,997.511666666666,110.922166666667,0.333333333333334,-0.4,0,23.4366666666667,65.41,2.485,997.511666666666
2016,170,23,115.081,0.191666666666667,-0.38,0,23.4133333333333,66.7716666666667,2.51333333333333,997.798333333334,115.081,0.191666666666667,-0.38,0,23.4133333333333,66.7716666666667,2.51333333333333,997.798333333334
2016,171,0,116.387333333333,0.151666666666667,-0.363333333333333,0,22.9083333333333,70.225,2.82,997.796666666667,116.387333333333,0.151666666666667,-0.363333333333333,0,22.9083333333333,70.225,2.82,997.796666666667
2016,171,1,114.6695,0.273333333333333,-0.378333333333333,0,22.0516666666667,75.7933333333333,2.35666666666667,998.016666666666,114.6695,0.273333333333333,-0.378333333333333,0,22.0516666666667,75.7933333333333,2.35666666666667,998.016666666666
2016,171,2,110.150833333333,0.226666666666667,-0.4,0,21.385,78.0716666666667,3.08,997.975000000001,110.150833333333,0.226666666666667,-0.4,0,21.385,78.0716666666667,3.08,997.975000000001
2016,171,3,103.336166666667,0.108333333333333,-0.393333333333333,0,20.5183333333333,80.8966666666667,3.07166666666667,997.793333333335,103.336166666667,0.108333333333333,-0.393333333333333,0,20.5183333333333,80.8966666666667,3.07166666666667,997.793333333335
2016,171,4,94.75,0.185,0.533333333333333,0.491666666666667,19.8416666666667,82.63,3.06333333333333,997.881666666667,94.75,0.185,0.533333333333333,0.491666666666667,19.8416666666667,82.63,3.06333333333333,997.881666666667
2016,171,5,84.8155,163.485,31.2083333333333,21.4783333333333,19.6583333333333,82.8333333333333,1.86,998.306666666667,84.8155,163.485,31.2083333333333,21.4783333333333,19.6583333333333,82.8333333333333,1.86,998.306666666667
2016,171,6,74.3568333333333,331.021666666667,91.3533333333333,76.4916666666667,21.3966666666667,76.4516666666667,1.72166666666667,998.726666666667,74.3568333333333,331.021666666667,91.3533333333333,76.4916666666667,21.3966666666667,76.4516666666667,1.72166666666667,998.726666666667
2016,171,7,63.2383333333333,592.89,121.521666666667,169.745,23.495,66.62,3.275,998.913333333334,63.2383333333333,592.89,121.521666666667,169.745,23.495,66.62,3.275,998.913333333334
2016,171,8,51.8298333333333,467.67,243.013333333333,229.306666666667,25.3016666666667,65.06,3.25,998.736666666666,51.8298333333333,467.67,243.013333333333,229.306666666667,25.3016666666667,65.06,3.25,998.736666666666
2016,171,9,40.437,254.166666666667,343.915,243.573333333333,26.5133333333333,64.9633333333333,2.68833333333333,998.699999999999,40.437,254.166666666667,343.915,243.573333333333,26.5133333333333,64.9633333333333,2.68833333333333,998.699999999999
2016,171,10,29.576,703.056666666667,268.358333333333,386.961666666667,28.2466666666667,58.8833333333333,2.045,998.471666666668,29.576,703.056666666667,268.358333333333,386.961666666667,28.2466666666667,58.8833333333333,2.045,998.471666666668
2016,171,11,20.5958333333333,427.103333333333,316.74,313.863157894737,29.0666666666667,54.82,2.51,998.101666666667,20.5958333333333,427.103333333333,316.74,313.863157894737,29.0666666666667,54.82,2.51,998.101666666667
2016,171,12,17.0266666666667,480.091666666667,316.78,341.715,29.5,54.3183333333333,2.74666666666667,997.560000000001,17.0266666666667,480.091666666667,316.78,341.715,29.5,54.3183333333333,2.74666666666667,997.560000000001
2016,171,13,21.586,410.791666666667,343.643333333333,315.296666666667,29.9683333333333,53.8083333333333,3.495,996.95,21.586,410.791666666667,343.643333333333,315.296666666667,29.9683333333333,53.8083333333333,3.495,996.95
2016,171,14,30.9623333333333,440.181666666667,289.216666666667,300.151666666667,30.585,51.5766666666666,4.07333333333333,996.383333333333,30.9623333333333,440.181666666667,289.216666666667,300.151666666667,30.585,51.5766666666666,4.07333333333333,996.383333333333
2016,171,15,41.944,585.231666666667,197.485,281.216666666667,30.965,49.91,4.37833333333333,995.953333333335,41.944,585.231666666667,197.485,281.216666666667,30.965,49.91,4.37833333333333,995.953333333335
2016,171,16,53.3595,525.546666666667,185.291666666667,218.89,31.0516666666667,50.07,4.47333333333333,995.708333333332,53.3595,525.546666666667,185.291666666667,218.89,31.0516666666667,50.07,4.47333333333333,995.708333333332
2016,171,17,64.7445,546.555,102.118333333333,151.43,30.8966666666667,50.8283333333333,4.36333333333333,995.421666666668,64.7445,546.555,102.118333333333,151.43,30.8966666666667,50.8283333333333,4.36333333333333,995.421666666668
2016,171,18,75.8021666666667,498.193333333333,64.1283333333333,81.205,30.3316666666667,52.8433333333333,3.45,995.581666666665,75.8021666666667,498.193333333333,64.1283333333333,81.205,30.3316666666667,52.8433333333333,3.45,995.581666666665
2016,171,19,86.1421666666667,176.78,21.75,17.43,28.8483333333333,60.7666666666667,2.625,995.711666666668,86.1421666666667,176.78,21.75,17.43,28.8483333333333,60.7666666666667,2.625,995.711666666668
2016,171,20,96.0125,0.4,0.0116666666666664,0.215,26.7783333333333,69.2833333333333,2.91833333333333,996.031666666666,96.0125,0.4,0.0116666666666664,0.215,26.7783333333333,69.2833333333333,2.91833333333333,996.031666666666
2016,171,21,104.353666666667,0.4,-0.4,0,25.2816666666667,74.9166666666667,3.17333333333333,996.303333333333,104.353666666667,0.4,-0.4,0,25.2816666666667,74.9166666666667,3.17333333333333,996.303333333333
2016,171,22,110.893833333333,0.4,-0.4,0,24.01,76.5683333333333,2.91833333333333,996.089999999999,110.893833333333,0.4,-0.4,0,24.01,76.5683333333333,2.91833333333333,996.089999999999
2016,171,23,115.062166666667,0.396666666666666,-0.4,0,22.8866666666667,82.0766666666667,2.94666666666667,996.164999999999,115.062166666667,0.396666666666666,-0.4,0,22.8866666666667,82.0766666666667,2.94666666666667,996.164999999999
2016,172,0,116.380666666667,0.4,-0.4,0,22.36,83.6616666666667,2.55333333333333,996.51,116.380666666667,0.4,-0.4,0,22.36,83.6616666666667,2.55333333333333,996.51
2016,172,1,114.673333333333,0.34,-0.4,0,21.615,87.38,2.80666666666667,996.495,114.673333333333,0.34,-0.4,0,21.615,87.38,2.80666666666667,996.495
2016,172,2,110.1655,0.0533333333333333,-0.395,0,21.6583333333333,87.34,3.07,996.390000000001,110.1655,0.0533333333333333,-0.395,0,21.6583333333333,87.34,3.07,996.390000000001
2016,172,3,103.357833333333,-0.148333333333333,-0.4,0,22.2216666666667,86.1066666666667,3.725,996.69,103.357833333333,-0.148333333333333,-0.4,0,22.2216666666667,86.1066666666667,3.725,996.69
2016,172,4,94.7781666666667,0.301666666666667,0.405,0.415,21.8533333333333,88.2633333333333,2.945,997.104999999999,94.7781666666667,0.301666666666667,0.405,0.415,21.8533333333333,88.2633333333333,2.945,997.104999999999
2016,172,5,84.8465,136.185,26.2683333333333,19.9633333333333,21.7983333333333,89.0416666666666,3.71166666666667,997.115,84.8465,136.185,26.2683333333333,19.9633333333333,21.7983333333333,89.0416666666666,3.71166666666667,997.115
2016,172,6,74.3911666666667,464.67,73.4883333333333,86.945,22.9866666666667,85.6983333333333,4.64166666666667,997.133333333333,74.3911666666667,464.67,73.4883333333333,86.945,22.9866666666667,85.6983333333333,4.64166666666667,997.133333333333
2016,172,7,63.274,585.39,118.686666666667,168.331666666667,24.8,79.6783333333333,4.95833333333333,996.986666666667,63.274,585.39,118.686666666667,168.331666666667,24.8,79.6783333333333,4.95833333333333,996.986666666667
2016,172,8,51.8681666666667,718.268333333333,127.791666666667,254.68,27.0133333333333,71.1666666666667,6.48166666666667,996.440000000001,51.8681666666667,718.268333333333,127.791666666667,254.68,27.0133333333333,71.1666666666667,6.48166666666667,996.440000000001
2016,172,9,40.4745,787.603333333333,141.646666666667,329.33,28.2516666666667,65.675,7.075,995.939999999999,40.4745,787.603333333333,141.646666666667,329.33,28.2516666666667,65.675,7.075,995.939999999999
2016,172,10,29.61,774.363333333333,215.746666666667,393.085,29.31,61.13,6.63666666666667,995.626666666667,29.61,774.363333333333,215.746666666667,393.085,29.31,61.13,6.63666666666667,995.626666666667
2016,172,11,20.6171666666667,598.203333333333,303.225,382.054237288135,30.2033333333333,56.5766666666667,6.68,995.233333333334,20.6171666666667,598.203333333333,303.225,382.054237288135,30.2033333333333,56.5766666666667,6.68,995.233333333334
2016,172,12,17.0195,751.738333333333,257.85,429.131666666667,31.16,50.0666666666667,6.52833333333333,994.48,17.0195,751.738333333333,257.85,429.131666666667,31.16,50.0666666666667,6.52833333333333,994.48
2016,172,13,21.554,693.008333333333,266.143333333333,404.511666666667,31.6516666666667,47.02,6.94333333333333,993.8,21.554,693.008333333333,266.143333333333,404.511666666667,31.6516666666667,47.02,6.94333333333333,993.8
2016,172,14,30.9218333333333,294.188333333333,402.671666666667,291.658333333333,31.86,46.9133333333333,6.88,993.203333333333,30.9218333333333,294.188333333333,402.671666666667,291.658333333333,31.86,46.9133333333333,6.88,993.203333333333
2016,172,15,41.8998333333333,421.853333333333,317.961666666667,281.583333333333,32.1366666666667,45.7383333333333,7.10666666666667,992.636666666667,41.8998333333333,421.853333333333,317.961666666667,281.583333333333,32.1366666666667,45.7383333333333,7.10666666666667,992.636666666667
2016,172,16,53.3151666666667,430.683333333333,221.251666666667,210.061666666667,31.8516666666667,46.4183333333333,7.26666666666667,991.905,53.3151666666667,430.683333333333,221.251666666667,210.061666666667,31.8516666666667,46.4183333333333,7.26666666666667,991.905
2016,172,17,64.701,73.03,173.596666666667,86.785,31.5333333333333,48.3933333333333,6.52166666666667,991.548333333333,64.701,73.03,173.596666666667,86.785,31.5333333333333,48.3933333333333,6.52166666666667,991.548333333333
2016,172,18,75.7611666666667,81.5999999999999,85.9566666666666,46.955,30.765,54.5416666666667,4.265,991.136666666667,75.7611666666667,81.5999999999999,85.9566666666666,46.955,30.765,54.5416666666667,4.265,991.136666666667
2016,172,19,86.1061666666667,0.4,10.215,4.75,29.405,59.195,3.79166666666667,991.071666666666,86.1061666666667,0.4,10.215,4.75,29.405,59.195,3.79166666666667,991.071666666666
2016,172,20,95.9781666666667,0.278333333333333,-0.105,0.101666666666667,28.1666666666667,64.365,3.92833333333333,990.911666666667,95.9781666666667,0.278333333333333,-0.105,0.101666666666667,28.1666666666667,64.365,3.92833333333333,990.911666666667
2016,172,21,104.323833333333,0.25,-0.246666666666667,0,25.9933333333333,77.0183333333333,5.46666666666667,993.135,104.323833333333,0.25,-0.246666666666667,0,25.9933333333333,77.0183333333333,5.46666666666667,993.135
2016,172,22,110.872666666667,0.21,-0.0733333333333333,0,23.2016666666667,89.7783333333334,2.82333333333333,992.991666666667,110.872666666667,0.21,-0.0733333333333333,0,23.2016666666667,89.7783333333334,2.82333333333333,992.991666666667
2016,172,23,115.05,0.303333333333333,1.85037170770859e-18,0,23.3266666666667,88.97,2.59833333333333,992.434999999999,115.05,0.303333333333333,1.85037170770859e-18,0,23.3266666666667,88.97,2.59833333333333,992.434999999999
2016,173,0,116.379333333333,0.406666666666666,-0.13,0,22.75,89.3283333333334,2.10833333333333,991.918333333334,116.379333333333,0.406666666666666,-0.13,0,22.75,89.3283333333334,2.10833333333333,991.918333333334
2016,173,1,114.683833333333,0.391666666666666,-0.181666666666667,0,22.3566666666667,87.9783333333334,3.80166666666667,991.481666666666,114.683833333333,0.391666666666666,-0.181666666666667,0,22.3566666666667,87.9783333333334,3.80166666666667,991.481666666666
2016,173,2,110.185333333333,0.4,-0.391666666666666,0,21.9016666666667,82.8116666666667,3.12333333333333,991.746666666667,110.185333333333,0.4,-0.391666666666666,0,21.9016666666667,82.8116666666667,3.12333333333333,991.746666666667
2016,173,3,103.385333333333,0.4,-0.378333333333333,0,20.8516666666667,76.8716666666667,1.95,992.016666666666,103.385333333333,0.4,-0.378333333333333,0,20.8516666666667,76.8716666666667,1.95,992.016666666666
2016,173,4,94.8101666666667,0.425,0.795,0.506666666666667,20.215,76.5566666666666,2.25,992.433333333333,94.8101666666667,0.425,0.795,0.506666666666667,20.215,76.5566666666666,2.25,992.433333333333
2016,173,5,84.8821666666667,49.495,43.3216666666667,21.8576923076923,19.655,83.065,2.61666666666667,992.974999999999,84.8821666666667,49.495,43.3216666666667,21.8576923076923,19.655,83.065,2.61666666666667,992.974999999999
2016,173,6,74.431,47.4383333333333,107.644827586207,54.1316666666667,20.4483333333333,81.07,2.19833333333333,993.068333333333,74.431,47.4383333333333,107.644827586207,54.1316666666667,20.4483333333333,81.07,2.19833333333333,993.068333333333
2016,173,7,63.3171666666667,555.866666666667,128.001666666667,169.34,21.8466666666667,70.95,3.00833333333333,993.11,63.3171666666667,555.866666666667,128.001666666667,169.34,21.8466666666667,70.95,3.00833333333333,993.11
2016,173,8,51.9101666666667,732.493333333333,140.721666666667,262.17,23.2266666666667,58.6566666666667,3.02666666666667,992.943333333334,51.9101666666667,732.493333333333,140.721666666667,262.17,23.2266666666667,58.6566666666667,3.02666666666667,992.943333333334
2016,173,9,40.5163333333333,780.461403508772,171.613333333333,338.701666666667,24.3683333333333,50.6216666666667,3.365,992.561666666667,40.5163333333333,780.461403508772,171.613333333333,338.701666666667,24.3683333333333,50.6216666666667,3.365,992.561666666667
2016,173,10,29.6485,425.57,391.49,341.813333333333,24.935,47.2783333333333,4.31666666666667,992.745000000001,29.6485,425.57,391.49,341.813333333333,24.935,47.2783333333333,4.31666666666667,992.745000000001
2016,173,11,20.6443333333333,285.6,501.803333333333,345.06,25.3116666666667,53.2416666666667,4.62666666666667,992.691666666666,20.6443333333333,285.6,501.803333333333,345.06,25.3116666666667,53.2416666666667,4.62666666666667,992.691666666666
2016,173,12,17.0198333333333,891.748333333333,128.351666666667,433.923333333333,25.4983333333333,52.1983333333333,5.515,992.203333333333,17.0198333333333,891.748333333333,128.351666666667,433.923333333333,25.4983333333333,52.1983333333333,5.515,992.203333333333
2016,173,13,21.5278333333333,890.078333333333,124.16,419.981666666667,26.1066666666667,46.5433333333333,5.39,991.565,21.5278333333333,890.078333333333,124.16,419.981666666667,26.1066666666667,46.5433333333333,5.39,991.565
2016,173,14,30.8855,760.1,166.601666666667,362.686666666667,26.655,45.2916666666667,4.81833333333333,990.868333333334,30.8855,760.1,166.601666666667,362.686666666667,26.655,45.2916666666667,4.81833333333333,990.868333333334
2016,173,15,41.8601666666667,871.666666666667,88.4166666666667,326.466666666667,27.2416666666667,44.1083333333333,4.17666666666667,989.859999999999,41.8601666666667,871.666666666667,88.4166666666667,326.466666666667,27.2416666666667,44.1083333333333,4.17666666666667,989.859999999999
2016,173,16,53.2758333333333,819.086666666666,81.5783333333333,253.045,27.4216666666667,46.095,4.39166666666667,989.368333333333,53.2758333333333,819.086666666666,81.5783333333333,253.045,27.4216666666667,46.095,4.39166666666667,989.368333333333
2016,173,17,64.6628333333333,732.713333333333,70.6883333333334,169.016666666667,27.3783333333333,47.795,4.3,988.778333333332,64.6628333333333,732.713333333333,70.6883333333334,169.016666666667,27.3783333333333,47.795,4.3,988.778333333332
2016,173,18,75.724,579.25,50.8583333333333,84.43,26.7016666666667,51.715,3.92833333333333,988.738333333332,75.724,579.25,50.8583333333333,84.43,26.7016666666667,51.715,3.92833333333333,988.738333333332
2016,173,19,86.0608333333333,213.316666666667,19.9833333333333,18.25,24.965,63.41,2.83333333333333,988.848333333334,86.0608333333333,213.316666666667,19.9833333333333,18.25,24.965,63.41,2.83333333333333,988.848333333334
2016,173,20,95.9488333333333,0.4,-0.0366666666666668,0.198333333333333,23.2883333333333,70.4166666666666,1.59833333333333,988.858333333334,95.9488333333333,0.4,-0.0366666666666668,0.198333333333333,23.2883333333333,70.4166666666666,1.59833333333333,988.858333333334
2016,173,21,104.300833333333,0.4,-0.4,0,23.07,69.88,1.13833333333333,989.168333333332,104.300833333333,0.4,-0.4,0,23.07,69.88,1.13833333333333,989.168333333332
2016,173,22,110.857,0.4,-0.4,0,22.3116666666667,73.2,2.315,989.071666666666,110.857,0.4,-0.4,0,22.3116666666667,73.2,2.315,989.071666666666
2016,173,23,115.045833333333,0.398333333333333,-0.398333333333333,0,22.0216666666667,74.665,1.49166666666667,989.355000000001,115.045833333333,0.398333333333333,-0.398333333333333,0,22.0216666666667,74.665,1.49166666666667,989.355000000001
2016,174,0,116.3865,0.338333333333333,-0.336666666666667,0,21.19,79.67,2.71166666666667,988.971666666667,116.3865,0.338333333333333,-0.336666666666667,0,21.19,79.67,2.71166666666667,988.971666666667
2016,174,1,114.701,0.18,-0.26,0,20.6283333333333,85.3,2.325,987.846666666666,114.701,0.18,-0.26,0,20.6283333333333,85.3,2.325,987.846666666666
2016,174,2,110.211833333333,0.07,-0.12,0,21.44,84.5683333333333,2.49666666666667,987.593333333333,110.211833333333,0.07,-0.12,0,21.44,84.5683333333333,2.49666666666667,987.593333333333
2016,174,3,103.419333333333,0.286666666666667,-0.28,0,22.0283333333333,83.2533333333333,2.365,988.326666666667,103.419333333333,0.286666666666667,-0.28,0,22.0283333333333,83.2533333333333,2.365,988.326666666667
2016,174,4,94.848,0.351666666666666,-0.36,0,20.0433333333333,90.6366666666667,6.41833333333333,989.271666666666,94.848,0.351666666666666,-0.36,0,20.0433333333333,90.6366666666667,6.41833333333333,989.271666666666
2016,174,5,84.9225,0.201666666666667,0.0866666666666667,0.131666666666667,18.335,89.4733333333334,4.13666666666667,990.186666666667,84.9225,0.201666666666667,0.0866666666666667,0.131666666666667,18.335,89.4733333333334,4.13666666666667,990.186666666667
2016,174,6,74.4753333333333,-0.09,4.75166666666667,2.655,17.8566666666667,97.595,4.33,991.458333333334,74.4753333333333,-0.09,4.75166666666667,2.655,17.8566666666667,97.595,4.33,991.458333333334
2016,174,7,63.3613333333333,0.0216666666666667,26.5066666666667,13.1416666666667,18.355,97.7799999999999,1.595,991.71,63.3613333333333,0.0216666666666667,26.5066666666667,13.1416666666667,18.355,97.7799999999999,1.595,991.71
2016,174,8,51.956,0.12,85.695,40.1783333333333,18.5833333333333,97.5833333333333,4.60333333333333,989.8,51.956,0.12,85.695,40.1783333333333,18.5833333333333,97.5833333333333,4.60333333333333,989.8
2016,174,9,40.5618333333333,0.17,48.8566666666667,23.6433333333333,19.3066666666667,96.565,2.58833333333333,990.128333333334,40.5618333333333,0.17,48.8566666666667,23.6433333333333,19.3066666666667,96.565,2.58833333333333,990.128333333334
2016,174,10,29.6905,0.141666666666667,88.305,43.7866666666667,19.4966666666667,95.955,2.425,990.568333333334,29.6905,0.141666666666667,88.305,43.7866666666667,19.4966666666667,95.955,2.425,990.568333333334
2016,174,11,20.6773333333333,26.525,169.678333333333,93.66,20.46,92.97,2.92833333333333,990.948333333333,20.6773333333333,26.525,169.678333333333,93.66,20.46,92.97,2.92833333333333,990.948333333333
2016,174,12,17.0271666666667,411.633333333333,429.605,371.438333333333,22.8633333333333,81.3733333333333,7.91833333333334,988.705,17.0271666666667,411.633333333333,429.605,371.438333333333,22.8633333333333,81.3733333333333,7.91833333333334,988.705
2016,174,13,21.5081666666667,242.441666666667,508.4,330.365,24.7133333333334,74.8983333333333,7.36,987.851666666666,21.5081666666667,242.441666666667,508.4,330.365,24.7133333333334,74.8983333333333,7.36,987.851666666666
2016,174,14,30.8538333333333,596.206666666667,313.613333333333,369.975,25.8666666666667,76.33,6.355,987.341666666666,30.8538333333333,596.206666666667,313.613333333333,369.975,25.8666666666667,76.33,6.355,987.341666666666
2016,174,15,41.8261666666667,510.185,258.663333333333,286.161666666667,27.56,74.1066666666667,5.48333333333333,986.225,41.8261666666667,510.185,258.663333333333,286.161666666667,27.56,74.1066666666667,5.48333333333333,986.225
2016,174,16,53.2405,260.901666666667,246.258333333333,180.953333333333,28.6433333333333,71.355,4.77333333333333,985.415000000001,53.2405,260.901666666667,246.258333333333,180.953333333333,28.6433333333333,71.355,4.77333333333333,985.415000000001
2016,174,17,64.6276666666667,159.098333333333,200.628333333333,115.396666666667,28.47,73.8,4.315,985.461666666667,64.6276666666667,159.098333333333,200.628333333333,115.396666666667,28.47,73.8,4.315,985.461666666667
2016,174,18,75.692,58.4183333333333,86.3466666666666,45.8616666666667,27.695,80.0616666666667,4.47166666666667,984.975,75.692,58.4183333333333,86.3466666666666,45.8616666666667,27.695,80.0616666666667,4.47166666666667,984.975
2016,174,19,86.0343333333333,18.31,27.975,11.6649122807018,26.8816666666667,83.7733333333333,4.59166666666667,983.83,86.0343333333333,18.31,27.975,11.6649122807018,26.8816666666667,83.7733333333333,4.59166666666667,983.83
2016,174,20,95.9236666666667,0.156666666666667,-0.0133333333333335,0.138333333333333,26.3633333333333,84.525,3.9,983.306666666667,95.9236666666667,0.156666666666667,-0.0133333333333335,0.138333333333333,26.3633333333333,84.525,3.9,983.306666666667
2016,174,21,104.284,-0.255,-0.248333333333333,0,27.8033333333333,70.0966666666667,6.28166666666666,983.299999999999,104.284,-0.255,-0.248333333333333,0,27.8033333333333,70.0966666666667,6.28166666666666,983.299999999999
2016,174,22,110.848166666667,0.03,-0.4,0,28.0483333333333,68.6066666666666,6.18,983.14,110.848166666667,0.03,-0.4,0,28.0483333333333,68.6066666666666,6.18,983.14
2016,174,23,115.047,-0.186666666666667,-0.393333333333333,0,28.2383333333333,68.2933333333334,6.94,983.251666666667,115.047,-0.186666666666667,-0.393333333333333,0,28.2383333333333,68.2933333333334,6.94,983.251666666667
2016,175,0,116.399333333333,0.0816666666666667,-0.4,0,28.235,68.8033333333333,7.18333333333334,983.22,116.399333333333,0.0816666666666667,-0.4,0,28.235,68.8033333333333,7.18333333333334,983.22
2016,175,1,114.725,0.178333333333333,-0.4,0,27.7083333333333,71.5716666666667,6.57333333333333,983.145,114.725,0.178333333333333,-0.4,0,27.7083333333333,71.5716666666667,6.57333333333333,983.145
2016,175,2,110.244,0.143333333333333,-0.4,0,27.0966666666667,74.5666666666666,5.16833333333333,983.650000000001,110.244,0.143333333333333,-0.4,0,27.0966666666667,74.5666666666666,5.16833333333333,983.650000000001
2016,175,3,103.458333333333,0.4,-0.4,0,25.935,80.47,2.68666666666667,983.846666666668,103.458333333333,0.4,-0.4,0,25.935,80.47,2.68666666666667,983.846666666668
2016,175,4,94.9035,0.238333333333333,0.803333333333333,0.5,25.17,83.695,2.87833333333333,983.926666666667,94.9035,0.238333333333333,0.803333333333333,0.5,25.17,83.695,2.87833333333333,983.926666666667
2016,175,5,84.9653333333333,129.078333333333,31.865,21.2283333333333,24.7816666666667,85.4816666666667,3.11666666666667,984.223333333334,84.9653333333333,129.078333333333,31.865,21.2283333333333,24.7816666666667,85.4816666666667,3.11666666666667,984.223333333334
2016,175,6,74.5225,441.408333333333,76.6233333333333,86.2316666666667,26.1266666666667,80.2516666666667,3.58333333333333,984.67,74.5225,441.408333333333,76.6233333333333,86.2316666666667,26.1266666666667,80.2516666666667,3.58333333333333,984.67
2016,175,7,63.4106666666667,611.498333333333,106.943859649123,168.806666666667,26.885,78.1866666666667,4.745,985.27,63.4106666666667,611.498333333333,106.943859649123,168.806666666667,26.885,78.1866666666667,4.745,985.27
2016,175,8,52.0053333333333,729.02,121.618333333333,252.625,27.53,79.0366666666667,4.73833333333333,985.790000000001,52.0053333333333,729.02,121.618333333333,252.625,27.53,79.0366666666667,4.73833333333333,985.790000000001
2016,175,9,40.6113333333333,609.351666666667,219.145,298.906666666667,28.455,73.415,5.55,985.806666666667,40.6113333333333,609.351666666667,219.145,298.906666666667,28.455,73.415,5.55,985.806666666667
2016,175,10,29.7383333333333,620.450847457627,250.986666666667,346.271186440678,29.0033333333333,70.2933333333333,5.39333333333333,986.168333333332,29.7383333333333,620.450847457627,250.986666666667,346.271186440678,29.0033333333333,70.2933333333333,5.39333333333333,986.168333333332
2016,175,11,20.7155,700.264406779661,245.191666666667,393.476666666667,29.455,65.775,6.19166666666667,986.133333333333,20.7155,700.264406779661,245.191666666667,393.476666666667,29.455,65.775,6.19166666666667,986.133333333333
2016,175,12,17.0406666666667,773.915,212.848333333333,417.161666666667,29.9616666666667,59.655,7.45,985.975,17.0406666666667,773.915,212.848333333333,417.161666666667,29.9616666666667,59.655,7.45,985.975
2016,175,13,21.494,834.103333333333,179.125,416.823333333333,30.1166666666667,57.0733333333333,7.395,985.984999999999,21.494,834.103333333333,179.125,416.823333333333,30.1166666666667,57.0733333333333,7.395,985.984999999999
2016,175,14,30.8271666666667,883.276666666667,127.905,385.843333333333,29.8116666666667,51.9966666666667,6.575,986.203333333333,30.8271666666667,883.276666666667,127.905,385.843333333333,29.8116666666667,51.9966666666667,6.575,986.203333333333
2016,175,15,41.7956666666667,793.051666666667,128.861666666667,313.508333333333,29.6083333333333,50.085,5.885,986.321666666668,41.7956666666667,793.051666666667,128.861666666667,313.508333333333,29.6083333333333,50.085,5.885,986.321666666668
2016,175,16,53.209,723.386666666667,116.106666666667,240.95,29.0916666666667,49.83,5.86,986.328333333335,53.209,723.386666666667,116.106666666667,240.95,29.0916666666667,49.83,5.86,986.328333333335
2016,175,17,64.5976666666667,401.578333333333,126.546666666667,126.365,27.7816666666667,64.3933333333333,5.02166666666666,986.428333333334,64.5976666666667,401.578333333333,126.546666666667,126.365,27.7816666666667,64.3933333333333,5.02166666666666,986.428333333334
2016,175,18,75.6636666666667,531.303333333333,75.26,87.9816666666667,27.0566666666667,64.75,4.775,986.845,75.6636666666667,531.303333333333,75.26,87.9816666666667,27.0566666666667,64.75,4.775,986.845
2016,175,19,86.0118333333333,222.728333333333,20.5533333333333,18.68,25.2266666666667,71.84,3.43833333333333,987.336666666667,86.0118333333333,222.728333333333,20.5533333333333,18.68,25.2266666666667,71.84,3.43833333333333,987.336666666667
2016,175,20,95.9056666666667,0.4,0.126666666666667,0.258333333333333,23.0583333333333,82.1266666666667,2.79,987.616666666667,95.9056666666667,0.4,0.126666666666667,0.258333333333333,23.0583333333333,82.1266666666667,2.79,987.616666666667
2016,175,21,104.271833333333,0.4,-0.4,0,22.1283333333333,85.665,2.2,988.528333333334,104.271833333333,0.4,-0.4,0,22.1283333333333,85.665,2.2,988.528333333334
2016,175,22,110.846666666667,0.4,-0.4,0,21.2966666666667,88.26,2.31,989.171666666667,110.846666666667,0.4,-0.4,0,21.2966666666667,88.26,2.31,989.171666666667
2016,175,23,115.055333333333,0.4,-0.4,0,20.6,88.3166666666667,2.565,989.681666666667,115.055333333333,0.4,-0.4,0,20.6,88.3166666666667,2.565,989.681666666667
2016,176,0,116.418166666667,0.223333333333333,-0.396666666666666,0,20.0466666666667,88.095,2.94333333333333,990.136666666667,116.418166666667,0.223333333333333,-0.396666666666666,0,20.0466666666667,88.095,2.94333333333333,990.136666666667
2016,176,1,114.754666666667,0.386666666666667,-0.4,0,19.0983333333333,93.3166666666667,2.235,989.861666666667,114.754666666667,0.386666666666667,-0.4,0,19.0983333333333,93.3166666666667,2.235,989.861666666667
2016,176,2,110.283,0.37,-0.4,0,18.7,95.5583333333333,2.01,989.823333333333,110.283,0.37,-0.4,0,18.7,95.5583333333333,2.01,989.823333333333
2016,176,3,103.502666666667,0.075,-0.4,0,18.5866666666667,95.795,2.75166666666667,989.835,103.502666666667,0.075,-0.4,0,18.5866666666667,95.795,2.75166666666667,989.835
2016,176,4,94.951,0.321666666666667,0.95,0.523333333333333,18.1483333333333,93.7933333333334,2.415,990.511666666666,94.951,0.321666666666667,0.95,0.523333333333333,18.1483333333333,93.7933333333334,2.415,990.511666666666
2016,176,5,85.0133333333333,154.71,30.425,23.0533333333333,17.8616666666667,93.6966666666667,2.355,990.826666666667,85.0133333333333,154.71,30.425,23.0533333333333,17.8616666666667,93.6966666666667,2.355,990.826666666667
2016,176,6,74.5738333333333,506.805,68.6810344827586,93.4033333333334,18.48,87.9316666666666,3.06,991.335000000001,74.5738333333333,506.805,68.6810344827586,93.4033333333334,18.48,87.9316666666666,3.06,991.335000000001
2016,176,7,63.4621666666667,586.22,128.87,168.975,19.62,82.9416666666667,2.995,991.966666666667,63.4621666666667,586.22,128.87,168.975,19.62,82.9416666666667,2.995,991.966666666667
2016,176,8,52.0583333333333,649.436666666667,154.6625,243.143333333333,21.0716666666667,80.4233333333333,2.40833333333333,992.351666666667,52.0583333333333,649.436666666667,154.6625,243.143333333333,21.0716666666667,80.4233333333333,2.40833333333333,992.351666666667
2016,176,9,40.6638333333333,787.88,145.823333333333,326.37,22.535,76.755,2.57166666666667,992.493333333334,40.6638333333333,787.88,145.823333333333,326.37,22.535,76.755,2.57166666666667,992.493333333334
2016,176,10,29.7891666666667,807.238333333333,160.07,377.471666666667,24.3083333333333,70.6366666666667,1.905,992.754999999999,29.7891666666667,807.238333333333,160.07,377.471666666667,24.3083333333333,70.6366666666667,1.905,992.754999999999
2016,176,11,20.7603333333333,703.07,242.028333333333,396.201694915254,25.4533333333333,66.895,2.05333333333334,992.748333333333,20.7603333333333,703.07,242.028333333333,396.201694915254,25.4533333333333,66.895,2.05333333333334,992.748333333333
2016,176,12,17.062,414.316666666667,333.338333333333,326.379661016949,26.1816666666667,64.1,1.92,992.561666666666,17.062,414.316666666667,333.338333333333,326.379661016949,26.1816666666667,64.1,1.92,992.561666666666
2016,176,13,21.4855,457.591666666667,317.768333333333,326.476271186441,26.8,63.1466666666667,2.025,992.576666666666,21.4855,457.591666666667,317.768333333333,326.476271186441,26.8,63.1466666666667,2.025,992.576666666666
2016,176,14,30.8056666666667,650.848333333333,235.265,349.066101694915,27.4516666666667,58.78,2.11333333333333,992.211666666666,30.8056666666667,650.848333333333,235.265,349.066101694915,27.4516666666667,58.78,2.11333333333333,992.211666666666
2016,176,15,41.768,783.446666666667,166.101666666667,324.8,28.4316666666667,49.49,1.25,991.778333333333,41.768,783.446666666667,166.101666666667,324.8,28.4316666666667,49.49,1.25,991.778333333333
2016,176,16,53.1816666666667,624.466666666667,189.755,244.205084745763,27.9766666666667,56.8783333333333,2,991.466666666667,53.1816666666667,624.466666666667,189.755,244.205084745763,27.9766666666667,56.8783333333333,2,991.466666666667
2016,176,17,64.5708333333333,346.393333333333,121.865,112.193220338983,27.2983333333333,61.6316666666667,1.835,991.611666666666,64.5708333333333,346.393333333333,121.865,112.193220338983,27.2983333333333,61.6316666666667,1.835,991.611666666666
2016,176,18,75.6406666666667,487.2,68.2283333333333,80.72,27.4716666666667,61.4716666666667,1.36,991.498333333334,75.6406666666667,487.2,68.2283333333333,80.72,27.4716666666667,61.4716666666667,1.36,991.498333333334
2016,176,19,85.9936666666667,166.466666666667,23.4666666666667,17.145,26.3283333333333,66.7366666666667,1.76666666666667,991.45,85.9936666666667,166.466666666667,23.4666666666667,17.145,26.3283333333333,66.7366666666667,1.76666666666667,991.45
2016,176,20,95.891,0.4,0.0233333333333333,0.221666666666667,25.3366666666667,68.4333333333334,2.3,991.771666666667,95.891,0.4,0.0233333333333333,0.221666666666667,25.3366666666667,68.4333333333334,2.3,991.771666666667
2016,176,21,104.266166666667,0.4,-0.4,0,24.6483333333333,67.0366666666667,2.35166666666667,992.396666666667,104.266166666667,0.4,-0.4,0,24.6483333333333,67.0366666666667,2.35166666666667,992.396666666667
2016,176,22,110.850666666667,0.375,-0.4,0,23.58,73.275,2.33,992.75,110.850666666667,0.375,-0.4,0,23.58,73.275,2.33,992.75
2016,176,23,115.071,0.263333333333333,-0.4,0,22.5783333333333,78.8566666666667,2.71166666666667,993.091666666665,115.071,0.263333333333333,-0.4,0,22.5783333333333,78.8566666666667,2.71166666666667,993.091666666665
2016,177,0,116.446,0.0566666666666667,-0.4,0,21.62,85.1133333333334,2.965,993.001666666667,116.446,0.0566666666666667,-0.4,0,21.62,85.1133333333334,2.965,993.001666666667
2016,177,1,114.792166666667,0.131666666666667,-0.4,0,20.795,89.1433333333333,2.85666666666667,993.018333333333,114.792166666667,0.131666666666667,-0.4,0,20.795,89.1433333333333,2.85666666666667,993.018333333333
2016,177,2,110.327166666667,0.0233333333333333,-0.4,0,20.325,89.575,2.905,993.068333333333,110.327166666667,0.0233333333333333,-0.4,0,20.325,89.575,2.905,993.068333333333
2016,177,3,103.552833333333,0.035,-0.4,0,19.8116666666667,90.895,2.66666666666667,993.054999999999,103.552833333333,0.035,-0.4,0,19.8116666666667,90.895,2.66666666666667,993.054999999999
2016,177,4,95.003,0.0283333333333333,0.64,0.481666666666667,19.52,91.605,2.58,993.363333333334,95.003,0.0283333333333333,0.64,0.481666666666667,19.52,91.605,2.58,993.363333333334
2016,177,5,85.0651666666667,191.7,26.5483333333333,24.13,19.3566666666667,92.155,2.37,993.683333333335,85.0651666666667,191.7,26.5483333333333,24.13,19.3566666666667,92.155,2.37,993.683333333335
2016,177,6,74.6298333333333,517.825,63.22,91.8333333333333,21.1883333333333,89.0083333333334,2.30833333333333,993.905000000001,74.6298333333333,517.825,63.22,91.8333333333333,21.1883333333333,89.0083333333334,2.30833333333333,993.905000000001
2016,177,7,63.5191666666667,673.781666666667,88.0366666666667,171.355,23.405,83.1166666666667,3.165,993.986666666666,63.5191666666667,673.781666666667,88.0366666666667,171.355,23.405,83.1166666666667,3.165,993.986666666666
2016,177,8,52.1143333333333,761.131666666667,104.903333333333,252.741666666667,25.3716666666667,76.67,3.58,994.26,52.1143333333333,761.131666666667,104.903333333333,252.741666666667,25.3716666666667,76.67,3.58,994.26
2016,177,9,40.7203333333333,810.798333333334,118.058333333333,323.671666666667,27.105,67.3883333333333,3.85333333333333,993.936666666667,40.7203333333333,810.798333333334,118.058333333333,323.671666666667,27.105,67.3883333333333,3.85333333333333,993.936666666667
2016,177,10,29.8448333333333,823.116666666667,135.598214285714,376.321666666667,28.275,61.6166666666667,4.03333333333333,993.468333333334,29.8448333333333,823.116666666667,135.598214285714,376.321666666667,28.275,61.6166666666667,4.03333333333333,993.468333333334
2016,177,11,20.8105,838.505,140.075,409.451666666666,29.3866666666667,57.34,3.37333333333333,992.956666666668,20.8105,838.505,140.075,409.451666666666,29.3866666666667,57.34,3.37333333333333,992.956666666668
2016,177,12,17.0893333333333,859.705,130.328333333333,422.691666666667,30.4066666666667,53.475,3.22833333333333,992.394999999999,17.0893333333333,859.705,130.328333333333,422.691666666667,30.4066666666667,53.475,3.22833333333333,992.394999999999
2016,177,13,21.4836666666667,837.12,150.325,413.085,31.1216666666667,50.4366666666667,3.20833333333333,991.998333333334,21.4836666666667,837.12,150.325,413.085,31.1216666666667,50.4366666666667,3.20833333333333,991.998333333334
2016,177,14,30.788,654.605,212.203333333333,345.966666666667,31.565,49.935,2.725,991.673333333333,30.788,654.605,212.203333333333,345.966666666667,31.565,49.935,2.725,991.673333333333
2016,177,15,41.7465,729.446666666666,160.023333333333,313.015,32.03,48.5466666666667,2.615,991.141666666666,41.7465,729.446666666666,160.023333333333,313.015,32.03,48.5466666666667,2.615,991.141666666666
2016,177,16,53.158,672.43,134.935,238.223333333333,31.92,49.5916666666667,3.13,990.548333333334,53.158,672.43,134.935,238.223333333333,31.92,49.5916666666667,3.13,990.548333333334
2016,177,17,64.5493333333333,466.976666666667,148.316666666667,151.65,31.82,52.4033333333333,2.52,990.629999999999,64.5493333333333,466.976666666667,148.316666666667,151.65,31.82,52.4033333333333,2.52,990.629999999999
2016,177,18,75.6218333333333,245.96,101.905,69.6583333333333,30.73,61.3,2.84,990.79,75.6218333333333,245.96,101.905,69.6583333333333,30.73,61.3,2.84,990.79
2016,177,19,85.98,47.5566666666667,25.79,13.94,28.4066666666666,71.23,3.70333333333333,990.815000000001,85.98,47.5566666666667,25.79,13.94,28.4066666666666,71.23,3.70333333333333,990.815000000001
2016,177,20,95.8841666666667,0.375,-0.0550000000000001,0.143333333333333,27.3716666666667,72.2483333333333,4.16666666666667,990.981666666666,95.8841666666667,0.375,-0.0550000000000001,0.143333333333333,27.3716666666667,72.2483333333333,4.16666666666667,990.981666666666
2016,177,21,104.266833333333,0.216666666666667,-0.398333333333333,0,26.635,68.4233333333333,4.705,991.356666666667,104.266833333333,0.216666666666667,-0.398333333333333,0,26.635,68.4233333333333,4.705,991.356666666667
2016,177,22,110.860833333333,0.4,-0.4,0,24.535,78.115,2.44,991.705,110.860833333333,0.4,-0.4,0,24.535,78.115,2.44,991.705
2016,177,23,115.092833333333,0.39,-0.4,0,23.8583333333333,81.6366666666667,2.54833333333333,991.791666666668,115.092833333333,0.39,-0.4,0,23.8583333333333,81.6366666666667,2.54833333333333,991.791666666668
2016,178,0,116.4795,0.4,-0.4,0,22.7916666666667,86.875,2.34666666666667,991.94,116.4795,0.4,-0.4,0,22.7916666666667,86.875,2.34666666666667,991.94
2016,178,1,114.835,0.391666666666666,-0.4,0,22.1733333333333,89.22,2.445,991.828333333334,114.835,0.391666666666666,-0.4,0,22.1733333333333,89.22,2.445,991.828333333334
2016,178,2,110.3785,0.16,-0.4,0,22.0466666666667,89.5233333333333,2.9,991.579999999999,110.3785,0.16,-0.4,0,22.0466666666667,89.5233333333333,2.9,991.579999999999
2016,178,3,103.607,0.108333333333333,-0.4,0,21.9416666666667,89.62,3.26333333333333,991.428333333334,103.607,0.108333333333333,-0.4,0,21.9416666666667,89.62,3.26333333333333,991.428333333334
2016,178,4,95.0731666666667,0.0716666666666667,0.231666666666667,0.318333333333333,21.86,90.4916666666667,3.44,991.578333333332,95.0731666666667,0.0716666666666667,0.231666666666667,0.318333333333333,21.86,90.4916666666667,3.44,991.578333333332
2016,178,5,85.1203333333333,78.63,31.3483333333333,17.6483333333333,21.885,91.2166666666667,2.45166666666667,992.033333333333,85.1203333333333,78.63,31.3483333333333,17.6483333333333,21.885,91.2166666666667,2.45166666666667,992.033333333333
2016,178,6,74.6888333333333,64.2116666666667,111.585,52.3933333333333,22.99,89.29,2.455,992.366666666667,74.6888333333333,64.2116666666667,111.585,52.3933333333333,22.99,89.29,2.455,992.366666666667
2016,178,7,63.5788333333333,13.1,176.633333333333,80.5816666666667,23.9966666666667,86.8116666666667,2.63333333333333,992.491666666667,63.5788333333333,13.1,176.633333333333,80.5816666666667,23.9966666666667,86.8116666666667,2.63333333333333,992.491666666667
2016,178,8,52.174,126.095,252.888333333333,149.963333333333,25.9,81.3383333333334,2.87833333333333,992.390000000001,52.174,126.095,252.888333333333,149.963333333333,25.9,81.3383333333334,2.87833333333333,992.390000000001
2016,178,9,40.7801666666667,436.823333333333,244.98,256.055,27.7916666666667,72.5016666666667,3.245,992.098333333333,40.7801666666667,436.823333333333,244.98,256.055,27.7916666666667,72.5016666666667,3.245,992.098333333333
2016,178,10,29.9045,745.836666666667,196.136666666667,375.828333333333,29.0833333333333,64.6,2.91333333333333,991.903333333334,29.9045,745.836666666667,196.136666666667,375.828333333333,29.0833333333333,64.6,2.91333333333333,991.903333333334
2016,178,11,20.866,528.121666666667,303.86,363.226666666667,30.045,63.6733333333334,2.12542372881356,991.341666666666,20.866,528.121666666667,303.86,363.226666666667,30.045,63.6733333333334,2.12542372881356,991.341666666666
2016,178,12,17.124,715.983333333333,237.648333333333,411.185,31.0416666666667,61.7283333333333,3.61166666666667,990.845,17.124,715.983333333333,237.648333333333,411.185,31.0416666666667,61.7283333333333,3.61166666666667,990.845
2016,178,13,21.4873333333333,630.991666666667,273.21,384.231666666667,31.905,57.535,5.01,990.393333333334,21.4873333333333,630.991666666667,273.21,384.231666666667,31.905,57.535,5.01,990.393333333334
2016,178,14,30.7755,270.451666666667,272.543333333333,227.355,31.72,58.525,5.01,989.610000000001,30.7755,270.451666666667,272.543333333333,227.355,31.72,58.525,5.01,989.610000000001
2016,178,15,41.7288333333333,3.78333333333333,90.5266666666666,42.2166666666667,27.2933333333333,74.2916666666667,5.33,989.718333333334,41.7288333333333,3.78333333333333,90.5266666666666,42.2166666666667,27.2933333333333,74.2916666666667,5.33,989.718333333334
2016,178,16,53.139,0.258333333333333,118.605,51,26.82,76.9983333333333,3.28,989.731666666666,53.139,0.258333333333333,118.605,51,26.82,76.9983333333333,3.28,989.731666666666
2016,178,17,64.5316666666667,0.546666666666667,35.58,16.0348837209302,26.1983333333333,80.06,2.26166666666667,990.588333333333,64.5316666666667,0.546666666666667,35.58,16.0348837209302,26.1983333333333,80.06,2.26166666666667,990.588333333333
2016,178,18,75.6066666666667,48.975,35.7883333333333,17.559649122807,25.22,82.035,2.71,991.25,75.6066666666667,48.975,35.7883333333333,17.559649122807,25.22,82.035,2.71,991.25
2016,178,19,85.9708333333333,29.5133333333334,15.82,7.41166666666667,24.4166666666667,85.94,1.285,991.644999999999,85.9708333333333,29.5133333333334,15.82,7.41166666666667,24.4166666666667,85.94,1.285,991.644999999999
2016,178,20,95.8811666666667,0.4,0.924999999999999,0.15,23.9966666666667,87.8516666666667,0.615,991.67,95.8811666666667,0.4,0.924999999999999,0.15,23.9966666666667,87.8516666666667,0.615,991.67
2016,178,21,104.272666666667,0.4,-0.4,0,23.44,91.0983333333333,1.25666666666667,992.338333333333,104.272666666667,0.4,-0.4,0,23.44,91.0983333333333,1.25666666666667,992.338333333333
2016,178,22,110.877666666667,0.39,-0.4,0,22.5716666666667,94.1366666666667,2.185,992.845,110.877666666667,0.39,-0.4,0,22.5716666666667,94.1366666666667,2.185,992.845
2016,178,23,115.122166666667,0.396666666666666,-0.4,0,22.4483333333333,94.1783333333333,0.95,992.676666666666,115.122166666667,0.396666666666666,-0.4,0,22.4483333333333,94.1783333333333,0.95,992.676666666666
2016,179,0,116.519833333333,0.4,-0.4,0,22.155,94.8116666666666,1.18205128205128,992.823333333334,116.519833333333,0.4,-0.4,0,22.155,94.8116666666666,1.18205128205128,992.823333333334
2016,179,1,114.884833333333,0.396666666666666,-0.4,0,22.0183333333334,95.4666666666667,0.438461538461539,992.818333333333,114.884833333333,0.396666666666666,-0.4,0,22.0183333333334,95.4666666666667,0.438461538461539,992.818333333333
2016,179,2,110.434666666667,0.4,-0.4,0,21.4516666666667,96.1133333333333,1.37666666666667,992.783333333334,110.434666666667,0.4,-0.4,0,21.4516666666667,96.1133333333333,1.37666666666667,992.783333333334
2016,179,3,103.668166666667,0.36,-0.39,0,21.1783333333333,96.6133333333333,1.06833333333333,993.163333333334,103.668166666667,0.36,-0.39,0,21.1783333333333,96.6133333333333,1.06833333333333,993.163333333334
2016,179,4,95.134,0.4,0.505,0.321666666666667,20.945,96.3983333333334,1.77166666666667,993.458333333333,95.134,0.4,0.505,0.321666666666667,20.945,96.3983333333334,1.77166666666667,993.458333333333
2016,179,5,85.18,184.006666666667,25.5533333333333,24.0333333333333,20.3033333333333,94.7733333333333,1.86666666666667,993.823333333334,85.18,184.006666666667,25.5533333333333,24.0333333333333,20.3033333333333,94.7733333333333,1.86666666666667,993.823333333334
2016,179,6,74.7518333333333,626.24,51.035,100.098333333333,22.0416666666667,86.4533333333333,1.465,993.910000000001,74.7518333333333,626.24,51.035,100.098333333333,22.0416666666667,86.4533333333333,1.465,993.910000000001
2016,179,7,63.641,776.541666666667,64.3816666666667,178.428333333333,24.2933333333333,76.3283333333334,2.20333333333333,993.783333333333,63.641,776.541666666667,64.3816666666667,178.428333333333,24.2933333333333,76.3283333333334,2.20333333333333,993.783333333333
2016,179,8,52.2371666666667,782.063333333333,105.681666666667,252.321666666667,26.3783333333333,66.3333333333333,2.47,993.856666666668,52.2371666666667,782.063333333333,105.681666666667,252.321666666667,26.3783333333333,66.3333333333333,2.47,993.856666666668
2016,179,9,40.8431666666667,815.78,96.0983333333334,312.26,27.8766666666667,57.6366666666667,2.06833333333333,993.775,40.8431666666667,815.78,96.0983333333334,312.26,27.8766666666667,57.6366666666667,2.06833333333333,993.775
2016,179,10,29.9686666666667,935.03,78.485,384.691666666667,29.1916666666667,48.4233333333333,2.97833333333333,993.698333333332,29.9686666666667,935.03,78.485,384.691666666667,29.1916666666667,48.4233333333333,2.97833333333333,993.698333333332
2016,179,11,20.9271666666667,942.161666666667,82.23,417.643333333333,29.68,44.625,4.18666666666667,993.478333333334,20.9271666666667,942.161666666667,82.23,417.643333333333,29.68,44.625,4.18666666666667,993.478333333334
2016,179,12,17.165,937.213333333334,85.82,427.895,29.9016666666667,45.8733333333333,4.78833333333333,993.254999999999,17.165,937.213333333334,85.82,427.895,29.9016666666667,45.8733333333333,4.78833333333333,993.254999999999
2016,179,13,21.4971666666667,925.531666666666,89.2883333333334,414.588333333333,30.185,42.5383333333333,4.46333333333333,992.771666666666,21.4971666666667,925.531666666666,89.2883333333334,414.588333333333,30.185,42.5383333333333,4.46333333333333,992.771666666666
2016,179,14,30.7685,910.431666666667,86.1016666666667,379.151666666667,30.4983333333333,42.0116666666667,4.455,992.08,30.7685,910.431666666667,86.1016666666667,379.151666666667,30.4983333333333,42.0116666666667,4.455,992.08
2016,179,15,41.7135,874.988333333333,83.6733333333334,322.813333333333,30.67,42.7733333333333,4.9,991.438333333335,41.7135,874.988333333333,83.6733333333334,322.813333333333,30.67,42.7733333333333,4.9,991.438333333335
2016,179,16,53.124,810.633333333334,81.4416666666666,248.965,30.4866666666667,44.6383333333333,5.33333333333333,991.345000000001,53.124,810.633333333334,81.4416666666666,248.965,30.4866666666667,44.6383333333333,5.33333333333333,991.345000000001
2016,179,17,64.519,722.028333333333,70.8866666666667,165.596666666667,30.105,45.4566666666667,4.95666666666667,991.458333333333,64.519,722.028333333333,70.8866666666667,165.596666666667,30.105,45.4566666666667,4.95666666666667,991.458333333333
2016,179,18,75.5966666666667,556.006666666667,51.4183333333333,81.53,29.14,50.965,3.59166666666667,991.758333333334,75.5966666666667,556.006666666667,51.4183333333333,81.53,29.14,50.965,3.59166666666667,991.758333333334
2016,179,19,85.9673333333333,176.791666666667,19.555,16.8766666666667,27.0083333333333,58.7683333333333,3.14666666666667,991.765000000001,85.9673333333333,176.791666666667,19.555,16.8766666666667,27.0083333333333,58.7683333333333,3.14666666666667,991.765000000001
2016,179,20,95.8846666666667,0.608333333333332,0.0299999999999998,0.21,24.46,68.3016666666667,2.81,992.034999999999,95.8846666666667,0.608333333333332,0.0299999999999998,0.21,24.46,68.3016666666667,2.81,992.034999999999
2016,179,21,104.2855,0.4,-0.4,0,23.1766666666667,75.1416666666667,3.065,992.626666666666,104.2855,0.4,-0.4,0,23.1766666666667,75.1416666666667,3.065,992.626666666666
2016,179,22,110.900666666667,0.4,-0.4,0,22.0983333333333,78.73,2.835,992.746666666668,110.900666666667,0.4,-0.4,0,22.0983333333333,78.73,2.835,992.746666666668
2016,179,23,115.157166666667,0.4,-0.4,0,21.4033333333333,79.2916666666667,2.415,992.965,115.157166666667,0.4,-0.4,0,21.4033333333333,79.2916666666667,2.415,992.965
2016,180,0,116.566666666667,0.4,-0.4,0,20.4383333333333,81.9633333333334,0.903846153846154,992.850000000001,116.566666666667,0.4,-0.4,0,20.4383333333333,81.9633333333334,0.903846153846154,992.850000000001
2016,180,1,114.941333333333,0.4,-0.4,0,20.4283333333333,80.55,1.11636363636364,992.749999999999,114.941333333333,0.4,-0.4,0,20.4283333333333,80.55,1.11636363636364,992.749999999999
2016,180,2,110.497333333333,0.343333333333333,-0.343333333333333,0,18.9916666666667,86.975,2.31833333333333,992.999999999999,110.497333333333,0.343333333333333,-0.343333333333333,0,18.9916666666667,86.975,2.31833333333333,992.999999999999
2016,180,3,103.734,0.4,-0.4,0,18.255,90.7766666666666,1.79,993.39,103.734,0.4,-0.4,0,18.255,90.7766666666666,1.79,993.39
2016,180,4,95.2006666666667,0.4,0.58,0.433333333333333,17.6333333333333,92.8083333333333,2.79833333333333,993.756666666668,95.2006666666667,0.4,0.58,0.433333333333333,17.6333333333333,92.8083333333333,2.79833333333333,993.756666666668
2016,180,5,85.2428333333333,245.41,23.4133333333333,25.7533333333333,17.47,90.13,2.62833333333333,994.011666666666,85.2428333333333,245.41,23.4133333333333,25.7533333333333,17.47,90.13,2.62833333333333,994.011666666666
2016,180,6,74.8185,608.481666666667,50.585,95.21,18.845,85.5933333333333,2.58166666666667,994.426666666667,74.8185,608.481666666667,50.585,95.21,18.845,85.5933333333333,2.58166666666667,994.426666666667
2016,180,7,63.7083333333333,756.43,68.05,174.961666666667,20.6983333333333,76.335,3.46,994.741666666668,63.7083333333333,756.43,68.05,174.961666666667,20.6983333333333,76.335,3.46,994.741666666668
2016,180,8,52.3026666666667,806.273333333334,85.8733333333334,254.707142857143,21.695,70.9916666666666,4.06166666666667,994.951666666666,52.3026666666667,806.273333333334,85.8733333333334,254.707142857143,21.695,70.9916666666666,4.06166666666667,994.951666666666
2016,180,9,40.9103333333333,498.786440677966,244.851666666667,263.5,22.185,70.3766666666667,3.01666666666667,995.133333333332,40.9103333333333,498.786440677966,244.851666666667,263.5,22.185,70.3766666666667,3.01666666666667,995.133333333332
2016,180,10,30.0365,605.631666666667,284.973333333333,344.285,22.8816666666667,66.4233333333333,3.11666666666666,994.963333333334,30.0365,605.631666666667,284.973333333333,344.285,22.8816666666667,66.4233333333333,3.11666666666666,994.963333333334
2016,180,11,20.9936666666667,267.108771929825,321.95,251.69649122807,22.9383333333333,63.9066666666667,3.05666666666667,994.786666666667,20.9936666666667,267.108771929825,321.95,251.69649122807,22.9383333333333,63.9066666666667,3.05666666666667,994.786666666667
2016,180,12,17.213,333.941379310345,351.465,282.408333333333,23.2016666666667,63.315,3.85666666666667,994.850000000001,17.213,333.941379310345,351.465,282.408333333333,23.2016666666667,63.315,3.85666666666667,994.850000000001
2016,180,13,21.5131666666667,669.528333333333,254.341666666667,376.08,23.6516666666667,60.58,4.16833333333333,994.736666666666,21.5131666666667,669.528333333333,254.341666666667,376.08,23.6516666666667,60.58,4.16833333333333,994.736666666666
2016,180,14,30.7661666666667,597.296666666667,270.373333333333,337.665,23.87,57.5133333333333,4.63333333333333,994.253333333332,30.7661666666667,597.296666666667,270.373333333333,337.665,23.87,57.5133333333333,4.63333333333333,994.253333333332
2016,180,15,41.705,652.541666666667,171.931666666667,291,24.0866666666667,53.5783333333333,5.26,993.953333333334,41.705,652.541666666667,171.931666666667,291,24.0866666666667,53.5783333333333,5.26,993.953333333334
2016,180,16,53.114,514.198333333333,207.28,221.733333333333,24.0133333333333,51.565,5.54166666666667,993.798333333334,53.114,514.198333333333,207.28,221.733333333333,24.0133333333333,51.565,5.54166666666667,993.798333333334
2016,180,17,64.5106666666667,483.338333333333,162.618333333333,153.998333333333,23.8383333333333,50.915,5.39166666666667,993.506666666667,64.5106666666667,483.338333333333,162.618333333333,153.998333333333,23.8383333333333,50.915,5.39166666666667,993.506666666667
2016,180,18,75.593,556.971666666667,55.475,81.98,22.635,59.34,5.53,993.448333333334,75.593,556.971666666667,55.475,81.98,22.635,59.34,5.53,993.448333333334
2016,180,19,85.968,235.55,21.0766666666667,18.245,20.7433333333333,67.3483333333333,4.60833333333333,993.588333333332,85.968,235.55,21.0766666666667,18.245,20.7433333333333,67.3483333333333,4.60833333333333,993.588333333332
2016,180,20,95.893,0.305,0.0733333333333333,0.24,18.9433333333333,69.6766666666667,4.77666666666667,993.888333333333,95.893,0.305,0.0733333333333333,0.24,18.9433333333333,69.6766666666667,4.77666666666667,993.888333333333
2016,180,21,104.3035,0.371666666666666,-0.4,0,17.5233333333333,61.5333333333333,4.74166666666667,994.636666666667,104.3035,0.371666666666666,-0.4,0,17.5233333333333,61.5333333333333,4.74166666666667,994.636666666667
2016,180,22,110.931166666667,0.398333333333333,-0.4,0,16.01,65.6983333333333,2.42166666666667,995.135,110.931166666667,0.398333333333333,-0.4,0,16.01,65.6983333333333,2.42166666666667,995.135
2016,180,23,115.199833333333,0.383333333333333,-0.4,0,14.8133333333333,71.2833333333333,1.36666666666667,995.286666666667,115.199833333333,0.383333333333333,-0.4,0,14.8133333333333,71.2833333333333,1.36666666666667,995.286666666667
2016,181,0,116.619666666667,0.398333333333333,-0.4,0,14.015,74.6216666666667,0.934693877551021,995.245000000001,116.619666666667,0.398333333333333,-0.4,0,14.015,74.6216666666667,0.934693877551021,995.245000000001
2016,181,1,115.0045,0.4,-0.4,0,12.845,80.5683333333333,1.50166666666667,995.523333333333,115.0045,0.4,-0.4,0,12.845,80.5683333333333,1.50166666666667,995.523333333333
2016,181,2,110.566,0.4,-0.4,0,11.7366666666667,85.54,2.27166666666667,995.576666666667,110.566,0.4,-0.4,0,11.7366666666667,85.54,2.27166666666667,995.576666666667
2016,181,3,103.804333333333,0.4,-0.4,0,11.4733333333333,86.8816666666667,2.04166666666667,994.913333333333,103.804333333333,0.4,-0.4,0,11.4733333333333,86.8816666666667,2.04166666666667,994.913333333333
2016,181,4,95.2848333333333,0.4,0.566666666666667,0.42,10.75,90.5983333333334,1.5377358490566,994.916666666666,95.2848333333333,0.4,0.566666666666667,0.42,10.75,90.5983333333334,1.5377358490566,994.916666666666
2016,181,5,85.3093333333333,306.096666666667,20.43,26.2683333333333,10.6333333333333,90.7166666666667,1.55833333333333,995.455,85.3093333333333,306.096666666667,20.43,26.2683333333333,10.6333333333333,90.7166666666667,1.55833333333333,995.455
2016,181,6,74.8885,682.743333333333,43.9633333333333,96.5983333333333,13.1533333333333,84.3833333333334,1.75166666666667,995.820000000001,74.8885,682.743333333333,43.9633333333333,96.5983333333333,13.1533333333333,84.3833333333334,1.75166666666667,995.820000000001
2016,181,7,63.7776666666667,824.396666666667,57.6933333333333,177.233333333333,15.9183333333333,72.5933333333333,2.31,995.82,63.7776666666667,824.396666666667,57.6933333333333,177.233333333333,15.9183333333333,72.5933333333333,2.31,995.82
2016,181,8,52.372,894.248333333333,66.4666666666667,259.425,18.1716666666667,61.9283333333333,3.215,995.646666666666,52.372,894.248333333333,66.4666666666667,259.425,18.1716666666667,61.9283333333333,3.215,995.646666666666
2016,181,9,40.9803333333333,931.558333333334,74.1466666666667,329.885,19.5066666666667,54.5583333333333,3.755,995.67,40.9803333333333,931.558333333334,74.1466666666667,329.885,19.5066666666667,54.5583333333333,3.755,995.67
2016,181,10,30.1085,951.128333333333,79.995,383.236666666667,20.35,50.5266666666667,3.98333333333333,995.618333333333,30.1085,951.128333333333,79.995,383.236666666667,20.35,50.5266666666667,3.98333333333333,995.618333333333
2016,181,11,21.0655,969.548333333333,81.3116666666667,417.531666666667,21.1866666666667,46.33,3.24833333333333,995.248333333332,21.0655,969.548333333333,81.3116666666667,417.531666666667,21.1866666666667,46.33,3.24833333333333,995.248333333332
2016,181,12,17.2681666666667,973.4,82.6783333333333,429.485,22.3033333333333,42.625,2.25333333333333,995.046666666666,17.2681666666667,973.4,82.6783333333333,429.485,22.3033333333333,42.625,2.25333333333333,995.046666666666
2016,181,13,21.5346666666667,938.196666666667,101.676666666667,413.756666666667,22.9666666666667,39.3466666666667,2.31333333333333,994.62,21.5346666666667,938.196666666667,101.676666666667,413.756666666667,22.9666666666667,39.3466666666667,2.31333333333333,994.62
2016,181,14,30.7693333333333,803.791666666666,173.231666666667,367.018333333333,23.52,37.6783333333333,2.26333333333333,994.118333333332,30.7693333333333,803.791666666666,173.231666666667,367.018333333333,23.52,37.6783333333333,2.26333333333333,994.118333333332
2016,181,15,41.7011666666667,731.858333333333,185.713333333333,311.66,23.955,36.2633333333333,2.155,993.535,41.7011666666667,731.858333333333,185.713333333333,311.66,23.955,36.2633333333333,2.155,993.535
2016,181,16,53.1081666666667,476.89,221.948333333333,216.075,23.9766666666667,36.4366666666667,2.11666666666667,993.025,53.1081666666667,476.89,221.948333333333,216.075,23.9766666666667,36.4366666666667,2.11666666666667,993.025
2016,181,17,64.5058333333333,694.295,85.2333333333333,164.656666666667,24.0616666666667,35.27,2.02166666666667,992.635,64.5058333333333,694.295,85.2333333333333,164.656666666667,24.0616666666667,35.27,2.02166666666667,992.635
2016,181,18,75.5928333333333,582.608333333333,67.6483333333333,87.3983333333333,23.8,39.9516666666667,1.23666666666667,992.401666666667,75.5928333333333,582.608333333333,67.6483333333333,87.3983333333333,23.8,39.9516666666667,1.23666666666667,992.401666666667
2016,181,19,85.974,238.985,17.9383333333333,18.2433333333333,22.555,46.67,1.29454545454545,992.713333333335,85.974,238.985,17.9383333333333,18.2433333333333,22.555,46.67,1.29454545454545,992.713333333335
2016,181,20,95.9065,0.43,0.07,0.23,20.7983333333333,52.5366666666667,1.065,992.731666666667,95.9065,0.43,0.07,0.23,20.7983333333333,52.5366666666667,1.065,992.731666666667
2016,181,21,104.327666666667,0.4,-0.395,0,19.9933333333333,52.865,0.413953488372093,993.208333333333,104.327666666667,0.4,-0.395,0,19.9933333333333,52.865,0.413953488372093,993.208333333333
2016,181,22,110.967333333333,0.4,-0.391666666666666,0,19.24,54.5816666666667,1.16491228070175,993.241666666668,110.967333333333,0.4,-0.391666666666666,0,19.24,54.5816666666667,1.16491228070175,993.241666666668
2016,181,23,115.248333333333,0.4,-0.395,0,17.225,65.5566666666667,0.285714285714286,993.52,115.248333333333,0.4,-0.395,0,17.225,65.5566666666667,0.285714285714286,993.52
2016,182,0,116.681333333333,0.4,-0.386666666666666,0,16.965,67.3583333333334,0.742592592592593,993.373333333334,116.681333333333,0.4,-0.386666666666666,0,16.965,67.3583333333334,0.742592592592593,993.373333333334
2016,182,1,115.074,0.4,-0.393333333333333,0,16.6433333333333,68.165,0.695,993.305,115.074,0.4,-0.393333333333333,0,16.6433333333333,68.165,0.695,993.305
2016,182,2,110.638833333333,0.368333333333333,-0.4,0,17.085,62.6333333333333,1.23833333333333,992.973333333333,110.638833333333,0.368333333333333,-0.4,0,17.085,62.6333333333333,1.23833333333333,992.973333333333
2016,182,3,103.881166666667,0.393333333333333,-0.4,0,16.265,65.895,0.718421052631579,992.679999999999,103.881166666667,0.393333333333333,-0.4,0,16.265,65.895,0.718421052631579,992.679999999999
2016,182,4,95.3598333333333,0.22,0.451666666666667,0.365,14.4516666666667,75.9333333333333,2.85166666666667,992.656666666666,95.3598333333333,0.22,0.451666666666667,0.365,14.4516666666667,75.9333333333333,2.85166666666667,992.656666666666
2016,182,5,85.3801666666667,233.456666666667,27.995,24.375,14.0316666666667,81.5716666666667,2.59166666666667,992.373333333333,85.3801666666667,233.456666666667,27.995,24.375,14.0316666666667,81.5716666666667,2.59166666666667,992.373333333333
2016,182,6,74.9618333333333,577.001666666667,84.9983333333333,99.6133333333333,16.23,79.7683333333334,1.48833333333333,992.770000000001,74.9618333333333,577.001666666667,84.9983333333333,99.6133333333333,16.23,79.7683333333334,1.48833333333333,992.770000000001
2016,182,7,63.8496666666667,693.746666666667,92.105,174.723333333333,18.8716666666667,69.4583333333333,2.22833333333333,992.793333333334,63.8496666666667,693.746666666667,92.105,174.723333333333,18.8716666666667,69.4583333333333,2.22833333333333,992.793333333334
2016,182,8,52.4445,494.705,192.96,214.008333333333,21.2283333333333,60.365,2.94666666666667,992.583333333333,52.4445,494.705,192.96,214.008333333333,21.2283333333333,60.365,2.94666666666667,992.583333333333
2016,182,9,41.0526666666667,783.458333333333,164.641666666667,331.608333333333,22.5066666666667,53.3283333333333,3.46166666666667,992.256666666666,41.0526666666667,783.458333333333,164.641666666667,331.608333333333,22.5066666666667,53.3283333333333,3.46166666666667,992.256666666666
2016,182,10,30.183,529.875,302.053333333333,331.84,23.3283333333333,49.5233333333333,3.63,992.141666666666,30.183,529.875,302.053333333333,331.84,23.3283333333333,49.5233333333333,3.63,992.141666666666
2016,182,11,21.1425,70.6583333333333,526.366666666667,257.505,23.7733333333333,50.8116666666667,3.47666666666667,991.7,21.1425,70.6583333333333,526.366666666667,257.505,23.7733333333333,50.8116666666667,3.47666666666667,991.7
2016,182,12,17.3296666666667,101.898333333333,524.285,271.081666666667,23.785,50.01,4.15,991.1,17.3296666666667,101.898333333333,524.285,271.081666666667,23.785,50.01,4.15,991.1
2016,182,13,21.5631666666667,447.523333333333,407.296666666667,360.503333333333,24.0333333333333,50.565,4.23,990.628333333333,21.5631666666667,447.523333333333,407.296666666667,360.503333333333,24.0333333333333,50.565,4.23,990.628333333333
2016,182,14,30.777,251.95,491.04,305.961666666667,23.7883333333333,51.795,4.94833333333333,990.325,30.777,251.95,491.04,305.961666666667,23.7883333333333,51.795,4.94833333333333,990.325
2016,182,15,41.7023333333333,331.47,337.993333333334,259.883333333333,24.0383333333333,52.5633333333333,3.67,989.513333333333,41.7023333333333,331.47,337.993333333334,259.883333333333,24.0383333333333,52.5633333333333,3.67,989.513333333333
2016,182,16,53.1068333333333,386.745,258.981666666667,223.303333333333,24.5366666666667,53.21,4.32166666666667,988.605,53.1068333333333,386.745,258.981666666667,223.303333333333,24.5366666666667,53.21,4.32166666666667,988.605
2016,182,17,64.5063333333333,518.608333333333,159.071666666667,164.915,24.7883333333333,57.3116666666667,5.18166666666666,988.036666666667,64.5063333333333,518.608333333333,159.071666666667,164.915,24.7883333333333,57.3116666666667,5.18166666666666,988.036666666667
2016,182,18,75.5976666666667,84.3966666666666,68.8733333333333,43.7816666666667,23.9266666666667,64.6666666666667,4.335,988.418333333333,75.5976666666667,84.3966666666666,68.8733333333333,43.7816666666667,23.9266666666667,64.6666666666667,4.335,988.418333333333
2016,182,19,85.9843333333333,0.403333333333333,21.0266666666667,9.20833333333334,23.08,68.7766666666667,2.20166666666667,988.708333333334,85.9843333333333,0.403333333333333,21.0266666666667,9.20833333333334,23.08,68.7766666666667,2.20166666666667,988.708333333334
2016,182,20,95.9266666666667,0.4,-0.151666666666667,0.0566666666666667,22.7966666666667,71.4783333333333,1.71,988.476666666667,95.9266666666667,0.4,-0.151666666666667,0.0566666666666667,22.7966666666667,71.4783333333333,1.71,988.476666666667
2016,182,21,104.357833333333,0.4,-0.4,0,21.9366666666667,77.5183333333333,2.47166666666667,988.468333333333,104.357833333333,0.4,-0.4,0,21.9366666666667,77.5183333333333,2.47166666666667,988.468333333333
2016,182,22,111.009333333333,0.391666666666666,-0.4,0,21.2666666666667,81.6916666666667,2.29666666666667,988.311666666668,111.009333333333,0.391666666666666,-0.4,0,21.2666666666667,81.6916666666667,2.29666666666667,988.311666666668
2016,182,23,115.304,0.4,-0.4,0,20.6183333333333,85.3616666666667,1.86666666666667,988.331666666667,115.304,0.4,-0.4,0,20.6183333333333,85.3616666666667,1.86666666666667,988.331666666667
2016,183,0,116.748333333333,0.395,-0.388333333333333,0,20.2233333333333,86.705,2.46333333333333,988.05,116.748333333333,0.395,-0.388333333333333,0,20.2233333333333,86.705,2.46333333333333,988.05
2016,183,1,115.1485,0.333333333333333,-0.315,0,19.7183333333333,88.7,1.86666666666667,987.846666666667,115.1485,0.333333333333333,-0.315,0,19.7183333333333,88.7,1.86666666666667,987.846666666667
2016,183,2,110.7185,0.218333333333333,-0.31,0,19.5866666666667,92.7033333333333,2.565,987.993333333333,110.7185,0.218333333333333,-0.31,0,19.5866666666667,92.7033333333333,2.565,987.993333333333
2016,183,3,103.961666666667,0.351666666666666,-0.276666666666667,0,19.7666666666667,95.87,2.25333333333333,988.388333333333,103.961666666667,0.351666666666666,-0.276666666666667,0,19.7666666666667,95.87,2.25333333333333,988.388333333333
2016,183,4,95.453,0.4,0.306666666666667,0.308333333333333,19.6233333333333,95.63,2.73833333333333,989.004999999999,95.453,0.4,0.306666666666667,0.308333333333333,19.6233333333333,95.63,2.73833333333333,989.004999999999
2016,183,5,85.453,175.45,25.165,22.0816666666667,19.0733333333333,94.9166666666666,3.335,989.626666666667,85.453,175.45,25.165,22.0816666666667,19.0733333333333,94.9166666666666,3.335,989.626666666667
2016,183,6,75.0386666666667,581.801666666667,54.7116666666667,92.8316666666667,19.07,89.4216666666666,4.92333333333333,990.431666666667,75.0386666666667,581.801666666667,54.7116666666667,92.8316666666667,19.07,89.4216666666666,4.92333333333333,990.431666666667
2016,183,7,63.925,788.416666666667,64.69,175.253333333333,19.2333333333333,83.28,6.05833333333333,991.115000000001,63.925,788.416666666667,64.69,175.253333333333,19.2333333333333,83.28,6.05833333333333,991.115000000001
2016,183,8,52.5196666666667,744.183333333333,125.46,247.908333333333,19.6383333333333,79.3133333333333,7.02666666666667,991.673333333333,52.5196666666667,744.183333333333,125.46,247.908333333333,19.6383333333333,79.3133333333333,7.02666666666667,991.673333333333
2016,183,9,41.1288333333333,733.448333333333,179.305,311.48,19.5483333333333,77.975,6.035,992.454999999999,41.1288333333333,733.448333333333,179.305,311.48,19.5483333333333,77.975,6.035,992.454999999999
2016,183,10,30.2616666666667,742.278333333333,225.638333333333,369.281666666667,21.2183333333333,68.0933333333333,5.68833333333334,992.983333333333,30.2616666666667,742.278333333333,225.638333333333,369.281666666667,21.2183333333333,68.0933333333333,5.68833333333334,992.983333333333
2016,183,11,21.225,893.156666666667,183.666666666667,432.195,22.115,61.265,5.43,993.243333333334,21.225,893.156666666667,183.666666666667,432.195,22.115,61.265,5.43,993.243333333334
2016,183,12,17.3976666666667,692.78,225.903333333333,383.71186440678,22.915,56.7183333333333,4.79833333333333,993.196666666666,17.3976666666667,692.78,225.903333333333,383.71186440678,22.915,56.7183333333333,4.79833333333333,993.196666666666
2016,183,13,21.5995,681.735,224.108333333333,363.22,23.4,53.7616666666667,4.40166666666667,993.280000000001,21.5995,681.735,224.108333333333,363.22,23.4,53.7616666666667,4.40166666666667,993.280000000001
2016,183,14,30.7905,519.925,218.266666666667,284.937288135593,23.79,50.9483333333333,4.44,993.106666666667,30.7905,519.925,218.266666666667,284.937288135593,23.79,50.9483333333333,4.44,993.106666666667
2016,183,15,41.706,817.706666666666,172.611666666667,333.78,23.9833333333333,47.6833333333333,5.01833333333333,993.108333333332,41.706,817.706666666666,172.611666666667,333.78,23.9833333333333,47.6833333333333,5.01833333333333,993.108333333332
2016,183,16,53.1105,779.001666666667,161.283333333333,267.771666666667,24.2466666666667,46.5733333333333,3.87833333333333,993.098333333332,53.1105,779.001666666667,161.283333333333,267.771666666667,24.2466666666667,46.5733333333333,3.87833333333333,993.098333333332
2016,183,17,64.5113333333333,676.403333333333,105.285,167.098333333333,23.8733333333333,48.2466666666667,3.945,992.923333333334,64.5113333333333,676.403333333333,105.285,167.098333333333,23.8733333333333,48.2466666666667,3.945,992.923333333334
2016,183,18,75.6071666666667,528.336666666667,54.2333333333333,75.5366666666667,23.245,49.88,2.56666666666667,993.148333333334,75.6071666666667,528.336666666667,54.2333333333333,75.5366666666667,23.245,49.88,2.56666666666667,993.148333333334
2016,183,19,85.9996666666667,151.14,20.0666666666667,16.34,22.265,53.4583333333333,2.63166666666667,993.535,85.9996666666667,151.14,20.0666666666667,16.34,22.265,53.4583333333333,2.63166666666667,993.535
2016,183,20,95.9521666666667,0.361666666666666,0.0333333333333332,0.216666666666667,20.4866666666667,64.355,2.57333333333333,994.131666666666,95.9521666666667,0.361666666666666,0.0333333333333332,0.216666666666667,20.4866666666667,64.355,2.57333333333333,994.131666666666
2016,183,21,104.394833333333,0.268333333333333,-0.38,0,19.0583333333333,69.25,2.96,994.878333333333,104.394833333333,0.268333333333333,-0.38,0,19.0583333333333,69.25,2.96,994.878333333333
2016,183,22,111.059166666667,0.193333333333333,-0.398333333333333,0,17.31,72.9416666666666,2.66833333333333,995.325,111.059166666667,0.193333333333333,-0.398333333333333,0,17.31,72.9416666666666,2.66833333333333,995.325
2016,183,23,115.366333333333,-0.08,-0.398333333333333,0,16.035,80.545,3.44333333333333,995.961666666667,115.366333333333,-0.08,-0.398333333333333,0,16.035,80.545,3.44333333333333,995.961666666667
2016,184,0,116.822333333333,0.33,-0.4,0,15.1933333333333,82.0766666666666,2.94,995.843333333333,116.822333333333,0.33,-0.4,0,15.1933333333333,82.0766666666666,2.94,995.843333333333
2016,184,1,115.2305,0.015,-0.4,0,14.7333333333333,73.455,3.315,995.336666666667,115.2305,0.015,-0.4,0,14.7333333333333,73.455,3.315,995.336666666667
2016,184,2,110.8045,0.14,-0.4,0,14.1233333333333,73.77,2.86666666666667,995.4,110.8045,0.14,-0.4,0,14.1233333333333,73.77,2.86666666666667,995.4
2016,184,3,104.0475,0.0316666666666667,-0.218333333333333,0,13.08,78.66,1.28727272727273,995.328333333333,104.0475,0.0316666666666667,-0.218333333333333,0,13.08,78.66,1.28727272727273,995.328333333333
2016,184,4,95.5376666666667,0.29,0.16,0.226666666666667,12.38,83.9666666666667,1.5625,995.745,95.5376666666667,0.29,0.16,0.226666666666667,12.38,83.9666666666667,1.5625,995.745
2016,184,5,85.53,62.105,25.335,13.1931034482759,12.6566666666667,82.7933333333333,1.00857142857143,996.430000000001,85.53,62.105,25.335,13.1931034482759,12.6566666666667,82.7933333333333,1.00857142857143,996.430000000001
2016,184,6,75.1186666666667,-0.128333333333333,36.3933333333333,14.7383333333333,13.2266666666667,84.5433333333334,1.81,996.42,75.1186666666667,-0.128333333333333,36.3933333333333,14.7383333333333,13.2266666666667,84.5433333333334,1.81,996.42
2016,184,7,64.0028333333333,-0.143333333333333,135.28,56.4283333333333,14.64,79.6283333333333,1.64,996.835000000001,64.0028333333333,-0.143333333333333,135.28,56.4283333333333,14.64,79.6283333333333,1.64,996.835000000001
2016,184,8,52.5978333333333,2.69,209.066666666667,87.8016666666666,15.3716666666667,73.9016666666667,3.95666666666667,996.244999999999,52.5978333333333,2.69,209.066666666667,87.8016666666666,15.3716666666667,73.9016666666667,3.95666666666667,996.244999999999
2016,184,9,41.2076666666667,17.5083333333333,395.696666666667,173.138333333333,16.335,72.485,3.03333333333333,996.006666666667,41.2076666666667,17.5083333333333,395.696666666667,173.138333333333,16.335,72.485,3.03333333333333,996.006666666667
2016,184,10,30.3453333333333,0.75,299.398333333333,126.465,17.2316666666667,70.3733333333333,1.88666666666667,996.128333333333,30.3453333333333,0.75,299.398333333333,126.465,17.2316666666667,70.3733333333333,1.88666666666667,996.128333333333
2016,184,11,21.3121666666667,0.49,261.605,113.733333333333,17.75,67.85,1.79298245614035,996.406666666666,21.3121666666667,0.49,261.605,113.733333333333,17.75,67.85,1.79298245614035,996.406666666666
2016,184,12,17.4728333333333,0.271666666666667,144.455,65.6516666666667,17.4716666666667,69.93,2.51833333333333,995.97,17.4728333333333,0.271666666666667,144.455,65.6516666666667,17.4716666666667,69.93,2.51833333333333,995.97
2016,184,13,21.6411666666667,0.531666666666667,265.238333333333,119.985,17.6916666666667,69.27,2.01166666666667,995.985,21.6411666666667,0.531666666666667,265.238333333333,119.985,17.6916666666667,69.27,2.01166666666667,995.985
2016,184,14,30.8095,0.378333333333333,194.396666666667,87.6933333333333,17.9983333333333,66.675,1.41333333333333,995.813333333334,30.8095,0.378333333333333,194.396666666667,87.6933333333333,17.9983333333333,66.675,1.41333333333333,995.813333333334
2016,184,15,41.7166666666667,1.95666666666667,244.65,109.503333333333,17.855,71.435,2.30833333333333,995.236666666667,41.7166666666667,1.95666666666667,244.65,109.503333333333,17.855,71.435,2.30833333333333,995.236666666667
2016,184,16,53.1183333333333,1.31333333333334,178.731666666667,79.0783333333333,17.8783333333333,71.6016666666667,2.56666666666667,994.92,53.1183333333333,1.31333333333334,178.731666666667,79.0783333333333,17.8783333333333,71.6016666666667,2.56666666666667,994.92
2016,184,17,64.5206666666667,0.4,59.9916666666667,26.385,17.8283333333333,72.0516666666667,1.30166666666667,995.111666666666,64.5206666666667,0.4,59.9916666666667,26.385,17.8283333333333,72.0516666666667,1.30166666666667,995.111666666666
2016,184,18,75.6216666666667,0.4,55.1116666666667,23.9183333333333,17.8716666666667,72.3016666666667,0.863333333333334,995.02,75.6216666666667,0.4,55.1116666666667,23.9183333333333,17.8716666666667,72.3016666666667,0.863333333333334,995.02
2016,184,19,86.0196666666667,0.4,7.92666666666667,3.35166666666667,17.475,77.7233333333333,1.23833333333333,994.843333333334,86.0196666666667,0.4,7.92666666666667,3.35166666666667,17.475,77.7233333333333,1.23833333333333,994.843333333334
2016,184,20,95.983,0.398333333333333,-0.243333333333333,0.04,16.945,83.3816666666667,1.71666666666667,994.711666666667,95.983,0.398333333333333,-0.243333333333333,0.04,16.945,83.3816666666667,1.71666666666667,994.711666666667
2016,184,21,104.4365,0.386666666666666,-0.4,0,16.675,84.6216666666667,1.45,994.828333333334,104.4365,0.386666666666666,-0.4,0,16.675,84.6216666666667,1.45,994.828333333334
2016,184,22,111.114833333333,0.35,-0.4,0,16.6233333333333,83.0933333333333,1.40666666666667,994.466666666667,111.114833333333,0.35,-0.4,0,16.6233333333333,83.0933333333333,1.40666666666667,994.466666666667
2016,184,23,115.435333333333,0.316666666666667,-0.393333333333333,0,16.145,86.6,2.41166666666667,993.833333333333,115.435333333333,0.316666666666667,-0.393333333333333,0,16.145,86.6,2.41166666666667,993.833333333333
2016,185,0,116.9025,0.258333333333333,-0.35,0,16.045,87.0716666666667,1.77,993.718333333333,116.9025,0.258333333333333,-0.35,0,16.045,87.0716666666667,1.77,993.718333333333
2016,185,1,115.318166666667,0.258333333333334,-0.366666666666666,0,16.015,89.525,1.24833333333333,993.628333333332,115.318166666667,0.258333333333334,-0.366666666666666,0,16.015,89.525,1.24833333333333,993.628333333332
2016,185,2,110.895833333333,0.4,-0.383333333333333,0,16.0366666666667,91.86,1.11,993.679999999999,110.895833333333,0.4,-0.383333333333333,0,16.0366666666667,91.86,1.11,993.679999999999
2016,185,3,104.139,0.4,-0.38,0,15.3333333333333,83.3533333333333,3.75166666666667,992.809999999999,104.139,0.4,-0.38,0,15.3333333333333,83.3533333333333,3.75166666666667,992.809999999999
2016,185,4,95.6263333333333,0.335,-0.196666666666667,0.0133333333333333,14.7183333333333,87.6649999999999,1.43166666666667,993.151666666667,95.6263333333333,0.335,-0.196666666666667,0.0133333333333333,14.7183333333333,87.6649999999999,1.43166666666667,993.151666666667
2016,185,5,85.6233333333333,0.153333333333333,3.675,1.83166666666667,14.315,92.56,2.31,993.280000000001,85.6233333333333,0.153333333333333,3.675,1.83166666666667,14.315,92.56,2.31,993.280000000001
2016,185,6,75.201,-0.0816666666666667,18.5116666666667,8.89833333333334,14.2733333333333,95.3766666666667,3,993.455000000001,75.201,-0.0816666666666667,18.5116666666667,8.89833333333334,14.2733333333333,95.3766666666667,3,993.455000000001
2016,185,7,64.084,0.0633333333333333,67.8383333333333,31.405,14.775,96.0916666666667,4.02833333333333,993.455000000001,64.084,0.0633333333333333,67.8383333333333,31.405,14.775,96.0916666666667,4.02833333333333,993.455000000001
2016,185,8,52.6788333333333,0.168333333333333,118.89,54.9733333333333,15.3966666666667,94.1166666666667,5.41833333333333,992.921666666667,52.6788333333333,0.168333333333333,118.89,54.9733333333333,15.3966666666667,94.1166666666667,5.41833333333333,992.921666666667
2016,185,9,41.2905,0.226666666666667,97.4516666666667,45.3666666666667,15.6716666666667,93.745,5.16166666666667,992.521666666667,41.2905,0.226666666666667,97.4516666666667,45.3666666666667,15.6716666666667,93.745,5.16166666666667,992.521666666667
2016,185,10,30.4321666666667,0.015,105.198333333333,49.3666666666667,16.0966666666667,94.8433333333333,4.16666666666667,992.385000000001,30.4321666666667,0.015,105.198333333333,49.3666666666667,16.0966666666667,94.8433333333333,4.16666666666667,992.385000000001
2016,185,11,21.4043333333333,0,91.2066666666667,44.205,16.5133333333333,94.555,4.10166666666667,992.320000000001,21.4043333333333,0,91.2066666666667,44.205,16.5133333333333,94.555,4.10166666666667,992.320000000001
2016,185,12,17.5548333333333,-0.00833333333333333,108.49,53.455,16.99,94.615,3.91833333333333,992.145,17.5548333333333,-0.00833333333333333,108.49,53.455,16.99,94.615,3.91833333333333,992.145
2016,185,13,21.688,-0.00333333333333333,100.986666666667,48.9883333333333,17.4183333333333,94.2316666666666,3.90833333333333,991.705,21.688,-0.00333333333333333,100.986666666667,48.9883333333333,17.4183333333333,94.2316666666666,3.90833333333333,991.705
2016,185,14,30.8336666666667,0.00166666666666667,146.585,68.8016666666667,17.8,94.165,4.76166666666667,990.866666666667,30.8336666666667,0.00166666666666667,146.585,68.8016666666667,17.8,94.165,4.76166666666667,990.866666666667
2016,185,15,41.7308333333333,0.0616666666666667,121.73,53.4866666666666,18.3316666666667,93.7683333333333,3.845,990.264999999999,41.7308333333333,0.0616666666666667,121.73,53.4866666666666,18.3316666666667,93.7683333333333,3.845,990.264999999999
2016,185,16,53.131,0.366666666666667,95.675,41.0033333333334,18.4933333333333,93.6033333333334,4.915,989.02,53.131,0.366666666666667,95.675,41.0033333333334,18.4933333333333,93.6033333333334,4.915,989.02
2016,185,17,64.537,0.183333333333333,53.5116666666667,22.8683333333333,18.5066666666667,94.0183333333333,4.28333333333333,988.556666666666,64.537,0.183333333333333,53.5116666666667,22.8683333333333,18.5066666666667,94.0183333333333,4.28333333333333,988.556666666666
2016,185,18,75.6416666666667,0.0166666666666667,15.3116666666667,6.715,18.5866666666667,94.54,3.43666666666667,988.765,75.6416666666667,0.0166666666666667,15.3116666666667,6.715,18.5866666666667,94.54,3.43666666666667,988.765
2016,185,19,86.0441666666667,0.00666666666666667,6.03,2.57833333333333,18.53,95.0433333333333,2.88833333333333,989.096666666665,86.0441666666667,0.00666666666666667,6.03,2.57833333333333,18.53,95.0433333333333,2.88833333333333,989.096666666665
2016,185,20,96.02,0,-0.301666666666667,0.00666666666666667,18.3716666666666,96.2016666666667,2.73166666666667,989.178333333333,96.02,0,-0.301666666666667,0.00666666666666667,18.3716666666666,96.2016666666667,2.73166666666667,989.178333333333
2016,185,21,104.486666666667,0,-0.391666666666666,0,18.3316666666667,96.7166666666667,2.62666666666667,989.408333333334,104.486666666667,0,-0.391666666666666,0,18.3316666666667,96.7166666666667,2.62666666666667,989.408333333334
2016,185,22,111.176333333333,0,-0.251666666666667,0,18.4,96.9433333333334,2.80333333333333,989.259999999999,111.176333333333,0,-0.251666666666667,0,18.4,96.9433333333334,2.80333333333333,989.259999999999
2016,185,23,115.511666666667,0.00333333333333333,-0.145,0,18.27,97.2,2.89,988.858333333333,115.511666666667,0.00333333333333333,-0.145,0,18.27,97.2,2.89,988.858333333333
2016,186,0,116.989666666667,0,-0.105,0,18.0233333333333,97.5283333333334,3.29666666666667,988.426666666667,116.989666666667,0,-0.105,0,18.0233333333333,97.5283333333334,3.29666666666667,988.426666666667
2016,186,1,115.413166666667,0,-0.108333333333333,0,17.84,97.6966666666666,3.07,987.838333333333,115.413166666667,0,-0.108333333333333,0,17.84,97.6966666666666,3.07,987.838333333333
2016,186,2,110.993166666667,0,-0.238333333333333,0,17.8266666666667,97.6999999999999,2.41833333333333,987.553333333333,110.993166666667,0,-0.238333333333333,0,17.8266666666667,97.6999999999999,2.41833333333333,987.553333333333
2016,186,3,104.233833333333,0,-0.393333333333333,0,17.745,97.6933333333332,2.40833333333333,987.541666666667,104.233833333333,0,-0.393333333333333,0,17.745,97.6933333333332,2.40833333333333,987.541666666667
2016,186,4,95.7203333333333,0,0.131666666666667,0.0766666666666667,17.7,97.6999999999999,2.78166666666667,987.366666666666,95.7203333333333,0,0.131666666666667,0.0766666666666667,17.7,97.6999999999999,2.78166666666667,987.366666666666
2016,186,5,85.7066666666667,0,8.53,3.50166666666667,17.7533333333333,97.7516666666667,2.56666666666667,987.286666666667,85.7066666666667,0,8.53,3.50166666666667,17.7533333333333,97.7516666666667,2.56666666666667,987.286666666667
2016,186,6,75.2871666666667,0,32.565,13.8866666666667,17.8866666666667,97.7866666666667,2.89333333333333,987.553333333333,75.2871666666667,0,32.565,13.8866666666667,17.8866666666667,97.7866666666667,2.89333333333333,987.553333333333
2016,186,7,64.1703333333333,0.00166666666666667,70.1416666666667,30.1683333333333,18.135,97.765,3.11,987.326666666666,64.1703333333333,0.00166666666666667,70.1416666666667,30.1683333333333,18.135,97.765,3.11,987.326666666666
2016,186,8,52.7623333333333,0.0933333333333334,126.071666666667,53.185,18.6933333333333,97.525,2.93166666666667,987.121666666665,52.7623333333333,0.0933333333333334,126.071666666667,53.185,18.6933333333333,97.525,2.93166666666667,987.121666666665
2016,186,9,41.3761666666667,0.355,194.855,81.4833333333333,19.45,96.1333333333333,3.03333333333333,986.761666666666,41.3761666666667,0.355,194.855,81.4833333333333,19.45,96.1333333333333,3.03333333333333,986.761666666666
2016,186,10,30.5215,1.18166666666667,321.715,136.955,20.52,90.4816666666667,3.07833333333333,986.456666666668,30.5215,1.18166666666667,321.715,136.955,20.52,90.4816666666667,3.07833333333333,986.456666666668
2016,186,11,21.5021666666667,0.573333333333333,212.363333333333,92.9366666666667,21.1433333333333,87.415,2.37,986.488333333333,21.5021666666667,0.573333333333333,212.363333333333,92.9366666666667,21.1433333333333,87.415,2.37,986.488333333333
2016,186,12,17.6426666666667,0.206666666666667,247.893333333333,107.771666666667,21.1,90.2683333333333,1.40166666666667,986.373333333335,17.6426666666667,0.206666666666667,247.893333333333,107.771666666667,21.1,90.2683333333333,1.40166666666667,986.373333333335
2016,186,13,21.7426666666667,0.436666666666666,254.981666666667,112.475,21.39,89.9,1.33333333333333,986.31,21.7426666666667,0.436666666666666,254.981666666667,112.475,21.39,89.9,1.33333333333333,986.31
2016,186,14,30.8638333333333,16.23,506.665,229.813333333333,22.91,83.7266666666667,0.868333333333333,986.041666666667,30.8638333333333,16.23,506.665,229.813333333333,22.91,83.7266666666667,0.868333333333333,986.041666666667
2016,186,15,41.7508333333333,6.625,367.811666666667,159.561666666667,23.7616666666667,79.8883333333333,1.04333333333333,985.713333333333,41.7508333333333,6.625,367.811666666667,159.561666666667,23.7616666666667,79.8883333333333,1.04333333333333,985.713333333333
2016,186,16,53.1485,2.22881355932204,263.065,112.41,24.1616666666667,78.9200000000001,0.8,985.268333333332,53.1485,2.22881355932204,263.065,112.41,24.1616666666667,78.9200000000001,0.8,985.268333333332
2016,186,17,64.5563333333333,0.4,90.3233333333333,38.1466666666667,23.9766666666667,80.585,0.876271186440678,985.266666666668,64.5563333333333,0.4,90.3233333333333,38.1466666666667,23.9766666666667,80.585,0.876271186440678,985.266666666668
2016,186,18,75.666,218.221666666667,76.8166666666667,51.3466666666667,24.5766666666667,79.1916666666666,0.329824561403509,985.276666666666,75.666,218.221666666667,76.8166666666667,51.3466666666667,24.5766666666667,79.1916666666666,0.329824561403509,985.276666666666
2016,186,19,86.0871666666667,87.2266666666666,24.6566666666667,15.7333333333333,23.6433333333333,82.6833333333333,0.891666666666667,985.223333333333,86.0871666666667,87.2266666666666,24.6566666666667,15.7333333333333,23.6433333333333,82.6833333333333,0.891666666666667,985.223333333333
2016,186,20,96.0621666666667,0.451666666666666,0.126666666666667,0.201666666666667,22.5116666666667,89.1066666666667,1.31666666666667,985.271666666667,96.0621666666667,0.451666666666666,0.126666666666667,0.201666666666667,22.5116666666667,89.1066666666667,1.31666666666667,985.271666666667
2016,186,21,104.540666666667,0.4,-0.29,0,22.22,89.6733333333333,1.31333333333333,985.746666666668,104.540666666667,0.4,-0.29,0,22.22,89.6733333333333,1.31333333333333,985.746666666668
2016,186,22,111.2455,0.4,-0.35,0,22.1083333333333,89.6683333333334,1.825,985.908333333334,111.2455,0.4,-0.35,0,22.1083333333333,89.6683333333334,1.825,985.908333333334
2016,186,23,115.593833333333,0.4,-0.398333333333333,0,21.3533333333333,93.585,1.68166666666667,986.1,115.593833333333,0.4,-0.398333333333333,0,21.3533333333333,93.585,1.68166666666667,986.1
2016,187,0,117.083333333333,0.4,-0.375,0,21.0366666666667,94.6899999999999,1.26333333333333,986.463333333333,117.083333333333,0.4,-0.375,0,21.0366666666667,94.6899999999999,1.26333333333333,986.463333333333
2016,187,1,115.5135,0.4,-0.311666666666667,0,21.0183333333333,94.9716666666666,0.853333333333334,986.503333333333,115.5135,0.4,-0.311666666666667,0,21.0183333333333,94.9716666666666,0.853333333333334,986.503333333333
2016,187,2,111.094666666667,0.4,-0.323333333333333,0,20.9333333333333,94.9400000000001,0.965,986.476666666667,111.094666666667,0.4,-0.323333333333333,0,20.9333333333333,94.9400000000001,0.965,986.476666666667
2016,187,3,104.334166666667,0.423333333333333,-0.3,0,20.755,95.4083333333334,1.65833333333333,986.750000000001,104.334166666667,0.423333333333333,-0.3,0,20.755,95.4083333333334,1.65833333333333,986.750000000001
2016,187,4,95.817,0.4,0.1,0.125,20.78,95.3966666666667,0.621666666666667,987.086666666666,95.817,0.4,0.1,0.125,20.78,95.3966666666667,0.621666666666667,987.086666666666
2016,187,5,85.8065,0.423333333333333,16.0366666666667,7.05333333333334,20.6983333333334,95.315,1.38833333333333,987.776666666667,85.8065,0.423333333333333,16.0366666666667,7.05333333333334,20.6983333333334,95.315,1.38833333333333,987.776666666667
2016,187,6,75.3775,0.35,83.9116666666667,35.7033333333333,21.0566666666667,95.3533333333334,1.60833333333333,988.126666666665,75.3775,0.35,83.9116666666667,35.7033333333333,21.0566666666667,95.3533333333334,1.60833333333333,988.126666666665
2016,187,7,64.2565,70.5183333333333,197.405,102.458333333333,22.245,91.47,1.73,988.171666666666,64.2565,70.5183333333333,197.405,102.458333333333,22.245,91.47,1.73,988.171666666666
2016,187,8,52.849,418.1,253.486666666667,219.263793103448,24.0666666666667,81.255,2.38166666666667,988.17,52.849,418.1,253.486666666667,219.263793103448,24.0666666666667,81.255,2.38166666666667,988.17
2016,187,9,41.465,31.8466666666667,374.606666666667,169.095,24.4133333333333,80.1183333333333,2.64666666666667,988.370000000001,41.465,31.8466666666667,374.606666666667,169.095,24.4133333333333,80.1183333333333,2.64666666666667,988.370000000001
2016,187,10,30.6161666666667,429.081666666667,382.121666666667,326.266666666667,25.3583333333333,73.3483333333334,3.23833333333333,988.453333333333,30.6161666666667,429.081666666667,382.121666666667,326.266666666667,25.3583333333333,73.3483333333334,3.23833333333333,988.453333333333
2016,187,11,21.6036666666667,423.991666666667,360.303333333333,330.046666666667,26.1283333333333,69.4883333333333,3.39333333333333,988.436666666668,21.6036666666667,423.991666666667,360.303333333333,330.046666666667,26.1283333333333,69.4883333333333,3.39333333333333,988.436666666668
2016,187,12,17.7378333333333,649.713333333333,277.955,392.759322033898,26.7566666666667,66.81,3.82166666666667,988.083333333333,17.7378333333333,649.713333333333,277.955,392.759322033898,26.7566666666667,66.81,3.82166666666667,988.083333333333
2016,187,13,21.8031666666667,652.336666666667,231.678333333333,371.844642857143,27.24,65.875,3.45,987.505000000001,21.8031666666667,652.336666666667,231.678333333333,371.844642857143,27.24,65.875,3.45,987.505000000001
2016,187,14,30.8991666666667,684.511666666667,234.9,358.753333333333,27.7883333333333,64.34,3.705,987.311666666667,30.8991666666667,684.511666666667,234.9,358.753333333333,27.7883333333333,64.34,3.705,987.311666666667
2016,187,15,41.7755,657.888333333333,175.261666666667,290.53,28.0066666666667,62.72,3.59166666666667,986.973333333334,41.7755,657.888333333333,175.261666666667,290.53,28.0066666666667,62.72,3.59166666666667,986.973333333334
2016,187,16,53.1713333333333,638.55,152.475,233.345,28.1716666666667,63.4133333333333,3.005,986.688333333333,53.1713333333333,638.55,152.475,233.345,28.1716666666667,63.4133333333333,3.005,986.688333333333
2016,187,17,64.5811666666667,578.933333333333,113.27,156.641666666667,28.1333333333333,65.0683333333333,3.11833333333333,986.353333333334,64.5811666666667,578.933333333333,113.27,156.641666666667,28.1333333333333,65.0683333333333,3.11833333333333,986.353333333334
2016,187,18,75.6958333333333,495.171666666667,59.495,79.0716666666666,27.635,69.2933333333333,3.09166666666667,986.231666666666,75.6958333333333,495.171666666667,59.495,79.0716666666666,27.635,69.2933333333333,3.09166666666667,986.231666666666
2016,187,19,86.1226666666667,128.773333333333,20.99,15.61,26.0666666666667,78.8183333333333,2.46,986.259999999999,86.1226666666667,128.773333333333,20.99,15.61,26.0666666666667,78.8183333333333,2.46,986.259999999999
2016,187,20,96.1105,0.4,-0.0950000000000001,0.155,24.705,83.1616666666666,2.565,986.134999999999,96.1105,0.4,-0.0950000000000001,0.155,24.705,83.1616666666666,2.565,986.134999999999
2016,187,21,104.602333333333,0.205,-0.4,0,23.675,85.4083333333333,2.98833333333333,986.403333333334,104.602333333333,0.205,-0.4,0,23.675,85.4083333333333,2.98833333333333,986.403333333334
2016,187,22,111.320833333333,0.0766666666666667,-0.336666666666667,0,23.1983333333333,87.32,2.65166666666667,986.826666666667,111.320833333333,0.0766666666666667,-0.336666666666667,0,23.1983333333333,87.32,2.65166666666667,986.826666666667
2016,187,23,115.683,0.0566666666666667,-0.363333333333333,0,23.1966666666666,88.1333333333334,2.8,986.718333333333,115.683,0.0566666666666667,-0.363333333333333,0,23.1966666666666,88.1333333333334,2.8,986.718333333333
2016,188,0,117.1835,-0.0233333333333333,-0.311666666666667,0,23.5533333333333,88.0233333333333,2.91166666666667,986.411666666666,117.1835,-0.0233333333333333,-0.311666666666667,0,23.5533333333333,88.0233333333333,2.91166666666667,986.411666666666
2016,188,1,115.6205,0.00166666666666667,-0.4,0,23.26,89.8383333333334,3.42666666666667,985.536666666667,115.6205,0.00166666666666667,-0.4,0,23.26,89.8383333333334,3.42666666666667,985.536666666667
2016,188,2,111.203,-0.17,-0.4,0,23.8866666666667,90.6266666666667,3.84666666666667,984.789999999999,111.203,-0.17,-0.4,0,23.8866666666667,90.6266666666667,3.84666666666667,984.789999999999
2016,188,3,104.440333333333,0.0466666666666667,-0.4,0,23.215,93.4183333333334,1.69833333333333,985.435,104.440333333333,0.0466666666666667,-0.4,0,23.215,93.4183333333334,1.69833333333333,985.435
2016,188,4,95.9178333333333,0.01,-0.0816666666666666,0.0583333333333333,22.9316666666667,94.85,2.16833333333333,985.826666666666,95.9178333333333,0.01,-0.0816666666666666,0.0583333333333333,22.9316666666667,94.85,2.16833333333333,985.826666666666
2016,188,5,85.9101666666667,0.571666666666667,0.511666666666667,0.555,21.2866666666667,92.3466666666667,7.73666666666667,987.458333333333,85.9101666666667,0.571666666666667,0.511666666666667,0.555,21.2866666666667,92.3466666666667,7.73666666666667,987.458333333333
2016,188,6,75.469,0.125,4.21666666666667,2.58666666666667,19.9,93.1216666666667,7.78666666666667,989.276666666667,75.469,0.125,4.21666666666667,2.58666666666667,19.9,93.1216666666667,7.78666666666667,989.276666666667
2016,188,7,64.3456666666667,0,15.9733333333333,8.57833333333333,20.0766666666667,92.3016666666666,6.2,990.263333333333,64.3456666666667,0,15.9733333333333,8.57833333333333,20.0766666666667,92.3016666666666,6.2,990.263333333333
2016,188,8,52.938,0,79.895,36.3383333333333,20.25,94.3116666666667,2.65333333333333,989.71,52.938,0,79.895,36.3383333333333,20.25,94.3116666666667,2.65333333333333,989.71
2016,188,9,41.5551666666667,0.611666666666667,196.553333333333,84.0716666666667,20.92,92.0166666666667,3.71666666666667,987.678333333333,41.5551666666667,0.611666666666667,196.553333333333,84.0716666666667,20.92,92.0166666666667,3.71666666666667,987.678333333333
2016,188,10,30.7135,1.3,266.765,114.798333333333,21.8516666666667,88.0066666666667,6.24,985.676666666667,30.7135,1.3,266.765,114.798333333333,21.8516666666667,88.0066666666667,6.24,985.676666666667
2016,188,11,21.7106666666667,1.825,255.071666666667,113.853333333333,22.8866666666667,82.1383333333333,3.46666666666667,984.615,21.7106666666667,1.825,255.071666666667,113.853333333333,22.8866666666667,82.1383333333333,3.46666666666667,984.615
2016,188,12,17.8398333333333,657.038333333333,244.391666666667,384.705,24.8133333333333,75.445,5.21833333333333,984.03,17.8398333333333,657.038333333333,244.391666666667,384.705,24.8133333333333,75.445,5.21833333333333,984.03
2016,188,13,21.8706666666667,149.891666666667,501.72,284.858333333333,26.7183333333333,67.3583333333333,3.57833333333333,984.778333333334,21.8706666666667,149.891666666667,501.72,284.858333333333,26.7183333333333,67.3583333333333,3.57833333333333,984.778333333334
2016,188,14,30.9401666666667,194.503333333333,464.111666666667,276.43,27.5433333333333,68.0533333333333,2.87833333333333,984.893333333333,30.9401666666667,194.503333333333,464.111666666667,276.43,27.5433333333333,68.0533333333333,2.87833333333333,984.893333333333
2016,188,15,41.8058333333333,124.616666666667,394.595,213.643333333333,28.1,68.405,3.85333333333333,985.098333333333,41.8058333333333,124.616666666667,394.595,213.643333333333,28.1,68.405,3.85333333333333,985.098333333333
2016,188,16,53.198,6.8,221.388333333333,97.2166666666667,27.2633333333333,71.7066666666666,4.035,985.586666666666,53.198,6.8,221.388333333333,97.2166666666667,27.2633333333333,71.7066666666666,4.035,985.586666666666
2016,188,17,64.6106666666667,2.14,154.741666666667,67.695,25.885,77.25,3.62666666666667,985.648333333333,64.6106666666667,2.14,154.741666666667,67.695,25.885,77.25,3.62666666666667,985.648333333333
2016,188,18,75.7303333333333,0.4,78.645,34.1033333333333,25.1516666666667,79.52,2.37166666666667,985.883333333334,75.7303333333333,0.4,78.645,34.1033333333333,25.1516666666667,79.52,2.37166666666667,985.883333333334
2016,188,19,86.1623333333333,32.075,18.9616666666667,9.79032258064516,24.2983333333333,86.3383333333334,1.96666666666667,986.136666666666,86.1623333333333,32.075,18.9616666666667,9.79032258064516,24.2983333333333,86.3383333333334,1.96666666666667,986.136666666666
2016,188,20,96.1643333333333,0.4,-0.0550000000000001,0.0883333333333333,23.52,90.755,0.891666666666667,985.913333333334,96.1643333333333,0.4,-0.0550000000000001,0.0883333333333333,23.52,90.755,0.891666666666667,985.913333333334
2016,188,21,104.669333333333,0.4,-0.4,0,23.1683333333333,89.2316666666666,1.61833333333333,986.084999999999,104.669333333333,0.4,-0.4,0,23.1683333333333,89.2316666666666,1.61833333333333,986.084999999999
2016,188,22,111.402666666667,0.395,-0.4,0,22.115,92.0333333333333,1.70666666666667,985.863333333334,111.402666666667,0.395,-0.4,0,22.115,92.0333333333333,1.70666666666667,985.863333333334
2016,188,23,115.778666666667,0.305,-0.4,0,21.1816666666667,94.5083333333333,1.88666666666667,985.671666666666,115.778666666667,0.305,-0.4,0,21.1816666666667,94.5083333333333,1.88666666666667,985.671666666666
2016,189,0,117.290666666667,0.4,-0.4,0,20.5633333333333,95.6966666666667,1.46166666666667,985.805,117.290666666667,0.4,-0.4,0,20.5633333333333,95.6966666666667,1.46166666666667,985.805
2016,189,1,115.7325,0.113333333333333,-0.333333333333333,0,20.09,96.4,1.66333333333333,985.518333333333,115.7325,0.113333333333333,-0.333333333333333,0,20.09,96.4,1.66333333333333,985.518333333333
2016,189,2,111.315833333333,0.0616666666666666,-0.385,0,19.9816666666666,96.4766666666667,2.21333333333333,985.811666666667,111.315833333333,0.0616666666666666,-0.385,0,19.9816666666666,96.4766666666667,2.21333333333333,985.811666666667
2016,189,3,104.549833333333,-0.0183333333333333,-0.38,0,20.095,96.3916666666666,2.16666666666667,986.186666666667,104.549833333333,-0.0183333333333333,-0.38,0,20.095,96.3916666666666,2.16666666666667,986.186666666667
2016,189,4,96.0235,0.23,0.00999999999999994,0.191666666666667,19.325,96.7,1.36833333333333,985.656666666666,96.0235,0.23,0.00999999999999994,0.191666666666667,19.325,96.7,1.36833333333333,985.656666666666
2016,189,5,86.0028333333333,2.225,31.7116666666667,15.2616666666667,18.7766666666667,97.275,1.88333333333333,985.588333333333,86.0028333333333,2.225,31.7116666666667,15.2616666666667,18.7766666666667,97.275,1.88333333333333,985.588333333333
2016,189,6,75.5653333333333,5.60666666666667,119.84,54.3366666666667,19.5216666666667,97.385,2.56833333333333,986.636666666667,75.5653333333333,5.60666666666667,119.84,54.3366666666667,19.5216666666667,97.385,2.56833333333333,986.636666666667
2016,189,7,64.4398333333333,2.60333333333333,211.843333333333,89.4,20.525,97.1433333333333,2.77166666666667,986.101666666667,64.4398333333333,2.60333333333333,211.843333333333,89.4,20.525,97.1433333333333,2.77166666666667,986.101666666667
2016,189,8,53.0295,42.87,314.755,142.863333333333,21.7583333333333,95.5183333333334,3.35166666666667,985.868333333334,53.0295,42.87,314.755,142.863333333333,21.7583333333333,95.5183333333334,3.35166666666667,985.868333333334
2016,189,9,41.6488333333333,41.0583333333334,423.093333333333,192.475,23.4516666666667,86.9116666666666,3.04,985.99,41.6488333333333,41.0583333333334,423.093333333333,192.475,23.4516666666667,86.9116666666666,3.04,985.99
2016,189,10,30.8141666666667,1.095,163.368333333333,71.9593220338983,23.8866666666667,85.1566666666667,4.35,987.416666666667,30.8141666666667,1.095,163.368333333333,71.9593220338983,23.8866666666667,85.1566666666667,4.35,987.416666666667
2016,189,11,21.8231666666667,0.318333333333333,84.0433333333333,39.6216666666667,22.8933333333333,89.41,4.385,986.765,21.8231666666667,0.318333333333333,84.0433333333333,39.6216666666667,22.8933333333333,89.41,4.385,986.765
2016,189,12,17.9471666666667,106.018333333333,509.425,270.116666666667,23.7433333333333,84.6183333333333,5.78,983.345,17.9471666666667,106.018333333333,509.425,270.116666666667,23.7433333333333,84.6183333333333,5.78,983.345
2016,189,13,21.9451666666667,407.228333333334,451.015,365.891666666666,25.995,74.715,7.40833333333333,981.806666666666,21.9451666666667,407.228333333334,451.015,365.891666666666,25.995,74.715,7.40833333333333,981.806666666666
2016,189,14,30.9871666666667,684.521666666667,216.453333333333,354.371666666666,27.1516666666667,70.4666666666666,5.085,982.19,30.9871666666667,684.521666666667,216.453333333333,354.371666666666,27.1516666666667,70.4666666666666,5.085,982.19
2016,189,15,41.8411666666667,649.483333333333,163.966666666667,287.608333333333,27.495,66.655,6.205,983.068333333333,41.8411666666667,649.483333333333,163.966666666667,287.608333333333,27.495,66.655,6.205,983.068333333333
2016,189,16,53.2306666666667,641.161666666667,132.98,232.553333333333,27.7966666666667,69.3483333333333,5.97,983.175,53.2306666666667,641.161666666667,132.98,232.553333333333,27.7966666666667,69.3483333333333,5.97,983.175
2016,189,17,64.6445,403.146666666666,129.99,132.626666666667,27.8216666666667,65.775,6.33166666666667,983.095,64.6445,403.146666666666,129.99,132.626666666667,27.8216666666667,65.775,6.33166666666667,983.095
2016,189,18,75.7698333333333,414.818333333333,64.23,72.5266666666667,27.0433333333333,68.3516666666667,5.48833333333333,983.716666666667,75.7698333333333,414.818333333333,64.23,72.5266666666667,27.0433333333333,68.3516666666667,5.48833333333333,983.716666666667
2016,189,19,86.2211666666667,195.215,18.785,17.3633333333333,25.4533333333333,76.09,4.13,984.698333333333,86.2211666666667,195.215,18.785,17.3633333333333,25.4533333333333,76.09,4.13,984.698333333333
2016,189,20,96.2248333333333,0.398333333333333,-0.121666666666667,0.146666666666667,23.5516666666667,85.745,3.14166666666666,985.693333333334,96.2248333333333,0.398333333333333,-0.121666666666667,0.146666666666667,23.5516666666667,85.745,3.14166666666666,985.693333333334
2016,189,21,104.742166666667,0.208333333333333,-0.4,0,22.705,88.4966666666667,2.82,985.955,104.742166666667,0.208333333333333,-0.4,0,22.705,88.4966666666667,2.82,985.955
2016,189,22,111.490333333333,0.276666666666667,-0.4,0,22.01,89.9083333333333,2.755,985.738333333333,111.490333333333,0.276666666666667,-0.4,0,22.01,89.9083333333333,2.755,985.738333333333
2016,189,23,115.881166666667,0.225,-0.345,0,21.3133333333333,92.845,2.10833333333333,985.39,115.881166666667,0.225,-0.345,0,21.3133333333333,92.845,2.10833333333333,985.39
2016,190,0,117.4035,0.111666666666667,-0.4,0,21.33,93.0083333333333,2.56,985.434999999999,117.4035,0.111666666666667,-0.4,0,21.33,93.0083333333333,2.56,985.434999999999
2016,190,1,115.851166666667,0.133333333333333,-0.4,0,20.9683333333333,93.5383333333333,1.74166666666667,985.488333333333,115.851166666667,0.133333333333333,-0.4,0,20.9683333333333,93.5383333333333,1.74166666666667,985.488333333333
2016,190,2,111.433666666667,0.385,-0.398333333333333,0,20.6366666666667,94.4233333333333,0.866666666666667,985.473333333334,111.433666666667,0.385,-0.398333333333333,0,20.6366666666667,94.4233333333333,0.866666666666667,985.473333333334
2016,190,3,104.664666666667,0.128333333333333,-0.303333333333333,0,20.3866666666667,95.4483333333334,1.72166666666667,984.914999999999,104.664666666667,0.128333333333333,-0.303333333333333,0,20.3866666666667,95.4483333333334,1.72166666666667,984.914999999999
2016,190,4,96.1316666666667,0.123333333333333,0.733333333333333,0.2,20.45,95.6233333333333,1.99833333333333,985.275000000001,96.1316666666667,0.123333333333333,0.733333333333333,0.2,20.45,95.6233333333333,1.99833333333333,985.275000000001
2016,190,5,86.1123333333333,35.5383333333333,34.74,15.77,20.4983333333333,95.7316666666666,0.42,985.75,86.1123333333333,35.5383333333333,34.74,15.77,20.4983333333333,95.7316666666666,0.42,985.75
2016,190,6,75.6631666666667,115.478333333333,121.343333333333,67.1933333333333,21.7,93.8916666666667,0.525,986.28,75.6631666666667,115.478333333333,121.343333333333,67.1933333333333,21.7,93.8916666666667,0.525,986.28
2016,190,7,64.5348333333333,232.813333333333,212.371666666667,132.076666666667,23.6766666666667,89.3666666666667,1.40333333333333,986.58,64.5348333333333,232.813333333333,212.371666666667,132.076666666667,23.6766666666667,89.3666666666667,1.40333333333333,986.58
2016,190,8,53.1236666666667,297.236666666667,272.733333333333,201.366666666667,25.0083333333333,84.725,2.09333333333333,986.325000000001,53.1236666666667,297.236666666667,272.733333333333,201.366666666667,25.0083333333333,84.725,2.09333333333333,986.325000000001
2016,190,9,41.7448333333333,740.26,152.821666666667,314.038333333333,26.22,75.86,3.895,986.108333333333,41.7448333333333,740.26,152.821666666667,314.038333333333,26.22,75.86,3.895,986.108333333333
2016,190,10,30.9175,875.763333333333,108.961666666667,377.336666666667,27.0866666666667,72.6766666666667,4.97666666666667,985.696666666667,30.9175,875.763333333333,108.961666666667,377.336666666667,27.0866666666667,72.6766666666667,4.97666666666667,985.696666666667
2016,190,11,21.9396666666667,874.873333333333,132.976666666667,411.641666666667,27.765,69.705,5.23666666666667,985.81,21.9396666666667,874.873333333333,132.976666666667,411.641666666667,27.765,69.705,5.23666666666667,985.81
2016,190,12,18.0625,700.506666666667,234.43,390.258333333333,28.585,66.525,5.455,986.198333333333,18.0625,700.506666666667,234.43,390.258333333333,28.585,66.525,5.455,986.198333333333
2016,190,13,22.0246666666667,651.483333333333,231.516666666667,364.18,28.9366666666667,64.155,6,986.313333333334,22.0246666666667,651.483333333333,231.516666666667,364.18,28.9366666666667,64.155,6,986.313333333334
2016,190,14,31.04,684.64,225.858333333333,352.413333333333,29.2733333333333,60.8083333333333,6.715,986.163333333333,31.04,684.64,225.858333333333,352.413333333333,29.2733333333333,60.8083333333333,6.715,986.163333333333
2016,190,15,41.8815,807.833333333333,130.34,314.998333333333,28.94,58.3333333333333,7.11,985.961666666667,41.8815,807.833333333333,130.34,314.998333333333,28.94,58.3333333333333,7.11,985.961666666667
2016,190,16,53.2678333333333,833.53,75.6716666666667,247.973333333333,28.175,53.9683333333333,6.80833333333333,985.976666666667,53.2678333333333,833.53,75.6716666666667,247.973333333333,28.175,53.9683333333333,6.80833333333333,985.976666666667
2016,190,17,64.6843333333333,757.628333333334,64.9433333333334,166.608333333333,27.5916666666667,52.3533333333334,4.67666666666667,985.905000000001,64.6843333333333,757.628333333334,64.9433333333334,166.608333333333,27.5916666666667,52.3533333333334,4.67666666666667,985.905000000001
2016,190,18,75.8158333333333,565.325,50.885,80.4133333333333,26.645,57.7883333333333,3.71333333333333,986.55,75.8158333333333,565.325,50.885,80.4133333333333,26.645,57.7883333333333,3.71333333333333,986.55
2016,190,19,86.2713333333333,148.853333333333,17.7533333333333,13.7166666666667,24.7316666666667,68.0216666666667,3.14166666666667,987.526666666667,86.2713333333333,148.853333333333,17.7533333333333,13.7166666666667,24.7316666666667,68.0216666666667,3.14166666666667,987.526666666667
2016,190,20,96.2901666666667,0.366666666666667,-0.0400000000000001,0.14,22.2866666666667,78.9333333333333,3.33,988.155,96.2901666666667,0.366666666666667,-0.0400000000000001,0.14,22.2866666666667,78.9333333333333,3.33,988.155
2016,190,21,104.821333333333,0.0366666666666667,-0.4,0,21.4333333333333,81.1733333333333,3.03,988.328333333333,104.821333333333,0.0366666666666667,-0.4,0,21.4333333333333,81.1733333333333,3.03,988.328333333333
2016,190,22,111.585333333333,0.256666666666667,-0.398333333333333,0,20.5683333333333,83.6,2.46666666666667,988.074999999999,111.585333333333,0.256666666666667,-0.398333333333333,0,20.5683333333333,83.6,2.46666666666667,988.074999999999
2016,190,23,115.989833333333,0.3,-0.4,0,19.975,85.5133333333333,2.97333333333333,988.425,115.989833333333,0.3,-0.4,0,19.975,85.5133333333333,2.97333333333333,988.425
2016,191,0,117.523,-0.251666666666667,-0.398333333333333,0,19.4916666666667,87.835,3.485,988.74,117.523,-0.251666666666667,-0.398333333333333,0,19.4916666666667,87.835,3.485,988.74
2016,191,1,115.975166666667,-0.0983333333333333,-0.4,0,19.3933333333333,86.205,3.34,988.883333333334,115.975166666667,-0.0983333333333333,-0.4,0,19.3933333333333,86.205,3.34,988.883333333334
2016,191,2,111.557833333333,0.198333333333333,-0.4,0,18.355,88.64,2.42833333333333,989.124999999999,111.557833333333,0.198333333333333,-0.4,0,18.355,88.64,2.42833333333333,989.124999999999
2016,191,3,104.783666666667,0.0616666666666666,-0.4,0,17.7966666666667,89.425,1.81833333333333,989.55,104.783666666667,0.0616666666666666,-0.4,0,17.7966666666667,89.425,1.81833333333333,989.55
2016,191,4,96.245,-0.0116666666666667,0.31,0.2,17.43,88.6283333333333,2.29166666666667,990.048333333333,96.245,-0.0116666666666667,0.31,0.2,17.43,88.6283333333333,2.29166666666667,990.048333333333
2016,191,5,86.224,195.25,20.305,19.8066666666667,17.1533333333333,90.0583333333333,2.13833333333333,990.48,86.224,195.25,20.305,19.8066666666667,17.1533333333333,90.0583333333333,2.13833333333333,990.48
2016,191,6,75.764,545.843333333333,55.4766666666667,84.4516666666667,18.6816666666667,87.4283333333333,2.73833333333333,990.78,75.764,545.843333333333,55.4766666666667,84.4516666666667,18.6816666666667,87.4283333333333,2.73833333333333,990.78
2016,191,7,64.633,659.725,91.14,163.285,20.235,82.6433333333333,3.72166666666667,991.291666666667,64.633,659.725,91.14,163.285,20.235,82.6433333333333,3.72166666666667,991.291666666667
2016,191,8,53.22,714.16,124.726666666667,240.29,21.1666666666667,76.8033333333334,4.00166666666667,991.706666666667,53.22,714.16,124.726666666667,240.29,21.1666666666667,76.8033333333334,4.00166666666667,991.706666666667
2016,191,9,41.8438333333333,751.905,165.215,315.825,22.2383333333333,71.97,4.08,991.828333333334,41.8438333333333,751.905,165.215,315.825,22.2383333333333,71.97,4.08,991.828333333334
2016,191,10,31.0241666666667,819.111666666666,169.481666666667,377.411666666667,23.0833333333333,67.0083333333333,5.08666666666667,991.908333333334,31.0241666666667,819.111666666666,169.481666666667,377.411666666667,23.0833333333333,67.0083333333333,5.08666666666667,991.908333333334
2016,191,11,22.0613333333333,703.968333333333,232.445,381.878333333333,23.8933333333333,63.5366666666667,4.475,992,22.0613333333333,703.968333333333,232.445,381.878333333333,23.8933333333333,63.5366666666667,4.475,992
2016,191,12,18.182,621.931666666667,299.933333333333,384.528333333333,24.3466666666667,62.6366666666666,4.06666666666667,992.041666666666,18.182,621.931666666667,299.933333333333,384.528333333333,24.3466666666667,62.6366666666666,4.06666666666667,992.041666666666
2016,191,13,22.1121666666667,656.471666666667,258.873333333333,376.718333333333,24.84,60.36,3.495,991.893333333335,22.1121666666667,656.471666666667,258.873333333333,376.718333333333,24.84,60.36,3.495,991.893333333335
2016,191,14,31.0978333333333,539.376666666667,308.511666666667,331.76,25.3183333333333,59.0266666666667,3.37666666666667,991.843333333334,31.0978333333333,539.376666666667,308.511666666667,331.76,25.3183333333333,59.0266666666667,3.37666666666667,991.843333333334
2016,191,15,41.928,370.311666666667,256.778333333333,229.788333333333,25.39,58.9233333333334,3.075,991.813333333334,41.928,370.311666666667,256.778333333333,229.788333333333,25.39,58.9233333333334,3.075,991.813333333334
2016,191,16,53.3105,465.425,180.575,193.18,25.3766666666667,60.1133333333333,3.055,991.663333333333,53.3105,465.425,180.575,193.18,25.3766666666667,60.1133333333333,3.055,991.663333333333
2016,191,17,64.728,695.018333333334,94.0716666666667,168.49,25.6216666666667,55.9183333333333,3.42666666666667,991.116666666667,64.728,695.018333333334,94.0716666666667,168.49,25.6216666666667,55.9183333333333,3.42666666666667,991.116666666667
2016,191,18,75.8656666666667,442.633333333333,74.3066666666667,79.5316666666667,25.1783333333333,59.5183333333333,2.69666666666667,990.99,75.8656666666667,442.633333333333,74.3066666666667,79.5316666666667,25.1783333333333,59.5183333333333,2.69666666666667,990.99
2016,191,19,86.3265,123.34,23.88,14.6466666666667,23.8966666666667,69.815,1.305,991.211666666667,86.3265,123.34,23.88,14.6466666666667,23.8966666666667,69.815,1.305,991.211666666667
2016,191,20,96.3618333333333,0.428333333333333,0.240000000000001,0.168333333333333,22.7916666666666,73.2883333333333,0.492682926829268,991.551666666667,96.3618333333333,0.428333333333333,0.240000000000001,0.168333333333333,22.7916666666666,73.2883333333333,0.492682926829268,991.551666666667
2016,191,21,104.9065,0.316666666666667,-0.388333333333333,0,21.925,76.1433333333333,1.93333333333333,992.19,104.9065,0.316666666666667,-0.388333333333333,0,21.925,76.1433333333333,1.93333333333333,992.19
2016,191,22,111.686333333333,0.398333333333333,-0.4,0,19.5633333333333,84.25,3.08166666666667,992.855000000001,111.686333333333,0.398333333333333,-0.4,0,19.5633333333333,84.25,3.08166666666667,992.855000000001
2016,191,23,116.1055,0.148333333333333,-0.4,0,18.9183333333333,84.975,2.93833333333333,993.031666666666,116.1055,0.148333333333333,-0.4,0,18.9183333333333,84.975,2.93833333333333,993.031666666666
2016,192,0,117.6495,0.27,-0.4,0,18.335,85.69,2.55333333333333,992.803333333333,117.6495,0.27,-0.4,0,18.335,85.69,2.55333333333333,992.803333333333
2016,192,1,116.1055,0.305,-0.4,0,17.9466666666667,86.52,1.53818181818182,992.671666666666,116.1055,0.305,-0.4,0,17.9466666666667,86.52,1.53818181818182,992.671666666666
2016,192,2,111.686333333333,0.395,-0.4,0,17.6083333333333,87.8033333333334,1.09333333333333,992.599999999999,111.686333333333,0.395,-0.4,0,17.6083333333333,87.8033333333334,1.09333333333333,992.599999999999
2016,192,3,104.906166666667,0.225,-0.4,0,16.74,90.5083333333334,1.04333333333333,992.865000000001,104.906166666667,0.225,-0.4,0,16.74,90.5083333333334,1.04333333333333,992.865000000001
2016,192,4,96.362,0.358333333333333,0.0466666666666666,0.151666666666667,16.5,92.57,1.10181818181818,992.848333333333,96.362,0.358333333333333,0.0466666666666666,0.151666666666667,16.5,92.57,1.10181818181818,992.848333333333
2016,192,5,86.3271666666667,149.401666666667,19.9466666666667,18.185,16.6566666666667,91.0633333333333,1.555,993.111666666667,86.3271666666667,149.401666666667,19.9466666666667,18.185,16.6566666666667,91.0633333333333,1.555,993.111666666667
2016,192,6,75.8673333333333,569.27,49.7583333333333,86.455,18.4283333333333,84.82,1.05166666666667,993.579999999999,75.8673333333333,569.27,49.7583333333333,86.455,18.4283333333333,84.82,1.05166666666667,993.579999999999
2016,192,7,64.733,750.743333333333,66.3733333333333,166.473333333333,20.9033333333333,74.4316666666667,1.87666666666667,993.623333333333,64.733,750.743333333333,66.3733333333333,166.473333333333,20.9033333333333,74.4316666666667,1.87666666666667,993.623333333333
2016,192,8,53.3188333333333,833.65,77.9883333333334,248.978333333333,22.1083333333333,64.8616666666667,3.245,993.411666666667,53.3188333333333,833.65,77.9883333333334,248.978333333333,22.1083333333333,64.8616666666667,3.245,993.411666666667
2016,192,9,41.9455,886.463333333333,83.88,321.34,23.2,61.5316666666667,3.515,992.93,41.9455,886.463333333333,83.88,321.34,23.2,61.5316666666667,3.515,992.93
2016,192,10,31.1355,921.591666666667,86.3516666666667,377.808333333333,24.125,58.7633333333333,3.525,992.698333333333,31.1355,921.591666666667,86.3516666666667,377.808333333333,24.125,58.7633333333333,3.525,992.698333333333
2016,192,11,22.1871666666667,930.61,94.3433333333333,412.191666666667,24.9366666666667,58.5633333333333,2.915,992.491666666666,22.1871666666667,930.61,94.3433333333333,412.191666666667,24.9366666666667,58.5633333333333,2.915,992.491666666666
2016,192,12,18.3098333333333,926.725,105.235,425.613333333333,25.8916666666667,57.535,2.49833333333333,992.303333333332,18.3098333333333,926.725,105.235,425.613333333333,25.8916666666667,57.535,2.49833333333333,992.303333333332
2016,192,13,22.2053333333333,799.15,179.453333333333,399.483333333333,26.6283333333333,54.755,1.975,991.908333333334,22.2053333333333,799.15,179.453333333333,399.483333333333,26.6283333333333,54.755,1.975,991.908333333334
2016,192,14,31.1628333333333,767.575,184.928333333333,367.605,27.3933333333333,54.175,1.55166666666667,991.471666666668,31.1628333333333,767.575,184.928333333333,367.605,27.3933333333333,54.175,1.55166666666667,991.471666666668
2016,192,15,41.978,719.428813559322,164.358333333333,306.353333333333,27.6,55.5283333333333,1.56666666666667,991.039999999999,41.978,719.428813559322,164.358333333333,306.353333333333,27.6,55.5283333333333,1.56666666666667,991.039999999999
2016,192,16,53.3575,716.233928571429,124.858333333333,239.095,27.525,55.65,1.71833333333333,990.478333333334,53.3575,716.233928571429,124.858333333333,239.095,27.525,55.65,1.71833333333333,990.478333333334
2016,192,17,64.778,626.5,103.523333333333,161.523333333333,27.4016666666667,56.145,2.07,990.24,64.778,626.5,103.523333333333,161.523333333333,27.4016666666667,56.145,2.07,990.24
2016,192,18,75.9215,464.935,69.8633333333334,79.5416666666667,26.5233333333333,64.0316666666667,2.915,989.586666666667,75.9215,464.935,69.8633333333334,79.5416666666667,26.5233333333333,64.0316666666667,2.915,989.586666666667
2016,192,19,86.4,109.006666666667,25.24,16.3983333333333,24.4083333333333,74.7666666666667,3.30333333333333,989.066666666666,86.4,109.006666666667,25.24,16.3983333333333,24.4083333333333,74.7666666666667,3.30333333333333,989.066666666666
2016,192,20,96.4386666666667,0.4,-0.173333333333333,0.116666666666667,22.4266666666667,82.8583333333333,2.85333333333333,989.44,96.4386666666667,0.4,-0.173333333333333,0.116666666666667,22.4266666666667,82.8583333333333,2.85333333333333,989.44
2016,192,21,104.9995,0.358333333333333,-0.4,0,21.2566666666667,87.3116666666667,2.775,990.121666666665,104.9995,0.358333333333333,-0.4,0,21.2566666666667,87.3116666666667,2.775,990.121666666665
2016,192,22,111.794,0.103333333333333,-0.4,0,20.44,90.1233333333333,3.10333333333333,990.348333333334,111.794,0.103333333333333,-0.4,0,20.44,90.1233333333333,3.10333333333333,990.348333333334
2016,192,23,116.227333333333,0.105,-0.4,0,20.2166666666667,89.37,2.74666666666667,990.493333333333,116.227333333333,0.105,-0.4,0,20.2166666666667,89.37,2.74666666666667,990.493333333333
2016,193,0,117.781166666667,0.27,-0.4,0,19.8233333333333,90.3883333333334,1.78833333333333,990.648333333333,117.781166666667,0.27,-0.4,0,19.8233333333333,90.3883333333334,1.78833333333333,990.648333333333
2016,193,1,116.241666666667,0.125,-0.4,0,19.435,91.5633333333334,2.665,990.581666666667,116.241666666667,0.125,-0.4,0,19.435,91.5633333333334,2.665,990.581666666667
2016,193,2,111.819833333333,0.0183333333333333,-0.4,0,19.49,91.0066666666666,2.31166666666667,990.443333333334,111.819833333333,0.0183333333333333,-0.4,0,19.49,91.0066666666666,2.31166666666667,990.443333333334
2016,193,3,105.034333333333,0.0516666666666667,-0.4,0,19.135,92.005,2.16666666666667,990.386666666667,105.034333333333,0.0516666666666667,-0.4,0,19.135,92.005,2.16666666666667,990.386666666667
2016,193,4,96.4823333333333,0.00166666666666667,0.0266666666666666,0.12,19.165,91.5583333333333,2.41,990.486666666666,96.4823333333333,0.00166666666666667,0.0266666666666666,0.12,19.165,91.5583333333333,2.41,990.486666666666
2016,193,5,86.4441666666667,90.1316666666667,21.48,13.91,19.265,91.5316666666667,2.71333333333333,990.495,86.4441666666667,90.1316666666667,21.48,13.91,19.265,91.5316666666667,2.71333333333333,990.495
2016,193,6,75.974,466.06,63.8716666666667,77.75,20.7383333333333,88.425,3.315,990.658333333332,75.974,466.06,63.8716666666667,77.75,20.7383333333333,88.425,3.315,990.658333333332
2016,193,7,64.8355,601.766666666667,153.52,176.813333333333,22.9833333333333,83.8566666666667,3.61,990.928333333333,64.8355,601.766666666667,153.52,176.813333333333,22.9833333333333,83.8566666666667,3.61,990.928333333333
2016,193,8,53.4196666666667,700.39,131.573333333333,243.368333333333,24.9,81.0366666666667,4.17166666666667,991.203333333332,53.4196666666667,700.39,131.573333333333,243.368333333333,24.9,81.0366666666667,4.17166666666667,991.203333333332
2016,193,9,42.0493333333333,778.753333333333,133.163333333333,313.866666666667,26.4866666666667,77.0916666666667,4.41166666666666,990.866666666667,42.0493333333333,778.753333333333,133.163333333333,313.866666666667,26.4866666666667,77.0916666666667,4.41166666666666,990.866666666667
2016,193,10,31.2486666666667,790.29,163.721666666667,366.998333333333,27.55,72.84,5.41833333333334,990.406666666667,31.2486666666667,790.29,163.721666666667,366.998333333333,27.55,72.84,5.41833333333334,990.406666666667
2016,193,11,22.3183333333333,728.765,220.03,391.585,28.3666666666667,68.3116666666667,5.37,990.430000000001,22.3183333333333,728.765,220.03,391.585,28.3666666666667,68.3116666666667,5.37,990.430000000001
2016,193,12,18.4433333333333,643.438333333333,268.055,381.99,28.81,66.0966666666666,5.85166666666667,990.146666666666,18.4433333333333,643.438333333333,268.055,381.99,28.81,66.0966666666666,5.85166666666667,990.146666666666
2016,193,13,22.305,648.42,262.608333333333,373.261666666667,29.055,63.925,5.91666666666667,989.698333333333,22.305,648.42,262.608333333333,373.261666666667,29.055,63.925,5.91666666666667,989.698333333333
2016,193,14,31.2331666666667,755.173333333333,215.098333333333,375.625,29.4783333333333,62.1383333333333,5.56833333333333,989.378333333335,31.2331666666667,755.173333333333,215.098333333333,375.625,29.4783333333333,62.1383333333333,5.56833333333333,989.378333333335
2016,193,15,42.0351666666667,639.935,218.38,301.91,29.4266666666667,61.1666666666667,5.76666666666667,989.086666666667,42.0351666666667,639.935,218.38,301.91,29.4266666666667,61.1666666666667,5.76666666666667,989.086666666667
2016,193,16,53.4103333333333,713.935,149.495,249.015,29.405,60.795,5.59,988.481666666668,53.4103333333333,713.935,149.495,249.015,29.405,60.795,5.59,988.481666666668
2016,193,17,64.8311666666667,620.915,115.915,163.441666666667,29.01,63.3266666666667,5.23166666666666,988.221666666666,64.8311666666667,620.915,115.915,163.441666666667,29.01,63.3266666666667,5.23166666666666,988.221666666666
2016,193,18,75.9825,481.128333333333,60.42,75.385,28.2583333333333,66.0133333333333,4.44333333333333,988.253333333335,75.9825,481.128333333333,60.42,75.385,28.2583333333333,66.0133333333333,4.44333333333333,988.253333333335
2016,193,19,86.466,166.566666666667,20.0633333333333,15.3933333333333,26.585,73.215,3.34166666666667,988.253333333333,86.466,166.566666666667,20.0633333333333,15.3933333333333,26.585,73.215,3.34166666666667,988.253333333333
2016,193,20,96.5215,0.365,-0.17,0.125,24.3783333333333,84.4866666666667,3.05,988.494999999999,96.5215,0.365,-0.17,0.125,24.3783333333333,84.4866666666667,3.05,988.494999999999
2016,193,21,105.096,0.116666666666667,-0.4,0,23.52,87.13,3.19166666666667,988.895000000001,105.096,0.116666666666667,-0.4,0,23.52,87.13,3.19166666666667,988.895000000001
2016,193,22,111.908166666667,-0.05,-0.4,0,23.0816666666667,89.24,3.52166666666667,988.744999999999,111.908166666667,-0.05,-0.4,0,23.0816666666667,89.24,3.52166666666667,988.744999999999
2016,193,23,116.356,-0.00166666666666667,-0.4,0,22.46,90.4,3.24833333333333,988.796666666667,116.356,-0.00166666666666667,-0.4,0,22.46,90.4,3.24833333333333,988.796666666667
2016,194,0,117.919333333333,0.0233333333333333,-0.4,0,21.8366666666666,91.48,3.15833333333334,988.458333333334,117.919333333333,0.0233333333333333,-0.4,0,21.8366666666666,91.48,3.15833333333334,988.458333333334
2016,194,1,116.383333333333,-0.115,-0.4,0,21.835,90.825,3.43166666666667,988.201666666666,116.383333333333,-0.115,-0.4,0,21.835,90.825,3.43166666666667,988.201666666666
2016,194,2,111.958833333333,0,-0.4,0,21.74,92.9116666666667,3.19166666666667,987.961666666667,111.958833333333,0,-0.4,0,21.74,92.9116666666667,3.19166666666667,987.961666666667
2016,194,3,105.166833333333,-0.0116666666666667,-0.4,0,21.6683333333334,94.285,2.89833333333333,987.743333333333,105.166833333333,-0.0116666666666667,-0.4,0,21.6683333333334,94.285,2.89833333333333,987.743333333333
2016,194,4,96.605,-0.0366666666666667,-0.0766666666666668,0.116666666666667,21.9183333333333,94.73,3.375,987.336666666667,96.605,-0.0366666666666667,-0.0766666666666668,0.116666666666667,21.9183333333333,94.73,3.375,987.336666666667
2016,194,5,86.5656666666667,24.895,26.455,13.5116666666667,22.1366666666667,94.825,3.12166666666667,987.701666666668,86.5656666666667,24.895,26.455,13.5116666666667,22.1366666666667,94.825,3.12166666666667,987.701666666668
2016,194,6,76.0823333333333,83.035,117.073333333333,60.9,22.7266666666667,94.6016666666666,3.84,988.011666666666,76.0823333333333,83.035,117.073333333333,60.9,22.7266666666667,94.6016666666666,3.84,988.011666666666
2016,194,7,64.9391666666667,138.106666666667,208.795,116.836666666667,23.8733333333333,92.3333333333334,4.53,988.033333333334,64.9391666666667,138.106666666667,208.795,116.836666666667,23.8733333333333,92.3333333333334,4.53,988.033333333334
2016,194,8,53.524,118.138333333333,221.94,122.026666666667,25.425,86.845,4.87166666666667,987.903333333334,53.524,118.138333333333,221.94,122.026666666667,25.425,86.845,4.87166666666667,987.903333333334
2016,194,9,42.1568333333333,547.006666666667,255.075,291.791666666667,26.5316666666667,81.6183333333333,4.97666666666667,987.535,42.1568333333333,547.006666666667,255.075,291.791666666667,26.5316666666667,81.6183333333333,4.97666666666667,987.535
2016,194,10,31.3658333333333,715.671666666667,228.29,366.806666666667,27.72,75.35,4.1,987,31.3658333333333,715.671666666667,228.29,366.806666666667,27.72,75.35,4.1,987
2016,194,11,22.453,826.185,162.521666666667,406.533333333333,28.57,70.1783333333333,6.00833333333333,986.245,22.453,826.185,162.521666666667,406.533333333333,28.57,70.1783333333333,6.00833333333333,986.245
2016,194,12,18.5831666666667,490.465,352.973333333333,360.83,28.81,70.9816666666667,6.18666666666667,985.548333333334,18.5831666666667,490.465,352.973333333333,360.83,28.81,70.9816666666667,6.18666666666667,985.548333333334
2016,194,13,22.4116666666667,176.093333333333,432.273333333333,261.253333333333,28.685,68.9266666666667,5.36833333333333,985.539999999999,22.4116666666667,176.093333333333,432.273333333333,261.253333333333,28.685,68.9266666666667,5.36833333333333,985.539999999999
2016,194,14,31.3083333333333,82.4433333333333,460.748333333333,230.823333333333,28.6366666666667,66.075,5.385,986.439999999999,31.3083333333333,82.4433333333333,460.748333333333,230.823333333333,28.6366666666667,66.075,5.385,986.439999999999
2016,194,15,42.0971666666667,124.445,402.118333333333,214.143333333333,28.4683333333333,63.2116666666667,4.64,986.643333333333,42.0971666666667,124.445,402.118333333333,214.143333333333,28.4683333333333,63.2116666666667,4.64,986.643333333333
2016,194,16,53.4683333333333,256.778333333333,280.151666666667,189.103333333333,28.3433333333333,63.0533333333333,4.71166666666667,986.633333333334,53.4683333333333,256.778333333333,280.151666666667,189.103333333333,28.3433333333333,63.0533333333333,4.71166666666667,986.633333333334
2016,194,17,64.892,149.671666666667,173.245,96.0783333333334,27.8016666666667,67.1366666666667,2.52666666666667,986.863333333334,64.892,149.671666666667,173.245,96.0783333333334,27.8016666666667,67.1366666666667,2.52666666666667,986.863333333334
2016,194,18,76.0475,417.281666666667,125.605,92.0966666666667,28.2116666666667,63.7783333333333,2.23166666666667,986.865000000001,76.0475,417.281666666667,125.605,92.0966666666667,28.2116666666667,63.7783333333333,2.23166666666667,986.865000000001
2016,194,19,86.5488333333333,164.958333333333,29.245,18.2433333333333,27.3283333333333,68.8116666666667,1.96333333333333,987.158333333333,86.5488333333333,164.958333333333,29.245,18.2433333333333,27.3283333333333,68.8116666666667,1.96333333333333,987.158333333333
2016,194,20,96.6103333333333,0.396666666666666,-0.105,0.118333333333333,25.645,78.635,2.73833333333333,988.191666666667,96.6103333333333,0.396666666666666,-0.105,0.118333333333333,25.645,78.635,2.73833333333333,988.191666666667
2016,194,21,105.200666666667,0.4,-0.4,0,23.8916666666666,87.4500000000001,2.495,989.054999999999,105.200666666667,0.4,-0.4,0,23.8916666666666,87.4500000000001,2.495,989.054999999999
2016,194,22,112.028,0.388333333333333,-0.4,0,23.1816666666667,89.9133333333334,2.45166666666667,989.131666666665,112.028,0.388333333333333,-0.4,0,23.1816666666667,89.9133333333334,2.45166666666667,989.131666666665
2016,194,23,116.490666666667,0.4,-0.4,0,22.1883333333333,92.1366666666666,2.2,989.223333333333,116.490666666667,0.4,-0.4,0,22.1883333333333,92.1366666666666,2.2,989.223333333333
2016,195,0,118.064666666667,0.318333333333333,-0.4,0,21.6633333333333,93.705,2.25666666666667,989.239999999999,118.064666666667,0.318333333333333,-0.4,0,21.6633333333333,93.705,2.25666666666667,989.239999999999
2016,195,1,116.531333333333,0.0349999999999999,-0.395,0,21.28,95.0466666666667,2.47833333333333,989.411666666667,116.531333333333,0.0349999999999999,-0.395,0,21.28,95.0466666666667,2.47833333333333,989.411666666667
2016,195,2,112.102666666667,-0.108333333333333,-0.37,0,21.285,95.4683333333333,2.515,989.011666666667,112.102666666667,-0.108333333333333,-0.37,0,21.285,95.4683333333333,2.515,989.011666666667
2016,195,3,105.303,0.118333333333333,-0.4,0,21.325,95.6783333333333,2.375,988.654999999999,105.303,0.118333333333333,-0.4,0,21.325,95.6783333333333,2.375,988.654999999999
2016,195,4,96.7323333333333,-0.0466666666666667,-0.113333333333333,0.095,21.1916666666667,96.025,2.26666666666667,988.689999999999,96.7323333333333,-0.0466666666666667,-0.113333333333333,0.095,21.1916666666667,96.025,2.26666666666667,988.689999999999
2016,195,5,86.6768333333333,1.45666666666667,20.5433333333333,8.22666666666667,21.3983333333333,96.3566666666666,2.54833333333333,988.875,86.6768333333333,1.45666666666667,20.5433333333333,8.22666666666667,21.3983333333333,96.3566666666666,2.54833333333333,988.875
2016,195,6,76.1931666666667,28.9766666666667,131.03,59.925,22.54,95.9066666666666,2.13666666666667,989.328333333333,76.1931666666667,28.9766666666667,131.03,59.925,22.54,95.9066666666666,2.13666666666667,989.328333333333
2016,195,7,65.047,41.38,217.143333333333,100.136666666667,23.9233333333333,92.8083333333333,1.485,989.833333333334,65.047,41.38,217.143333333333,100.136666666667,23.9233333333333,92.8083333333333,1.485,989.833333333334
2016,195,8,53.6291666666667,18.02,193.345,87.42,24.8466666666667,87.05,2.34333333333333,990.033333333334,53.6291666666667,18.02,193.345,87.42,24.8466666666667,87.05,2.34333333333333,990.033333333334
2016,195,9,42.265,0.57,52.5216666666667,25.59,24.36,84.3416666666666,1.36166666666667,989.875,42.265,0.57,52.5216666666667,25.59,24.36,84.3416666666666,1.36166666666667,989.875
2016,195,10,31.4856666666667,7.415,191.386666666667,86.9,23.7783333333334,89.3516666666666,2.485,989.066666666666,31.4856666666667,7.415,191.386666666667,86.9,23.7783333333334,89.3516666666666,2.485,989.066666666666
2016,195,11,22.5925,408.26,452.946666666667,377.448333333333,26.7933333333333,82.11,4.12666666666667,988.386666666668,22.5925,408.26,452.946666666667,377.448333333333,26.7933333333333,82.11,4.12666666666667,988.386666666668
2016,195,12,18.7288333333333,139.561666666667,328.685,200.076666666667,27.6816666666667,77.9733333333333,4.01833333333333,988.175,18.7288333333333,139.561666666667,328.685,200.076666666667,27.6816666666667,77.9733333333333,4.01833333333333,988.175
2016,195,13,22.526,601.993333333333,288.38,368.558333333333,29.205,68.5883333333333,5.255,987.04,22.526,601.993333333333,288.38,368.558333333333,29.205,68.5883333333333,5.255,987.04
2016,195,14,31.391,695.056666666667,228.053333333333,360.51,30.06,62.4266666666667,5.80833333333333,985.613333333334,31.391,695.056666666667,228.053333333333,360.51,30.06,62.4266666666667,5.80833333333333,985.613333333334
2016,195,15,42.164,177.066666666667,280.286666666667,184.391666666667,30.1683333333333,65.0033333333333,5.015,984.91,42.164,177.066666666667,280.286666666667,184.391666666667,30.1683333333333,65.0033333333333,5.015,984.91
2016,195,16,53.5311666666667,0.4,84.0416666666667,37.14,28.8016666666667,73.2866666666667,4.275,983.771666666666,53.5311666666667,0.4,84.0416666666667,37.14,28.8016666666667,73.2866666666667,4.275,983.771666666666
2016,195,17,64.958,1.25,1.71833333333333,1.62833333333333,23.3,87.1483333333333,9.30166666666667,984.768333333333,64.958,1.25,1.71833333333333,1.62833333333333,23.3,87.1483333333333,9.30166666666667,984.768333333333
2016,195,18,76.1188333333333,0.0116666666666667,4.06833333333333,2.31666666666667,21.2083333333333,91.5583333333333,6.77166666666667,986.025,76.1188333333333,0.0116666666666667,4.06833333333333,2.31666666666667,21.2083333333333,91.5583333333333,6.77166666666667,986.025
2016,195,19,86.6251666666667,3.14,7.14,2.32857142857143,21.1866666666667,93.5066666666666,3.325,986.78,86.6251666666667,3.14,7.14,2.32857142857143,21.1866666666667,93.5066666666666,3.325,986.78
2016,195,20,96.7053333333333,0.378333333333333,0.196666666666667,0.0333333333333333,21.0866666666667,94.1783333333334,2.37666666666667,987.226666666667,96.7053333333333,0.378333333333333,0.196666666666667,0.0333333333333333,21.0866666666667,94.1783333333334,2.37666666666667,987.226666666667
2016,195,21,105.310166666667,0.263333333333333,-0.333333333333333,0,20.5816666666667,95.455,2.18666666666667,987.968333333333,105.310166666667,0.263333333333333,-0.333333333333333,0,20.5816666666667,95.455,2.18666666666667,987.968333333333
2016,195,22,112.154166666667,0.01,-0.395,0,20.2733333333333,95.3716666666666,3.56,988.38,112.154166666667,0.01,-0.395,0,20.2733333333333,95.3716666666666,3.56,988.38
2016,195,23,116.632,0.00166666666666667,-0.386666666666666,0,20.08,94.7483333333334,3.98,988.505,116.632,0.00166666666666667,-0.386666666666666,0,20.08,94.7483333333334,3.98,988.505
2016,196,0,118.215166666667,0,-0.2,0,20.025,94.0816666666667,4.6,988.51,118.215166666667,0,-0.2,0,20.025,94.0816666666667,4.6,988.51
2016,196,1,116.683833333333,0,-0.005,0,20.5783333333334,93.5483333333333,4.695,988.13,116.683833333333,0,-0.005,0,20.5783333333334,93.5483333333333,4.695,988.13
2016,196,2,112.250833333333,0,-0.11,0,20.7816666666667,91.2416666666667,5.00833333333333,987.893333333333,112.250833333333,0,-0.11,0,20.7816666666667,91.2416666666667,5.00833333333333,987.893333333333
2016,196,3,105.443333333333,0,-0.208333333333333,0,20.1883333333333,90.4433333333333,3.60833333333333,987.866666666667,105.443333333333,0,-0.208333333333333,0,20.1883333333333,90.4433333333333,3.60833333333333,987.866666666667
2016,196,4,96.8623333333333,0.0766666666666667,-0.0766666666666668,0.0466666666666667,19.255,90.3133333333333,2.87833333333333,987.745,96.8623333333333,0.0766666666666667,-0.0766666666666668,0.0466666666666667,19.255,90.3133333333333,2.87833333333333,987.745
2016,196,5,86.803,9.68,23.9816666666667,10.09,19.525,91.0533333333333,2.47333333333333,988.246666666667,86.803,9.68,23.9816666666667,10.09,19.525,91.0533333333333,2.47333333333333,988.246666666667
2016,196,6,76.3065,29.64,99.4066666666667,46.1116666666667,20.83,85.2516666666666,3.54666666666667,988.67,76.3065,29.64,99.4066666666667,46.1116666666667,20.83,85.2516666666666,3.54666666666667,988.67
2016,196,7,65.156,42.4183333333333,210.523333333333,97.015,21.3316666666667,84.8566666666667,2.97666666666667,988.870000000001,65.156,42.4183333333333,210.523333333333,97.015,21.3316666666667,84.8566666666667,2.97666666666667,988.870000000001
2016,196,8,53.7371666666667,194.176666666667,303.033333333333,182.226666666667,22.305,83.6916666666667,3.64666666666667,989.089999999999,53.7371666666667,194.176666666667,303.033333333333,182.226666666667,22.305,83.6916666666667,3.64666666666667,989.089999999999
2016,196,9,42.377,272.961666666667,385.425,254.895,23.8466666666667,80.1516666666667,4.38833333333333,988.895000000001,42.377,272.961666666667,385.425,254.895,23.8466666666667,80.1516666666667,4.38833333333333,988.895000000001
2016,196,10,31.6093333333333,344.246666666667,420.808333333333,305.385,25.235,76.625,4.07333333333333,988.48,31.6093333333333,344.246666666667,420.808333333333,305.385,25.235,76.625,4.07333333333333,988.48
2016,196,11,22.7371666666667,239.188333333333,427.83,276.69,25.86,76.7983333333333,3.80666666666667,988.451666666666,22.7371666666667,239.188333333333,427.83,276.69,25.86,76.7983333333333,3.80666666666667,988.451666666666
2016,196,12,18.8808333333333,692.39,296.798333333333,409.325,27.1633333333333,74.61,3.97833333333333,988.798333333334,18.8808333333333,692.39,296.798333333333,409.325,27.1633333333333,74.61,3.97833333333333,988.798333333334
2016,196,13,22.646,734.538333333333,220.076666666667,388.306666666667,28.5683333333333,65.32,3.86333333333333,988.315,22.646,734.538333333333,220.076666666667,388.306666666667,28.5683333333333,65.32,3.86333333333333,988.315
2016,196,14,31.4785,781.376666666667,177.123333333333,366.218333333333,29.4183333333333,51.265,4.19833333333333,987.608333333333,31.4785,781.376666666667,177.123333333333,366.218333333333,29.4183333333333,51.265,4.19833333333333,987.608333333333
2016,196,15,42.2368333333333,639.366666666667,207.041666666667,295.025,29.2033333333333,54.5116666666667,4.55666666666667,987.216666666666,42.2368333333333,639.366666666667,207.041666666667,295.025,29.2033333333333,54.5116666666667,4.55666666666667,987.216666666666
2016,196,16,53.5995,362.823333333333,253.246666666667,202.985,28.8233333333333,60.1966666666667,4.47,987.119999999999,53.5995,362.823333333333,253.246666666667,202.985,28.8233333333333,60.1966666666667,4.47,987.119999999999
2016,196,17,65.0283333333333,599.795,106.706666666667,158.673333333333,28.9916666666667,59.3766666666667,3.925,987.505,65.0283333333333,599.795,106.706666666667,158.673333333333,28.9916666666667,59.3766666666667,3.925,987.505
2016,196,18,76.1956666666667,235.803333333333,66.6266666666667,54.6833333333334,27.7516666666667,65.9933333333334,2.79666666666667,987.818333333333,76.1956666666667,235.803333333333,66.6266666666667,54.6833333333334,27.7516666666667,65.9933333333334,2.79666666666667,987.818333333333
2016,196,19,86.7191666666667,132.125,21.6166666666667,15.3183333333333,26.3016666666667,75.1733333333333,2.02666666666667,987.84,86.7191666666667,132.125,21.6166666666667,15.3183333333333,26.3016666666667,75.1733333333333,2.02666666666667,987.84
2016,196,20,96.805,0.4,-0.133333333333333,0.085,24.75,81.3716666666667,2.11166666666667,988.48,96.805,0.4,-0.133333333333333,0.085,24.75,81.3716666666667,2.11166666666667,988.48
2016,196,21,105.425833333333,0.4,-0.4,0,23.1616666666667,83.9650000000001,1.82833333333333,988.933333333334,105.425833333333,0.4,-0.4,0,23.1616666666667,83.9650000000001,1.82833333333333,988.933333333334
2016,196,22,112.286333333333,0.4,-0.4,0,22.235,85.745,1.90333333333333,989.276666666668,112.286333333333,0.4,-0.4,0,22.235,85.745,1.90333333333333,989.276666666668
2016,196,23,116.779666666667,0.4,-0.386666666666667,0,21.9433333333333,86.8766666666667,1.915,989.506666666667,116.779666666667,0.4,-0.386666666666667,0,21.9433333333333,86.8766666666667,1.915,989.506666666667
2016,197,0,118.372166666667,0.4,-0.4,0,21.735,88.7616666666667,2.01,989.516666666666,118.372166666667,0.4,-0.4,0,21.735,88.7616666666667,2.01,989.516666666666
2016,197,1,116.843166666667,0.176666666666667,-0.356666666666667,0,21.24,91.53,2.60833333333333,989.746666666667,116.843166666667,0.176666666666667,-0.356666666666667,0,21.24,91.53,2.60833333333333,989.746666666667
2016,197,2,112.404666666667,0.188333333333333,-0.4,0,20.585,93.5683333333334,2.36,990.034999999999,112.404666666667,0.188333333333333,-0.4,0,20.585,93.5683333333334,2.36,990.034999999999
2016,197,3,105.587166666667,0.33,-0.4,0,20.015,93.9083333333333,1.88833333333333,990.098333333332,105.587166666667,0.33,-0.4,0,20.015,93.9083333333333,1.88833333333333,990.098333333332
2016,197,4,96.9966666666667,0.323333333333333,-0.153333333333333,0.0866666666666667,19.6816666666667,92.8883333333333,1.995,990.063333333333,96.9966666666667,0.323333333333333,-0.153333333333333,0.0866666666666667,19.6816666666667,92.8883333333333,1.995,990.063333333333
2016,197,5,86.9316666666667,136.75,18.1116666666667,16.275,19.2516666666667,93.2,1.35,990.39,86.9316666666667,136.75,18.1116666666667,16.275,19.2516666666667,93.2,1.35,990.39
2016,197,6,76.4225,534.441666666667,52.9266666666667,82.2666666666667,20.76,86.7333333333333,0.503333333333333,990.423333333334,76.4225,534.441666666667,52.9266666666667,82.2666666666667,20.76,86.7333333333333,0.503333333333333,990.423333333334
2016,197,7,65.2675,694.906666666667,81.715,160.333333333333,21.6766666666667,85.34,1.89333333333333,990.84,65.2675,694.906666666667,81.715,160.333333333333,21.6766666666667,85.34,1.89333333333333,990.84
2016,197,8,53.8468333333333,773.185,98.44,240.305,22.7716666666667,74.8433333333333,4.40333333333333,990.983333333334,53.8468333333333,773.185,98.44,240.305,22.7716666666667,74.8433333333333,4.40333333333333,990.983333333334
2016,197,9,42.4908333333333,869.721666666666,90.6216666666667,316.306666666667,23.7166666666667,70.4383333333333,3.375,990.898333333334,42.4908333333333,869.721666666666,90.6216666666667,316.306666666667,23.7166666666667,70.4383333333333,3.375,990.898333333334
2016,197,10,31.7351666666667,892.291666666667,100.02,370.34,24.1766666666667,67.135,3.94,991.111666666665,31.7351666666667,892.291666666667,100.02,370.34,24.1766666666667,67.135,3.94,991.111666666665
2016,197,11,22.8853333333333,861.035,141.943333333333,404.29,24.86,65.78,4.13333333333333,991.193333333332,22.8853333333333,861.035,141.943333333333,404.29,24.86,65.78,4.13333333333333,991.193333333332
2016,197,12,19.0381666666667,802.82,185.441666666667,408.506666666667,25.32,65.4783333333334,5.215,991.406666666667,19.0381666666667,802.82,185.441666666667,408.506666666667,25.32,65.4783333333334,5.215,991.406666666667
2016,197,13,22.7718333333333,749.228333333333,217.063333333333,389.72,25.4783333333333,62.6516666666667,6.54166666666667,991.435000000001,22.7718333333333,749.228333333333,217.063333333333,389.72,25.4783333333333,62.6516666666667,6.54166666666667,991.435000000001
2016,197,14,31.5725,914.475,97.4583333333333,377.965,25.4333333333333,57.245,6.41333333333333,991.416666666667,31.5725,914.475,97.4583333333333,377.965,25.4333333333333,57.245,6.41333333333333,991.416666666667
2016,197,15,42.3148333333333,874.61,86.2916666666667,317.078333333333,25.33,54.85,5.77666666666667,991.011666666667,42.3148333333333,874.61,86.2916666666667,317.078333333333,25.33,54.85,5.77666666666667,991.011666666667
2016,197,16,53.6735,816.483333333333,99.9133333333333,252.371666666667,25.0916666666667,55.705,6.175,990.756666666667,53.6735,816.483333333333,99.9133333333333,252.371666666667,25.0916666666667,55.705,6.175,990.756666666667
2016,197,17,65.1033333333333,526.513333333333,135.743333333333,151.505,24.35,62.7516666666667,4.81,990.785000000001,65.1033333333333,526.513333333333,135.743333333333,151.505,24.35,62.7516666666667,4.81,990.785000000001
2016,197,18,76.2773333333333,460.576666666667,66.9316666666667,73.2616666666666,23.2183333333333,66.345,4.72,990.901666666666,76.2773333333333,460.576666666667,66.9316666666667,73.2616666666666,23.2183333333333,66.345,4.72,990.901666666666
2016,197,19,86.8055,213.165,16.4333333333333,15.2483333333333,21.915,71.4633333333334,2.26166666666667,991.528333333332,86.8055,213.165,16.4333333333333,15.2483333333333,21.915,71.4633333333334,2.26166666666667,991.528333333332
2016,197,20,96.9116666666667,0.4,-0.22,0.0833333333333333,20.62,77.98,1.71,991.696666666667,96.9116666666667,0.4,-0.22,0.0833333333333333,20.62,77.98,1.71,991.696666666667
2016,197,21,105.549,0.4,-0.4,0,19.3866666666667,82.4966666666667,2.70166666666667,992.469999999999,105.549,0.4,-0.4,0,19.3866666666667,82.4966666666667,2.70166666666667,992.469999999999
2016,197,22,112.426166666667,0.361666666666667,-0.393333333333333,0,18.3716666666667,87.45,2.10333333333333,992.786666666667,112.426166666667,0.361666666666667,-0.393333333333333,0,18.3716666666667,87.45,2.10333333333333,992.786666666667
2016,197,23,116.933333333333,0.291666666666667,-0.391666666666666,0,18.1266666666667,90.8066666666667,1.465,993.371666666666,116.933333333333,0.291666666666667,-0.391666666666666,0,18.1266666666667,90.8066666666667,1.465,993.371666666666
2016,198,0,118.536333333333,0.4,-0.396666666666666,0,18.0533333333333,92.2766666666666,1.31666666666667,993.581666666666,118.536333333333,0.4,-0.396666666666666,0,18.0533333333333,92.2766666666666,1.31666666666667,993.581666666666
2016,198,1,117.007,0.246666666666667,-0.351666666666667,0,18.2916666666666,90.5866666666666,1.84,993.356666666668,117.007,0.246666666666667,-0.351666666666667,0,18.2916666666666,90.5866666666666,1.84,993.356666666668
2016,198,2,112.562833333333,0.233333333333333,-0.398333333333333,0,18.2533333333333,90.4183333333333,1.36333333333333,993.255,112.562833333333,0.233333333333333,-0.398333333333333,0,18.2533333333333,90.4183333333333,1.36333333333333,993.255
2016,198,3,105.735,0.391666666666666,-0.4,0,17.8566666666667,91.5183333333333,1.97833333333333,993.491666666666,105.735,0.391666666666666,-0.4,0,17.8566666666667,91.5183333333333,1.97833333333333,993.491666666666
2016,198,4,97.1338333333333,0.4,-0.251666666666667,0.0483333333333333,16.9433333333333,94.4866666666667,1.80666666666667,993.946666666666,97.1338333333333,0.4,-0.251666666666667,0.0483333333333333,16.9433333333333,94.4866666666667,1.80666666666667,993.946666666666
2016,198,5,87.0633333333333,22.1066666666667,13.425,8.23333333333333,16.5066666666667,94.8616666666667,1.05833333333333,994.423333333333,87.0633333333333,22.1066666666667,13.425,8.23333333333333,16.5066666666667,94.8616666666667,1.05833333333333,994.423333333333
2016,198,6,76.5405,440.381666666667,50.1816666666666,73.105,17.495,90.7216666666666,1.51,994.941666666667,76.5405,440.381666666667,50.1816666666666,73.105,17.495,90.7216666666666,1.51,994.941666666667
2016,198,7,65.3805,703.2,74.4766666666667,158.933333333333,19.045,78.6816666666667,3.08,995.199999999999,65.3805,703.2,74.4766666666667,158.933333333333,19.045,78.6816666666667,3.08,995.199999999999
2016,198,8,53.9591666666667,817.348333333333,83.3316666666666,244.886666666667,20.1016666666667,67.8933333333333,3.65833333333333,995.11,53.9591666666667,817.348333333333,83.3316666666666,244.886666666667,20.1016666666667,67.8933333333333,3.65833333333333,995.11
2016,198,9,42.6068333333333,875.931666666667,83.625,315.788333333333,21.265,63.0683333333334,2.575,995.144999999999,42.6068333333333,875.931666666667,83.625,315.788333333333,21.265,63.0683333333334,2.575,995.144999999999
2016,198,10,31.8646666666667,867.551666666667,110.488333333333,367.455,22.4133333333333,60.1933333333333,1.73166666666667,995.36,31.8646666666667,867.551666666667,110.488333333333,367.455,22.4133333333333,60.1933333333333,1.73166666666667,995.36
2016,198,11,23.0386666666667,828.178333333333,155.418333333333,395.095,23.275,60.0916666666667,1.875,995.313333333333,23.0386666666667,828.178333333333,155.418333333333,395.095,23.275,60.0916666666667,1.875,995.313333333333
2016,198,12,19.2031666666667,763.651666666667,237.31,425.837931034483,24.11,59.0533333333334,1.42241379310345,995.031666666667,19.2031666666667,763.651666666667,237.31,425.837931034483,24.11,59.0533333333334,1.42241379310345,995.031666666667
2016,198,13,22.9043333333333,696.416666666666,256.871666666667,393.183928571429,24.7666666666667,58.5616666666667,1.325,994.493333333334,22.9043333333333,696.416666666666,256.871666666667,393.183928571429,24.7666666666667,58.5616666666667,1.325,994.493333333334
2016,198,14,31.6728333333333,660.143333333333,205.303333333333,326.988333333333,24.9433333333333,58.1433333333334,1.66666666666667,993.951666666667,31.6728333333333,660.143333333333,205.303333333333,326.988333333333,24.9433333333333,58.1433333333334,1.66666666666667,993.951666666667
2016,198,15,42.3993333333333,846.846666666667,97.0716666666667,313.171666666667,25.5683333333333,56.255,1.28666666666667,993.430000000001,42.3993333333333,846.846666666667,97.0716666666667,313.171666666667,25.5683333333333,56.255,1.28666666666667,993.430000000001
2016,198,16,53.7525,798.78,77.4783333333333,236.618333333333,25.6566666666667,54.8816666666667,1.16949152542373,993.295000000001,53.7525,798.78,77.4783333333333,236.618333333333,25.6566666666667,54.8816666666667,1.16949152542373,993.295000000001
2016,198,17,65.1841666666667,742.283333333334,63.1983333333333,161.123333333333,25.7383333333333,55.3666666666667,1.01016949152542,992.933333333335,65.1841666666667,742.283333333334,63.1983333333333,161.123333333333,25.7383333333333,55.3666666666667,1.01016949152542,992.933333333335
2016,198,18,76.3645,582.213333333333,45.0366666666667,77.455,25.4416666666667,59.5466666666667,0.940000000000001,992.816666666667,76.3645,582.213333333333,45.0366666666667,77.455,25.4416666666667,59.5466666666667,0.940000000000001,992.816666666667
2016,198,19,86.91,196.666666666667,16.445,14.3483333333333,24.255,66.1083333333333,1.48333333333333,993.263333333334,86.91,196.666666666667,16.445,14.3483333333333,24.255,66.1083333333333,1.48333333333333,993.263333333334
2016,198,20,97.0233333333333,0.4,-0.265,0.0716666666666667,22.6833333333333,73.4166666666667,2.05833333333333,993.785,97.0233333333333,0.4,-0.265,0.0716666666666667,22.6833333333333,73.4166666666667,2.05833333333333,993.785
2016,198,21,105.6765,0.316666666666667,-0.4,0,21.1733333333333,80.3016666666667,2.82,994.131666666665,105.6765,0.316666666666667,-0.4,0,21.1733333333333,80.3016666666667,2.82,994.131666666665
2016,198,22,112.5705,0.308333333333333,-0.4,0,20.0483333333333,82.9266666666666,3.12833333333333,994.065,112.5705,0.308333333333333,-0.4,0,20.0483333333333,82.9266666666666,3.12833333333333,994.065
2016,198,23,117.094166666667,-0.108333333333333,-0.4,0,18.9066666666667,86.905,3.10333333333333,993.711666666666,117.094166666667,-0.108333333333333,-0.4,0,18.9066666666667,86.905,3.10333333333333,993.711666666666
2016,199,0,118.705333333333,0.045,-0.4,0,18.5633333333333,88.5666666666667,2.63833333333333,993.518333333333,118.705333333333,0.045,-0.4,0,18.5633333333333,88.5666666666667,2.63833333333333,993.518333333333
2016,199,1,117.177666666667,0.226666666666667,-0.4,0,18.5566666666667,88.8366666666667,2.36,993.489999999999,117.177666666667,0.226666666666667,-0.4,0,18.5566666666667,88.8366666666667,2.36,993.489999999999
2016,199,2,112.7265,-0.138333333333333,-0.4,0,17.6166666666667,90.8083333333334,2.965,993.285,112.7265,-0.138333333333333,-0.4,0,17.6166666666667,90.8083333333334,2.965,993.285
2016,199,3,105.887666666667,-0.115,-0.4,0,17.6516666666667,91.34,2.635,993.081666666666,105.887666666667,-0.115,-0.4,0,17.6516666666667,91.34,2.635,993.081666666666
2016,199,4,97.2733333333333,-0.27,-0.0866666666666669,0.055,17.9183333333333,91.4416666666666,2.87666666666667,992.821666666666,97.2733333333333,-0.27,-0.0866666666666669,0.055,17.9183333333333,91.4416666666666,2.87666666666667,992.821666666666
2016,199,5,87.1965,34.3133333333333,24.9883333333333,9.54259259259259,18.0616666666667,91.6800000000001,1.88166666666667,994.04,87.1965,34.3133333333333,24.9883333333333,9.54259259259259,18.0616666666667,91.6800000000001,1.88166666666667,994.04
2016,199,6,76.6606666666667,17.76,91.8133333333333,41.6766666666667,18.65,92.2616666666667,2.315,994.239999999999,76.6606666666667,17.76,91.8133333333333,41.6766666666667,18.65,92.2616666666667,2.315,994.239999999999
2016,199,7,65.4946666666667,39.0633333333333,205.91,94.5566666666667,20.7716666666667,86.8383333333333,3.36666666666667,994.220000000001,65.4946666666667,39.0633333333333,205.91,94.5566666666667,20.7716666666667,86.8383333333333,3.36666666666667,994.220000000001
2016,199,8,54.0733333333333,73.1833333333334,264.385,133.305,22.71,82.6166666666667,3.97666666666667,993.925000000001,54.0733333333333,73.1833333333334,264.385,133.305,22.71,82.6166666666667,3.97666666666667,993.925000000001
2016,199,9,42.7251666666667,82.6266666666667,358.79,179.071666666667,24.9,78.3066666666667,4.08,993.855,42.7251666666667,82.6266666666667,358.79,179.071666666667,24.9,78.3066666666667,4.08,993.855
2016,199,10,31.9966666666667,1.335,47.6666666666667,22.2482142857143,23.33,85.2816666666667,5.47833333333333,995.525,31.9966666666667,1.335,47.6666666666667,22.2482142857143,23.33,85.2816666666667,5.47833333333333,995.525
2016,199,11,23.196,0.04,73.5866666666667,33.655,20.0183333333333,93.5583333333333,5.705,993.615,23.196,0.04,73.5866666666667,33.655,20.0183333333333,93.5583333333333,5.705,993.615
2016,199,12,19.373,119.758333333333,535.755,285.191666666667,22.6933333333333,83.1366666666667,4.355,994.006666666666,19.373,119.758333333333,535.755,285.191666666667,22.6933333333333,83.1366666666667,4.355,994.006666666666
2016,199,13,23.0448333333333,420.645,392.046666666667,344.721666666667,25.7283333333333,78.7466666666667,5.73166666666667,992.896666666667,23.0448333333333,420.645,392.046666666667,344.721666666667,25.7283333333333,78.7466666666667,5.73166666666667,992.896666666667
2016,199,14,31.7788333333333,385.463333333333,367.195,307.076666666667,28.2616666666667,75.86,6.48833333333333,992.105,31.7788333333333,385.463333333333,367.195,307.076666666667,28.2616666666667,75.86,6.48833333333333,992.105
2016,199,15,42.4885,352.34,319.2,250.653333333333,28.5466666666667,71.9016666666667,7.69166666666667,991.855,42.4885,352.34,319.2,250.653333333333,28.5466666666667,71.9016666666667,7.69166666666667,991.855
2016,199,16,53.8365,509.17,197.215,220.455,28.38,77.3083333333334,5.98166666666667,991.255,53.8365,509.17,197.215,220.455,28.38,77.3083333333334,5.98166666666667,991.255
2016,199,17,65.2711666666667,212.373333333333,196.276666666667,122.633333333333,28.5933333333333,75.075,6.41833333333334,990.555,65.2711666666667,212.373333333333,196.276666666667,122.633333333333,28.5933333333333,75.075,6.41833333333334,990.555
2016,199,18,76.4568333333333,233.125,88.1266666666667,64.3016666666666,28.0766666666667,76.65,4.88,990.89,76.4568333333333,233.125,88.1266666666667,64.3016666666666,28.0766666666667,76.65,4.88,990.89
2016,199,19,87.0193333333333,9.15666666666666,18.6133333333333,9.57333333333333,27.0766666666667,81.7866666666667,3.66166666666667,991.280000000001,87.0193333333333,9.15666666666666,18.6133333333333,9.57333333333333,27.0766666666667,81.7866666666667,3.66166666666667,991.280000000001
2016,199,20,97.1406666666667,0.393333333333333,-0.303333333333333,0.05,25.7433333333333,82.8166666666666,4.06,991.593333333333,97.1406666666667,0.393333333333333,-0.303333333333333,0.05,25.7433333333333,82.8166666666666,4.06,991.593333333333
2016,199,21,105.810333333333,0.328333333333333,-0.4,0,24.8883333333333,85.7716666666667,2.62333333333333,992.533333333332,105.810333333333,0.328333333333333,-0.4,0,24.8883333333333,85.7716666666667,2.62333333333333,992.533333333332
2016,199,22,112.723,0.0816666666666667,-0.4,0,24.56,89.0116666666666,2.625,992.598333333333,112.723,0.0816666666666667,-0.4,0,24.56,89.0116666666666,2.625,992.598333333333
2016,199,23,117.260333333333,-0.01,-0.4,0,24.675,90.4816666666667,3.00166666666667,992.845,117.260333333333,-0.01,-0.4,0,24.675,90.4816666666667,3.00166666666667,992.845
2016,200,0,118.879666666667,-0.085,-0.398333333333333,0,24.9133333333333,90.215,4.11666666666667,992.536666666666,118.879666666667,-0.085,-0.398333333333333,0,24.9133333333333,90.215,4.11666666666667,992.536666666666
2016,200,1,117.3515,-0.0816666666666667,-0.4,0,25.5116666666667,87.7633333333334,5.33166666666667,991.975000000001,117.3515,-0.0816666666666667,-0.4,0,25.5116666666667,87.7633333333334,5.33166666666667,991.975000000001
2016,200,2,112.893666666667,0,-0.4,0,25.1566666666667,89.3366666666667,4.15666666666667,992.271666666666,112.893666666667,0,-0.4,0,25.1566666666667,89.3366666666667,4.15666666666667,992.271666666666
2016,200,3,106.042333333333,0,-0.4,0,24.8316666666666,90.81,4.325,992.513333333333,106.042333333333,0,-0.4,0,24.8316666666666,90.81,4.325,992.513333333333
2016,200,4,97.4168333333333,0,-0.258333333333334,0.00333333333333333,24.6083333333333,91.8233333333334,3.135,993.59,97.4168333333333,0,-0.258333333333334,0.00333333333333333,24.6083333333333,91.8233333333334,3.135,993.59
2016,200,5,87.3203333333333,0.171666666666667,2.44,1.13,23.7216666666667,88.38,3.20666666666667,994.855,87.3203333333333,0.171666666666667,2.44,1.13,23.7216666666667,88.38,3.20666666666667,994.855
2016,200,6,76.7835,4.74,73.02,31.245,23.01,86.0183333333333,2.77666666666667,994.961666666667,76.7835,4.74,73.02,31.245,23.01,86.0183333333333,2.77666666666667,994.961666666667
2016,200,7,65.6128333333333,52.08,215.48,102.266666666667,23.9433333333333,83.9116666666667,3.21833333333333,994.698333333334,65.6128333333333,52.08,215.48,102.266666666667,23.9433333333333,83.9116666666667,3.21833333333333,994.698333333334
2016,200,8,54.19,8.81499999999999,210.698333333333,90.695,24.2933333333333,84.6516666666667,3.32166666666667,995.608333333333,54.19,8.81499999999999,210.698333333333,90.695,24.2933333333333,84.6516666666667,3.32166666666667,995.608333333333
2016,200,9,42.8463333333333,0.635,28.0416666666667,13.565,23.465,86.2116666666666,6.465,997.265,42.8463333333333,0.635,28.0416666666667,13.565,23.465,86.2116666666666,6.465,997.265
2016,200,10,32.1321666666667,-0.0166666666666667,54.0716666666667,24.3383333333333,22.85,74.8116666666666,2.39,996.123333333333,32.1321666666667,-0.0166666666666667,54.0716666666667,24.3383333333333,22.85,74.8116666666666,2.39,996.123333333333
2016,200,11,23.3573333333333,1.78833333333333,355.223333333333,153.498333333333,23.5233333333333,85.3316666666667,2.06,996.443333333333,23.3573333333333,1.78833333333333,355.223333333333,153.498333333333,23.5233333333333,85.3316666666667,2.06,996.443333333333
2016,200,12,19.549,375.796666666667,410.31,342.88,24.78,78.5933333333333,5.03,996.663333333334,19.549,375.796666666667,410.31,342.88,24.78,78.5933333333333,5.03,996.663333333334
2016,200,13,23.1911666666667,501.775,393.358333333333,381.945,26.775,70.4716666666666,3.37166666666667,996.426666666667,23.1911666666667,501.775,393.358333333333,381.945,26.775,70.4716666666666,3.37166666666667,996.426666666667
2016,200,14,31.8911666666667,636.798333333333,275.645,361.095,27.6966666666667,66.9833333333333,2.83333333333333,996.08,31.8911666666667,636.798333333333,275.645,361.095,27.6966666666667,66.9833333333333,2.83333333333333,996.08
2016,200,15,42.5833333333333,176.311666666667,256.4,170.935,27.94,68.9633333333333,2.06833333333333,996.059999999999,42.5833333333333,176.311666666667,256.4,170.935,27.94,68.9633333333333,2.06833333333333,996.059999999999
2016,200,16,53.926,147.031666666667,250.641666666667,137.795,28.27,70.18,1.68333333333333,995.900000000001,53.926,147.031666666667,250.641666666667,137.795,28.27,70.18,1.68333333333333,995.900000000001
2016,200,17,65.3625,544.98,117.988333333333,149.958333333333,28.5283333333333,68.7433333333334,2.8,995.57,65.3625,544.98,117.988333333333,149.958333333333,28.5283333333333,68.7433333333334,2.8,995.57
2016,200,18,76.5545,474.591666666667,59.61,74.925,28.0583333333333,72.5233333333333,2.085,995.171666666666,76.5545,474.591666666667,59.61,74.925,28.0583333333333,72.5233333333333,2.085,995.171666666666
2016,200,19,87.1223333333333,134.168333333333,18.285,13.3716666666667,26.3033333333333,86.0483333333333,2.18833333333333,995.188333333333,87.1223333333333,134.168333333333,18.285,13.3716666666667,26.3033333333333,86.0483333333333,2.18833333333333,995.188333333333
2016,200,20,97.2643333333333,0.4,-0.236666666666667,0.0716666666666666,24.655,91.71,2.06,995.635,97.2643333333333,0.4,-0.236666666666667,0.0716666666666666,24.655,91.71,2.06,995.635
2016,200,21,105.950666666667,0.4,-0.4,0,24.005,93.11,1.53,996.246666666668,105.950666666667,0.4,-0.4,0,24.005,93.11,1.53,996.246666666668
2016,200,22,112.88,0.4,-0.4,0,23.1916666666667,94.625,1.21,996.485,112.88,0.4,-0.4,0,23.1916666666667,94.625,1.21,996.485
2016,200,23,117.4335,0.29,-0.385,0,23.095,95.4433333333334,0.846666666666667,996.725000000001,117.4335,0.29,-0.385,0,23.095,95.4433333333334,0.846666666666667,996.725000000001
2016,201,0,119.060833333333,0.335,-0.371666666666666,0,23.285,95.855,2.09333333333333,996.856666666667,119.060833333333,0.335,-0.371666666666666,0,23.285,95.855,2.09333333333333,996.856666666667
2016,201,1,117.531333333333,0.166666666666667,-0.306666666666667,0,22.9366666666667,96.0583333333333,2.13833333333333,996.678333333333,117.531333333333,0.166666666666667,-0.306666666666667,0,22.9366666666667,96.0583333333333,2.13833333333333,996.678333333333
2016,201,2,113.064666666667,0.293333333333333,-0.381666666666666,0,21.6533333333333,95.7449999999999,1.57,996.658333333332,113.064666666667,0.293333333333333,-0.381666666666666,0,21.6533333333333,95.7449999999999,1.57,996.658333333332
2016,201,3,106.202666666667,0.383333333333333,-0.348333333333333,0,21.2983333333333,96.3833333333333,1.39833333333333,996.933333333333,106.202666666667,0.383333333333333,-0.348333333333333,0,21.2983333333333,96.3833333333333,1.39833333333333,996.933333333333
2016,201,4,97.5636666666667,0.395,-0.256666666666667,0.0483333333333333,20.5533333333333,96.7016666666667,0.508333333333333,997.549999999999,97.5636666666667,0.395,-0.256666666666667,0.0483333333333333,20.5533333333333,96.7016666666667,0.508333333333333,997.549999999999
2016,201,5,87.4583333333333,0.151666666666667,17.8083333333333,8.295,20.0666666666667,96.9816666666667,0.75,998,87.4583333333333,0.151666666666667,17.8083333333333,8.295,20.0666666666667,96.9816666666667,0.75,998
2016,201,6,76.9078333333333,36.9866666666667,115.47,55.6283333333333,21.16,96.935,0.58,998.266666666667,76.9078333333333,36.9866666666667,115.47,55.6283333333333,21.16,96.935,0.58,998.266666666667
2016,201,7,65.7323333333333,11.2166666666667,225.88,98.16,22.4583333333333,96.5566666666666,1.47,998.426666666667,65.7323333333333,11.2166666666667,225.88,98.16,22.4583333333333,96.5566666666666,1.47,998.426666666667
2016,201,8,54.3066666666667,260.056666666667,278.218333333333,190.896666666667,24.2016666666667,95.3433333333333,1.23166666666667,998.598333333333,54.3066666666667,260.056666666667,278.218333333333,190.896666666667,24.2016666666667,95.3433333333333,1.23166666666667,998.598333333333
2016,201,9,42.969,750.421666666667,153.328333333333,308.841666666667,26.9533333333333,80.8266666666667,1.575,998.313333333333,42.969,750.421666666667,153.328333333333,308.841666666667,26.9533333333333,80.8266666666667,1.575,998.313333333333
2016,201,10,32.27,424.526666666667,232.086666666667,256.535185185185,28.53,71.315,1,998.086666666666,32.27,424.526666666667,232.086666666667,256.535185185185,28.53,71.315,1,998.086666666666
2016,201,11,23.5226666666667,614.368333333333,289.42,372.162068965517,29.6683333333333,64.4,0.878333333333333,997.691666666667,23.5226666666667,614.368333333333,289.42,372.162068965517,29.6683333333333,64.4,0.878333333333333,997.691666666667
2016,201,12,19.7303333333333,377.355,398.835,326.427118644068,29.7116666666667,63.2266666666667,1.805,997.164999999999,19.7303333333333,377.355,398.835,326.427118644068,29.7116666666667,63.2266666666667,1.805,997.164999999999
2016,201,13,23.3433333333333,344.211666666667,421.203333333333,320.841666666667,30.0283333333333,61.665,2.16333333333333,996.835,23.3433333333333,344.211666666667,421.203333333333,320.841666666667,30.0283333333333,61.665,2.16333333333333,996.835
2016,201,14,32.0098333333333,418.926666666667,349.473333333333,304.528333333333,30.495,61.1983333333334,1.73166666666667,996.488333333334,32.0098333333333,418.926666666667,349.473333333333,304.528333333333,30.495,61.1983333333334,1.73166666666667,996.488333333334
2016,201,15,42.685,292.066666666667,336.591666666667,244.526666666667,30.76,58.7466666666667,1.68666666666667,996.015,42.685,292.066666666667,336.591666666667,244.526666666667,30.76,58.7466666666667,1.68666666666667,996.015
2016,201,16,54.0221666666667,33.7366666666667,287.626666666667,133.745,30.2533333333333,63.1166666666667,1.54,995.870000000001,54.0221666666667,33.7366666666667,287.626666666667,133.745,30.2533333333333,63.1166666666667,1.54,995.870000000001
2016,201,17,65.4573333333333,0.573333333333332,147.693333333333,63.9633333333333,29.6483333333333,69.8383333333333,0.958333333333333,995.581666666667,65.4573333333333,0.573333333333332,147.693333333333,63.9633333333333,29.6483333333333,69.8383333333333,0.958333333333333,995.581666666667
2016,201,18,76.6583333333333,0.4,35.2916666666667,15.0633333333333,28.4866666666667,77.7166666666667,1.65333333333333,995.428333333333,76.6583333333333,0.4,35.2916666666667,15.0633333333333,28.4866666666667,77.7166666666667,1.65333333333333,995.428333333333
2016,201,19,87.242,0.4,4.27166666666667,1.94,27.355,82.4183333333333,1.42833333333333,996.155,87.242,0.4,4.27166666666667,1.94,27.355,82.4183333333333,1.42833333333333,996.155
2016,201,20,97.3933333333333,0.41,-0.371666666666666,0,26.5383333333333,85.9683333333333,1.93,996.455000000001,97.3933333333333,0.41,-0.371666666666666,0,26.5383333333333,85.9683333333333,1.93,996.455000000001
2016,201,21,106.096666666667,0.458333333333333,-0.401666666666666,0,25.4233333333333,88.135,3.00333333333333,996.731666666667,106.096666666667,0.458333333333333,-0.401666666666666,0,25.4233333333333,88.135,3.00333333333333,996.731666666667
2016,201,22,113.044166666667,0.51,-0.4,0,23.3833333333333,86.9083333333333,3.615,997.589999999999,113.044166666667,0.51,-0.4,0,23.3833333333333,86.9083333333333,3.615,997.589999999999
2016,201,23,117.6115,0.315,-0.311666666666667,0,22.33,88.0933333333333,3.02666666666667,998.101666666667,117.6115,0.315,-0.311666666666667,0,22.33,88.0933333333333,3.02666666666667,998.101666666667
2016,202,0,119.247166666667,0.378333333333333,-0.4,0,21.9983333333333,89.7833333333333,1.78666666666667,997.81,119.247166666667,0.378333333333333,-0.4,0,21.9983333333333,89.7833333333333,1.78666666666667,997.81
2016,202,1,117.717333333333,0.103333333333333,-0.4,0,21.6816666666667,90.4216666666667,3.045,997.196666666666,117.717333333333,0.103333333333333,-0.4,0,21.6816666666667,90.4216666666667,3.045,997.196666666666
2016,202,2,113.241833333333,0.0266666666666667,-0.375,0,21.6983333333334,90.54,2.98166666666667,996.581666666666,113.241833333333,0.0266666666666667,-0.375,0,21.6983333333334,90.54,2.98166666666667,996.581666666666
2016,202,3,106.365166666667,0.286666666666667,-0.326666666666667,0,22.0516666666667,88.3116666666667,2.13,996.638333333333,106.365166666667,0.286666666666667,-0.326666666666667,0,22.0516666666667,88.3116666666667,2.13,996.638333333333
2016,202,4,97.7116666666667,0.218333333333333,-0.301666666666667,0.03,21.98,88.405,1.90666666666667,996.965,97.7116666666667,0.218333333333333,-0.301666666666667,0.03,21.98,88.405,1.90666666666667,996.965
2016,202,5,87.5993333333333,1.79166666666667,14.7,6.99166666666667,21.105,93.445,1.63833333333333,997.47,87.5993333333333,1.79166666666667,14.7,6.99166666666667,21.105,93.445,1.63833333333333,997.47
2016,202,6,77.0345,2.28666666666667,79.6233333333333,34.4816666666667,21.415,94.58,1.64333333333333,997.805000000001,77.0345,2.28666666666667,79.6233333333333,34.4816666666667,21.415,94.58,1.64333333333333,997.805000000001
2016,202,7,65.8533333333333,28.01,217.163333333333,97.6966666666667,23.0583333333333,89.285,2.39833333333333,997.806666666667,65.8533333333333,28.01,217.163333333333,97.6966666666667,23.0583333333333,89.285,2.39833333333333,997.806666666667
2016,202,8,54.427,58.4616666666667,307.188333333333,146.386666666667,24.51,82.855,2.62,997.978333333334,54.427,58.4616666666667,307.188333333333,146.386666666667,24.51,82.855,2.62,997.978333333334
2016,202,9,43.0943333333333,206.635,346.46,221.38,25.91,76.0483333333333,3.00166666666667,997.676666666665,43.0943333333333,206.635,346.46,221.38,25.91,76.0483333333333,3.00166666666667,997.676666666665
2016,202,10,32.4108333333333,225.69,433.666666666667,270.4,26.52,72.9533333333334,2.82666666666667,997.863333333333,32.4108333333333,225.69,433.666666666667,270.4,26.52,72.9533333333334,2.82666666666667,997.863333333333
2016,202,11,23.693,442.17,356.885,334.486666666667,27.6,70.175,2.13333333333333,996.956666666666,23.693,442.17,356.885,334.486666666667,27.6,70.175,2.13333333333333,996.956666666666
2016,202,12,19.9176666666667,326.941666666667,463.971666666667,336.863333333333,28.2666666666667,68.3066666666667,2.55833333333333,996.295,19.9176666666667,326.941666666667,463.971666666667,336.863333333333,28.2666666666667,68.3066666666667,2.55833333333333,996.295
2016,202,13,23.5021666666667,439.65,394.55,351.34,28.9383333333333,66.035,1.81833333333333,996.363333333334,23.5021666666667,439.65,394.55,351.34,28.9383333333333,66.035,1.81833333333333,996.363333333334
2016,202,14,32.1345,777.461666666667,211.93,383.620338983051,29.8266666666667,61.6816666666667,1.05,995.713333333333,32.1345,777.461666666667,211.93,383.620338983051,29.8266666666667,61.6816666666667,1.05,995.713333333333
2016,202,15,42.7911666666667,466.728333333333,291.07,281.027118644068,30.0083333333333,62.8416666666667,1.19333333333333,994.941666666667,42.7911666666667,466.728333333333,291.07,281.027118644068,30.0083333333333,62.8416666666667,1.19333333333333,994.941666666667
2016,202,16,54.1223333333333,659.093333333333,240.01,272.536666666667,29.6933333333333,64.685,2.25833333333333,994.275,54.1223333333333,659.093333333333,240.01,272.536666666667,29.6933333333333,64.685,2.25833333333333,994.275
2016,202,17,65.5606666666667,619.583333333334,107.161666666667,159.588333333333,29.1716666666666,68.5366666666667,3.21333333333333,993.688333333334,65.5606666666667,619.583333333334,107.161666666667,159.588333333333,29.1716666666666,68.5366666666667,3.21333333333333,993.688333333334
2016,202,18,76.7665,346.723333333333,63.3083333333333,61.3133333333333,28.4616666666667,74.525,2.30833333333333,994.056666666666,76.7665,346.723333333333,63.3083333333333,61.3133333333333,28.4616666666667,74.525,2.30833333333333,994.056666666666
2016,202,19,87.3671666666667,103.318333333333,17.1766666666667,11.8483333333333,27.0266666666667,82.915,1.93333333333333,994.498333333333,87.3671666666667,103.318333333333,17.1766666666667,11.8483333333333,27.0266666666667,82.915,1.93333333333333,994.498333333333
2016,202,20,97.5285,0.403333333333333,-0.281666666666667,0.0533333333333333,25.48,87.9,1.91166666666667,994.875,97.5285,0.403333333333333,-0.281666666666667,0.0533333333333333,25.48,87.9,1.91166666666667,994.875
2016,202,21,106.248333333333,0.4,-0.4,0,24.93,89.3883333333333,1.68833333333333,995.203333333332,106.248333333333,0.4,-0.4,0,24.93,89.3883333333333,1.68833333333333,995.203333333332
2016,202,22,113.213333333333,0.4,-0.4,0,24.3066666666667,90.9016666666667,1.43333333333333,995.181666666666,113.213333333333,0.4,-0.4,0,24.3066666666667,90.9016666666667,1.43333333333333,995.181666666666
2016,202,23,117.796166666667,0.395,-0.4,0,23.8116666666667,91.8216666666666,1.98,994.873333333332,117.796166666667,0.395,-0.4,0,23.8116666666667,91.8216666666666,1.98,994.873333333332
2016,203,0,119.4405,0.398333333333333,-0.4,0,23.1933333333333,92.5733333333333,1.70166666666667,994.56,119.4405,0.398333333333333,-0.4,0,23.1933333333333,92.5733333333333,1.70166666666667,994.56
2016,203,1,117.907166666667,0.3,-0.4,0,22.71,93.2483333333334,2.02,994.186666666666,117.907166666667,0.3,-0.4,0,22.71,93.2483333333334,2.02,994.186666666666
2016,203,2,113.422,0.351666666666667,-0.4,0,22.3583333333333,93.1566666666666,1.75666666666667,994.39,113.422,0.351666666666667,-0.4,0,22.3583333333333,93.1566666666666,1.75666666666667,994.39
2016,203,3,106.531666666667,0.245,-0.4,0,22.29,93.795,1.84333333333333,994.501666666666,106.531666666667,0.245,-0.4,0,22.29,93.795,1.84333333333333,994.501666666666
2016,203,4,97.8638333333333,0.15,-0.286666666666667,0.0266666666666667,22.0883333333334,94.2183333333333,1.97166666666667,994.666666666666,97.8638333333333,0.15,-0.286666666666667,0.0266666666666667,22.0883333333334,94.2183333333333,1.97166666666667,994.666666666666
2016,203,5,87.743,42.65,17.7166666666667,9.84333333333333,22.0483333333334,95.1816666666667,2.23,994.636666666666,87.743,42.65,17.7166666666667,9.84333333333333,22.0483333333334,95.1816666666667,2.23,994.636666666666
2016,203,6,77.1626666666667,286.931666666667,78.1283333333333,64.385,23.5516666666667,94.4333333333334,2.27666666666667,994.825000000001,77.1626666666667,286.931666666667,78.1283333333333,64.385,23.5516666666667,94.4333333333334,2.27666666666667,994.825000000001
2016,203,7,65.975,248.583333333333,159.391666666667,110.223333333333,25.2916666666666,91.35,2.66833333333333,994.99,65.975,248.583333333333,159.391666666667,110.223333333333,25.2916666666666,91.35,2.66833333333333,994.99
2016,203,8,54.5486666666667,427.471666666667,244.888333333333,212.463333333333,26.7233333333333,85.5483333333334,3.27833333333333,994.786666666666,54.5486666666667,427.471666666667,244.888333333333,212.463333333333,26.7233333333333,85.5483333333334,3.27833333333333,994.786666666666
2016,203,9,43.2213333333333,614.788333333333,220.53,293.86,28.2483333333334,79.2683333333333,3.84333333333333,994.09,43.2213333333333,614.788333333333,220.53,293.86,28.2483333333334,79.2683333333333,3.84333333333333,994.09
2016,203,10,32.5543333333333,751.478333333333,176.838333333333,357.523333333333,29.3866666666667,76.285,4.26166666666667,993.963333333333,32.5543333333333,751.478333333333,176.838333333333,357.523333333333,29.3866666666667,76.285,4.26166666666667,993.963333333333
2016,203,11,23.867,459.84,358.736666666667,348.298333333334,30.27,72.425,3.70166666666667,994.138333333333,23.867,459.84,358.736666666667,348.298333333334,30.27,72.425,3.70166666666667,994.138333333333
2016,203,12,20.1106666666667,660.245,293.425,401.396666666667,30.9266666666667,70.335,4.355,993.38,20.1106666666667,660.245,293.425,401.396666666667,30.9266666666667,70.335,4.355,993.38
2016,203,13,23.6681666666667,493.835,328.305,343.635,31.2366666666667,70.315,4.4,992.571666666667,23.6681666666667,493.835,328.305,343.635,31.2366666666667,70.315,4.4,992.571666666667
2016,203,14,32.265,581.143333333333,319.236666666667,354.668333333333,31.7383333333334,68.2266666666667,4.86333333333333,992.035,32.265,581.143333333333,319.236666666667,354.668333333333,31.7383333333334,68.2266666666667,4.86333333333333,992.035
2016,203,15,42.9038333333333,394.166666666667,308.538333333333,258.435,31.7816666666667,68.005,4.21,991.746666666666,42.9038333333333,394.166666666667,308.538333333333,258.435,31.7816666666667,68.005,4.21,991.746666666666
2016,203,16,54.229,533.651666666667,220.465,232.22,31.8033333333333,67.91,4.68333333333334,991.243333333333,54.229,533.651666666667,220.465,232.22,31.8033333333333,67.91,4.68333333333334,991.243333333333
2016,203,17,65.6678333333333,419.261666666667,155.228333333333,141.138333333333,31.3,72.5766666666667,3.92666666666666,990.945000000001,65.6678333333333,419.261666666667,155.228333333333,141.138333333333,31.3,72.5766666666667,3.92666666666666,990.945000000001
2016,203,18,76.8805,271.541666666667,94.3483333333334,67.5516666666667,30.69,76.93,2.895,991.171666666667,76.8805,271.541666666667,94.3483333333334,67.5516666666667,30.69,76.93,2.895,991.171666666667
2016,203,19,87.4851666666667,63.6333333333334,23.6133333333333,12.605,29.185,83.51,2.65666666666667,991.233333333333,87.4851666666667,63.6333333333334,23.6133333333333,12.605,29.185,83.51,2.65666666666667,991.233333333333
2016,203,20,97.6685,0.391666666666666,-0.265,0.0366666666666667,27.9183333333333,88.03,3.14166666666667,991.024999999999,97.6685,0.391666666666666,-0.265,0.0366666666666667,27.9183333333333,88.03,3.14166666666667,991.024999999999
2016,203,21,106.406666666667,0.4,-0.4,0,26.9416666666667,90.3166666666667,2.21,991.811666666668,106.406666666667,0.4,-0.4,0,26.9416666666667,90.3166666666667,2.21,991.811666666668
2016,203,22,113.389333333333,0.211666666666667,-0.4,0,26.4366666666667,91.8916666666666,2.495,991.531666666667,113.389333333333,0.211666666666667,-0.4,0,26.4366666666667,91.8916666666666,2.495,991.531666666667
2016,203,23,117.9865,0.395,-0.398333333333333,0,26.07,92.5666666666666,2.09333333333333,991.958333333334,117.9865,0.395,-0.398333333333333,0,26.07,92.5666666666666,2.09333333333333,991.958333333334
2016,204,0,119.637666666667,0.871666666666666,-0.576666666666667,0,22.58,88.995,6.19666666666666,993.305,119.637666666667,0.871666666666666,-0.576666666666667,0,22.58,88.995,6.19666666666666,993.305
2016,204,1,118.104,0.115,-0.0166666666666667,0,21.9116666666667,92.465,1.43833333333333,992.711666666666,118.104,0.115,-0.0166666666666667,0,21.9116666666667,92.465,1.43833333333333,992.711666666666
2016,204,2,113.6065,0.0383333333333333,-0.00166666666666667,0,21.71,94.2449999999999,2.23333333333333,992.113333333333,113.6065,0.0383333333333333,-0.00166666666666667,0,21.71,94.2449999999999,2.23333333333333,992.113333333333
2016,204,3,106.701166666667,0,-0.138333333333333,0,21.7533333333333,92.67,4.68666666666667,992.626666666667,106.701166666667,0,-0.138333333333333,0,21.7533333333333,92.67,4.68666666666667,992.626666666667
2016,204,4,98.0191666666667,0.0833333333333333,-0.0383333333333333,0,21.9616666666667,87.58,4.38166666666667,991.693333333334,98.0191666666667,0.0833333333333333,-0.0383333333333333,0,21.9616666666667,87.58,4.38166666666667,991.693333333334
2016,204,5,87.8873333333333,-0.0416666666666667,2.89166666666667,1.32166666666667,21.5516666666667,88.985,4.03666666666667,990.66,87.8873333333333,-0.0416666666666667,2.89166666666667,1.32166666666667,21.5516666666667,88.985,4.03666666666667,990.66
2016,204,6,77.2925,-0.216666666666667,30.7783333333333,13.5172413793103,21.69,88.3,5.34833333333333,989.641666666666,77.2925,-0.216666666666667,30.7783333333333,13.5172413793103,21.69,88.3,5.34833333333333,989.641666666666
2016,204,7,66.1003333333333,1.98666666666667,118.705,51.85,23.5616666666667,76.8733333333334,2.93166666666667,992.055,66.1003333333333,1.98666666666667,118.705,51.85,23.5616666666667,76.8733333333334,2.93166666666667,992.055
2016,204,8,54.6708333333333,17.605,262.775,118.155,24.175,78.9283333333333,2.69666666666667,992.325,54.6708333333333,17.605,262.775,118.155,24.175,78.9283333333333,2.69666666666667,992.325
2016,204,9,43.3501666666667,100.028333333333,388.768333333333,198.695,25.4566666666667,74.4733333333334,2.35666666666667,992.423333333334,43.3501666666667,100.028333333333,388.768333333333,198.695,25.4566666666667,74.4733333333334,2.35666666666667,992.423333333334
2016,204,10,32.7018333333333,418.848333333333,351.996666666667,308.873333333333,26.7566666666667,67.1533333333334,2.46333333333333,992.39,32.7018333333333,418.848333333333,351.996666666667,308.873333333333,26.7566666666667,67.1533333333334,2.46333333333333,992.39
2016,204,11,24.0453333333333,301.373333333333,415.613333333333,299.241666666667,27.565,65.5966666666667,1.38166666666667,992.601666666665,24.0453333333333,301.373333333333,415.613333333333,299.241666666667,27.565,65.5966666666667,1.38166666666667,992.601666666665
2016,204,12,20.3095,546.458333333333,362.925,381.238333333333,28.4116666666667,65.26,1.20166666666667,992.371666666667,20.3095,546.458333333333,362.925,381.238333333333,28.4116666666667,65.26,1.20166666666667,992.371666666667
2016,204,13,23.84,577.183333333334,309.331666666667,364.598333333333,28.3016666666667,65.7683333333333,1.825,991.678333333333,23.84,577.183333333334,309.331666666667,364.598333333333,28.3016666666667,65.7683333333333,1.825,991.678333333333
2016,204,14,32.4021666666667,484.911666666667,275.796666666667,296.323333333333,28.6033333333333,63.8366666666667,1.36833333333333,991.26,32.4021666666667,484.911666666667,275.796666666667,296.323333333333,28.6033333333333,63.8366666666667,1.36833333333333,991.26
2016,204,15,43.0208333333333,846.345,99.6616666666667,315.275,29.375,63.9116666666667,1.21833333333333,990.691666666666,43.0208333333333,846.345,99.6616666666667,315.275,29.375,63.9116666666667,1.21833333333333,990.691666666666
2016,204,16,54.34,785.945,82.985,238.116666666667,29.3316666666667,64.0616666666667,1.24333333333333,990.198333333333,54.34,785.945,82.985,238.116666666667,29.3316666666667,64.0616666666667,1.24333333333333,990.198333333333
2016,204,17,65.78,696.046666666667,68.3916666666667,154.98,29.5083333333333,64.5,1.30166666666667,989.915000000001,65.78,696.046666666667,68.3916666666667,154.98,29.5083333333333,64.5,1.30166666666667,989.915000000001
2016,204,18,76.9998333333333,445.735,51.275,67.2483333333333,28.8233333333333,69.1616666666667,1.56666666666667,990.136666666666,76.9998333333333,445.735,51.275,67.2483333333333,28.8233333333333,69.1616666666667,1.56666666666667,990.136666666666
2016,204,19,87.6205,109.49,19.635,12.5633333333333,28.08,71.5483333333333,0.673333333333333,990.268333333333,87.6205,109.49,19.635,12.5633333333333,28.08,71.5483333333333,0.673333333333333,990.268333333333
2016,204,20,97.814,0.4,-0.32,0.03,26.585,79.5766666666667,1.27,990.553333333334,97.814,0.4,-0.32,0.03,26.585,79.5766666666667,1.27,990.553333333334
2016,204,21,106.570833333333,0.4,-0.398333333333333,0,25.4566666666667,85.3916666666667,1.74666666666667,991.281666666667,106.570833333333,0.4,-0.398333333333333,0,25.4566666666667,85.3916666666667,1.74666666666667,991.281666666667
2016,204,22,113.571166666667,0.4,-0.393333333333333,0,24.95,85.9283333333333,1.5,991.383333333334,113.571166666667,0.4,-0.393333333333333,0,24.95,85.9283333333333,1.5,991.383333333334
2016,204,23,118.184,0.4,-0.4,0,24.1916666666667,89.0299999999999,1.87,991.225,118.184,0.4,-0.4,0,24.1916666666667,89.0299999999999,1.87,991.225
2016,205,0,119.842666666667,0.396666666666666,-0.398333333333333,0,23.6283333333333,90.3566666666667,0.501666666666667,990.931666666668,119.842666666667,0.396666666666666,-0.398333333333333,0,23.6283333333333,90.3566666666667,0.501666666666667,990.931666666668
2016,205,1,118.304666666667,0.351666666666667,-0.4,0,23.0883333333333,92.47,0.758333333333333,990.870000000001,118.304666666667,0.351666666666667,-0.4,0,23.0883333333333,92.47,0.758333333333333,990.870000000001
2016,205,2,113.795666666667,0.383333333333333,-0.395,0,23.07,93.3166666666666,0.816666666666667,990.65,113.795666666667,0.383333333333333,-0.395,0,23.07,93.3166666666666,0.816666666666667,990.65
2016,205,3,106.8745,0.28,-0.4,0,22.5916666666667,94.285,1.78833333333333,990.428333333334,106.8745,0.28,-0.4,0,22.5916666666667,94.285,1.78833333333333,990.428333333334
2016,205,4,98.1761666666667,0.38,-0.29,0.0166666666666667,22.4366666666667,94.7033333333333,0.588333333333333,990.548333333334,98.1761666666667,0.38,-0.29,0.0166666666666667,22.4366666666667,94.7033333333333,0.588333333333333,990.548333333334
2016,205,5,88.0345,74.2433333333333,15.9666666666667,11.0133333333333,22.2433333333333,94.7983333333334,0.45,990.493333333333,88.0345,74.2433333333333,15.9666666666667,11.0133333333333,22.2433333333333,94.7983333333334,0.45,990.493333333333
2016,205,6,77.425,389.565,61.18,70.155,23.6,92.075,0.26,991.07,77.425,389.565,61.18,70.155,23.6,92.075,0.26,991.07
2016,205,7,66.226,609.985,88.1633333333333,147.875,26.7466666666667,81.3366666666667,0.306666666666667,991.134999999999,66.226,609.985,88.1633333333333,147.875,26.7466666666667,81.3366666666667,0.306666666666667,991.134999999999
2016,205,8,54.7973333333333,667.84,123.426666666667,226.255,28.1566666666667,74.9783333333333,0.875,991.056666666667,54.7973333333333,667.84,123.426666666667,226.255,28.1566666666667,74.9783333333333,0.875,991.056666666667
2016,205,9,43.482,664.59,193.286666666667,295.98,27.9333333333333,75.6733333333333,2.525,990.705,43.482,664.59,193.286666666667,295.98,27.9333333333333,75.6733333333333,2.525,990.705
2016,205,10,32.8513333333333,715.74,234.193333333333,365.575,28.51,72.9433333333334,2.81833333333333,990.641666666666,32.8513333333333,715.74,234.193333333333,365.575,28.51,72.9433333333334,2.81833333333333,990.641666666666
2016,205,11,24.2271666666667,734.166666666667,199.155,382.656666666667,29.17,69.145,2.345,990.530000000001,24.2271666666667,734.166666666667,199.155,382.656666666667,29.17,69.145,2.345,990.530000000001
2016,205,12,20.5135,589.476666666667,280.861666666667,372.703389830508,29.8333333333333,67.545,2.07166666666667,990.309999999999,20.5135,589.476666666667,280.861666666667,372.703389830508,29.8333333333333,67.545,2.07166666666667,990.309999999999
2016,205,13,24.0186666666667,479.768333333333,385.086666666667,360.71,30.2716666666667,66.9666666666667,2.37333333333333,990.056666666667,24.0186666666667,479.768333333333,385.086666666667,360.71,30.2716666666667,66.9666666666667,2.37333333333333,990.056666666667
2016,205,14,32.5448333333333,409.326666666667,371.885,313.125,30.5183333333333,66.17,2.40833333333333,989.44,32.5448333333333,409.326666666667,371.885,313.125,30.5183333333333,66.17,2.40833333333333,989.44
2016,205,15,43.145,484.423333333333,250.9,262.871666666667,30.7266666666667,65.7283333333333,2.84,988.656666666668,43.145,484.423333333333,250.9,262.871666666667,30.7266666666667,65.7283333333333,2.84,988.656666666668
2016,205,16,54.4576666666667,200.081666666667,200.693333333333,141.79,30.26,70.7533333333333,2.60166666666667,988.226666666666,54.4576666666667,200.081666666667,200.693333333333,141.79,30.26,70.7533333333333,2.60166666666667,988.226666666666
2016,205,17,65.8983333333333,371.276666666667,197.163333333333,147.975,30.235,70.28,2.585,988.098333333334,65.8983333333333,371.276666666667,197.163333333333,147.975,30.235,70.28,2.585,988.098333333334
2016,205,18,77.1241666666667,317.676666666667,67.6366666666667,58.915,29.7766666666667,72.58,1.94833333333333,987.811666666666,77.1241666666667,317.676666666667,67.6366666666667,58.915,29.7766666666667,72.58,1.94833333333333,987.811666666666
2016,205,19,87.7606666666667,55.0116666666666,15.5016666666667,9.095,28.5633333333333,79.1,1.94166666666667,987.84,87.7606666666667,55.0116666666666,15.5016666666667,9.095,28.5633333333333,79.1,1.94166666666667,987.84
2016,205,20,97.966,0.4,-0.295,0.0233333333333333,27.3166666666667,84.14,2.04666666666667,988.868333333333,97.966,0.4,-0.295,0.0233333333333333,27.3166666666667,84.14,2.04666666666667,988.868333333333
2016,205,21,106.739666666667,0.373333333333333,-0.4,0,26.2083333333334,88.2166666666667,2.075,989.231666666668,106.739666666667,0.373333333333333,-0.4,0,26.2083333333334,88.2166666666667,2.075,989.231666666668
2016,205,22,113.758833333333,0.381666666666666,-0.4,0,25.67,89.7983333333333,1.55,989.448333333334,113.758833333333,0.381666666666666,-0.4,0,25.67,89.7983333333333,1.55,989.448333333334
2016,205,23,118.386,0.283333333333333,-0.4,0,25.035,92.0733333333333,1.74833333333333,990.058333333332,118.386,0.283333333333333,-0.4,0,25.035,92.0733333333333,1.74833333333333,990.058333333332
2016,206,0,120.052,0.235,-0.336666666666667,0,25.0416666666667,91.2716666666667,1.98833333333333,989.686666666666,120.052,0.235,-0.336666666666667,0,25.0416666666667,91.2716666666667,1.98833333333333,989.686666666666
2016,206,1,118.509,0.268333333333333,-0.4,0,24.645,91.5616666666667,1.86666666666667,989.278333333333,118.509,0.268333333333333,-0.4,0,24.645,91.5616666666667,1.86666666666667,989.278333333333
2016,206,2,113.988833333333,0.233333333333333,-0.4,0,24.1966666666667,92.195,1.97166666666667,988.958333333334,113.988833333333,0.233333333333333,-0.4,0,24.1966666666667,92.195,1.97166666666667,988.958333333334
2016,206,3,107.050666666667,0.04,-0.4,0,23.69,93.83,2.32,988.928333333334,107.050666666667,0.04,-0.4,0,23.69,93.83,2.32,988.928333333334
2016,206,4,98.3351666666667,0,-0.351666666666667,0,23.6966666666667,94.1766666666666,2.7,988.674999999999,98.3351666666667,0,-0.351666666666667,0,23.6966666666667,94.1766666666666,2.7,988.674999999999
2016,206,5,88.1706666666667,3.45833333333333,15.2566666666667,6.72833333333333,23.745,94.1833333333334,2.28166666666667,988.989999999999,88.1706666666667,3.45833333333333,15.2566666666667,6.72833333333333,23.745,94.1833333333334,2.28166666666667,988.989999999999
2016,206,6,77.5578333333333,82.125,89.12,48.1066666666667,24.39,93.3533333333334,2.04333333333333,989.225000000001,77.5578333333333,82.125,89.12,48.1066666666667,24.39,93.3533333333334,2.04333333333333,989.225000000001
2016,206,7,66.3548333333333,318.936666666667,148.461666666667,121.173333333333,26.03,88.98,2.855,989.538333333332,66.3548333333333,318.936666666667,148.461666666667,121.173333333333,26.03,88.98,2.855,989.538333333332
2016,206,8,54.924,578.396666666667,179.216666666667,224.686666666667,27.5933333333333,83.0633333333333,3.48,989.629999999999,54.924,578.396666666667,179.216666666667,224.686666666667,27.5933333333333,83.0633333333333,3.48,989.629999999999
2016,206,9,43.6155,524.475,248.15,276.181666666667,28.93,76.9783333333333,4.595,989.605,43.6155,524.475,248.15,276.181666666667,28.93,76.9783333333333,4.595,989.605
2016,206,10,33.0043333333333,616.745,279.743333333333,346.101666666667,29.6283333333333,72.5033333333334,5.415,989.383333333333,33.0043333333333,616.745,279.743333333333,346.101666666667,29.6283333333333,72.5033333333334,5.415,989.383333333333
2016,206,11,24.4143333333333,794.306666666667,176.233333333333,394.706666666667,30.2866666666667,69.1583333333333,5.30666666666667,988.946666666667,24.4143333333333,794.306666666667,176.233333333333,394.706666666667,30.2866666666667,69.1583333333333,5.30666666666667,988.946666666667
2016,206,12,20.7231666666667,783.946666666667,209.668333333333,413.046666666667,30.9016666666667,66.76,5.25833333333333,988.693333333332,20.7231666666667,783.946666666667,209.668333333333,413.046666666667,30.9016666666667,66.76,5.25833333333333,988.693333333332
2016,206,13,24.2036666666667,507.861666666667,380.155,372.895,31.2883333333333,65.8983333333333,5.205,988.278333333333,24.2036666666667,507.861666666667,380.155,372.895,31.2883333333333,65.8983333333333,5.205,988.278333333333
2016,206,14,32.6941666666667,345.711666666667,418.466666666666,312.108333333333,31.4516666666666,66.5383333333333,4.95833333333333,987.868333333333,32.6941666666667,345.711666666667,418.466666666666,312.108333333333,31.4516666666666,66.5383333333333,4.95833333333333,987.868333333333
2016,206,15,43.274,3.36166666666667,261.038333333333,110.635,30.585,74.7116666666667,3.1,987.568333333333,43.274,3.36166666666667,261.038333333333,110.635,30.585,74.7116666666667,3.1,987.568333333333
2016,206,16,54.5786666666667,0.49,181.898333333333,74.7166666666667,30.3416666666667,77.7983333333333,3.19166666666667,987.395000000001,54.5786666666667,0.49,181.898333333333,74.7166666666667,30.3416666666667,77.7983333333333,3.19166666666667,987.395000000001
2016,206,17,66.0223333333333,130.64,149.366666666667,80.29,30.145,77.9133333333333,3.29666666666667,987.181666666667,66.0223333333333,130.64,149.366666666667,80.29,30.145,77.9133333333333,3.29666666666667,987.181666666667
2016,206,18,77.2533333333333,338.418333333333,65.1266666666667,61.825,30.125,78.09,3.25833333333333,986.873333333334,77.2533333333333,338.418333333333,65.1266666666667,61.825,30.125,78.09,3.25833333333333,986.873333333334
2016,206,19,87.9063333333333,0.454999999999999,8.52,4.92833333333333,28.61,84.65,2.57166666666667,987.331666666668,87.9063333333333,0.454999999999999,8.52,4.92833333333333,28.61,84.65,2.57166666666667,987.331666666668
2016,206,20,98.1233333333333,0.393333333333333,-0.373333333333333,0.00166666666666667,27.4533333333333,86.3116666666667,2.27833333333333,987.891666666667,98.1233333333333,0.393333333333333,-0.373333333333333,0.00166666666666667,27.4533333333333,86.3116666666667,2.27833333333333,987.891666666667
2016,206,21,106.914166666667,0.966666666666667,-0.755,0,24.165,84.0016666666667,7.58666666666667,989.826666666667,106.914166666667,0.966666666666667,-0.755,0,24.165,84.0016666666667,7.58666666666667,989.826666666667
2016,206,22,113.952166666667,0.328333333333333,-0.27,0.00166666666666667,21.0633333333333,95.7516666666666,8.08666666666667,992.003333333333,113.952166666667,0.328333333333333,-0.27,0.00166666666666667,21.0633333333333,95.7516666666666,8.08666666666667,992.003333333333
2016,206,23,118.595166666667,0.045,-0.0966666666666667,0,20.7266666666667,97.1083333333333,3.185,992.236666666667,118.595166666667,0.045,-0.0966666666666667,0,20.7266666666667,97.1083333333333,3.185,992.236666666667
2016,207,0,120.266,-0.00166666666666667,-0.176666666666667,0,21.0516666666667,96.7166666666666,3.44166666666667,991.829999999999,120.266,-0.00166666666666667,-0.176666666666667,0,21.0516666666667,96.7166666666666,3.44166666666667,991.829999999999
2016,207,1,118.7195,0,-0.0766666666666666,0,21.2516666666667,95.295,4.12666666666667,991.005,118.7195,0,-0.0766666666666666,0,21.2516666666667,95.295,4.12666666666667,991.005
2016,207,2,114.186166666667,0,-0.0266666666666667,0,21.225,91.5733333333333,3.58833333333333,990.515000000001,114.186166666667,0,-0.0266666666666667,0,21.225,91.5733333333333,3.58833333333333,990.515000000001
2016,207,3,107.230166666667,0.0516666666666667,-0.0316666666666667,0,20.9766666666667,90.595,3.39833333333333,988.528333333334,107.230166666667,0.0516666666666667,-0.0316666666666667,0,20.9766666666667,90.595,3.39833333333333,988.528333333334
2016,207,4,98.4976666666667,0.231666666666667,-0.015,0,21.3166666666667,89.8966666666667,3.88666666666667,989.341666666667,98.4976666666667,0.231666666666667,-0.015,0,21.3166666666667,89.8966666666667,3.88666666666667,989.341666666667
2016,207,5,88.3225,0.343333333333333,16.8616666666667,7.005,21.4866666666667,91.6533333333334,2.01833333333333,991.075,88.3225,0.343333333333333,16.8616666666667,7.005,21.4866666666667,91.6533333333334,2.01833333333333,991.075
2016,207,6,77.6935,29.6316666666667,87.6866666666667,39.0733333333333,21.79,92.0466666666667,2.31833333333333,990.835,77.6935,29.6316666666667,87.6866666666667,39.0733333333333,21.79,92.0466666666667,2.31833333333333,990.835
2016,207,7,66.4836666666667,150.74,182.48,105.988333333333,22.805,89.0866666666667,1.72833333333333,990.383333333333,66.4836666666667,150.74,182.48,105.988333333333,22.805,89.0866666666667,1.72833333333333,990.383333333333
2016,207,8,55.0516666666667,7.59,263.455,110.59,24.3666666666667,83.1583333333333,0.556666666666667,990.998333333333,55.0516666666667,7.59,263.455,110.59,24.3666666666667,83.1583333333333,0.556666666666667,990.998333333333
2016,207,9,43.7508333333333,1.34,287.508333333333,120.781666666667,24.4333333333333,83.7283333333333,2.195,991.483333333333,43.7508333333333,1.34,287.508333333333,120.781666666667,24.4333333333333,83.7283333333333,2.195,991.483333333333
2016,207,10,33.1595,34.8966666666666,379.988333333333,175.88,24.8866666666667,82.7766666666666,3.10833333333333,991.76,33.1595,34.8966666666666,379.988333333333,175.88,24.8866666666667,82.7766666666666,3.10833333333333,991.76
2016,207,11,24.6045,46.645,479.326666666667,223.72,25.8683333333333,80.8933333333333,2.355,991.743333333333,24.6045,46.645,479.326666666667,223.72,25.8683333333333,80.8933333333333,2.355,991.743333333333
2016,207,12,20.938,195.868333333333,426.261666666667,263.633333333333,26.97,76.0516666666667,1.83333333333333,991.476666666666,20.938,195.868333333333,426.261666666667,263.633333333333,26.97,76.0516666666667,1.83333333333333,991.476666666666
2016,207,13,24.3946666666667,307.421666666667,448.598333333333,321.294915254237,27.675,71.7166666666667,2.74333333333333,990.653333333334,24.3946666666667,307.421666666667,448.598333333333,321.294915254237,27.675,71.7166666666667,2.74333333333333,990.653333333334
2016,207,14,32.8501666666667,145.726666666667,489.901666666667,269.678333333333,28.3916666666667,70.7183333333333,1.97833333333333,990.038333333334,32.8501666666667,145.726666666667,489.901666666667,269.678333333333,28.3916666666667,70.7183333333333,1.97833333333333,990.038333333334
2016,207,15,43.4093333333333,3.03166666666667,210.956666666667,105.7225,27.7516666666667,74.5516666666667,1.79833333333333,990.006666666667,43.4093333333333,3.03166666666667,210.956666666667,105.7225,27.7516666666667,74.5516666666667,1.79833333333333,990.006666666667
2016,207,16,54.7068333333333,113.636666666667,281.868333333333,150.848333333333,28.085,72.245,1.49166666666667,989.763333333333,54.7068333333333,113.636666666667,281.868333333333,150.848333333333,28.085,72.245,1.49166666666667,989.763333333333
2016,207,17,66.1496666666667,111.955,168.256666666667,85.985,27.69,74.1583333333333,2.42833333333333,989.400000000001,66.1496666666667,111.955,168.256666666667,85.985,27.69,74.1583333333333,2.42833333333333,989.400000000001
2016,207,18,77.3888333333333,183.935,87.615,57.745,27.18,73.8566666666667,2.21833333333333,989.555,77.3888333333333,183.935,87.615,57.745,27.18,73.8566666666667,2.21833333333333,989.555
2016,207,19,88.0581666666667,16.3833333333333,25.41,10.8711538461538,25.735,81.63,1.825,990.074999999999,88.0581666666667,16.3833333333333,25.41,10.8711538461538,25.735,81.63,1.825,990.074999999999
2016,207,20,98.2855,0.4,-0.268333333333333,0.015,24.8016666666667,83.5183333333333,2.12833333333333,990.428333333334,98.2855,0.4,-0.268333333333333,0.015,24.8016666666667,83.5183333333333,2.12833333333333,990.428333333334
2016,207,21,107.095333333333,0.4,-0.4,0,23.7483333333333,87.3383333333333,2.03166666666667,990.996666666666,107.095333333333,0.4,-0.4,0,23.7483333333333,87.3383333333333,2.03166666666667,990.996666666666
2016,207,22,114.151666666667,0.396666666666666,-0.4,0,22.9433333333333,90.3683333333334,1.77,991.153333333333,114.151666666667,0.396666666666666,-0.4,0,22.9433333333333,90.3683333333334,1.77,991.153333333333
2016,207,23,118.809,0.4,-0.4,0,22.8433333333333,89.6983333333333,1.63833333333333,991.299999999999,118.809,0.4,-0.4,0,22.8433333333333,89.6983333333333,1.63833333333333,991.299999999999
2016,208,0,120.486333333333,0.305,-0.173333333333333,0,22.52,90.0033333333333,1.68333333333333,991.199999999999,120.486333333333,0.305,-0.173333333333333,0,22.52,90.0033333333333,1.68333333333333,991.199999999999
2016,208,1,118.935,0.365,-0.356666666666666,0,22.5883333333333,89.4183333333333,1.67,991.035,118.935,0.365,-0.356666666666666,0,22.5883333333333,89.4183333333333,1.67,991.035
2016,208,2,114.386166666667,0.33,-0.373333333333333,0,22.5033333333333,88.8283333333333,2.205,990.931666666666,114.386166666667,0.33,-0.373333333333333,0,22.5033333333333,88.8283333333333,2.205,990.931666666666
2016,208,3,107.412,0.201666666666667,-0.356666666666667,0,22.4983333333333,90.1533333333334,2.07666666666667,991.403333333333,107.412,0.201666666666667,-0.356666666666667,0,22.4983333333333,90.1533333333334,2.07666666666667,991.403333333333
2016,208,4,98.6626666666667,0.336666666666667,-0.345,0,22.2833333333333,91.2883333333334,2.225,991.638333333333,98.6626666666667,0.336666666666667,-0.345,0,22.2833333333333,91.2883333333334,2.225,991.638333333333
2016,208,5,88.4745,0.00666666666666667,7.63166666666667,3.37833333333333,22.115,90.805,2.055,991.778333333334,88.4745,0.00666666666666667,7.63166666666667,3.37833333333333,22.115,90.805,2.055,991.778333333334
2016,208,6,77.8305,0.488333333333333,56.685,25.735,22.1666666666667,91.6166666666667,1.82,992.006666666666,77.8305,0.488333333333333,56.685,25.735,22.1666666666667,91.6166666666667,1.82,992.006666666666
2016,208,7,66.6141666666667,108.585,152.508333333333,82.4966666666667,23.35,84.5866666666667,1.92333333333333,992.386666666668,66.6141666666667,108.585,152.508333333333,82.4966666666667,23.35,84.5866666666667,1.92333333333333,992.386666666668
2016,208,8,55.1821666666667,397.831666666667,284.176666666667,216.445762711864,25.2116666666667,62.1416666666667,3.4,992.280000000001,55.1821666666667,397.831666666667,284.176666666667,216.445762711864,25.2116666666667,62.1416666666667,3.4,992.280000000001
2016,208,9,43.8885,199.245,413.235,240.103333333333,25.53,66,3.28166666666667,992.231666666665,43.8885,199.245,413.235,240.103333333333,25.53,66,3.28166666666667,992.231666666665
2016,208,10,33.3171666666667,599.206666666666,299.841666666667,348.706666666667,26.2583333333333,61.9933333333333,3.37,992.051666666667,33.3171666666667,599.206666666666,299.841666666667,348.706666666667,26.2583333333333,61.9933333333333,3.37,992.051666666667
2016,208,11,24.7988333333333,323.413333333333,464.956666666667,331.143333333333,26.1483333333333,62.335,2.89833333333333,992.023333333333,24.7988333333333,323.413333333333,464.956666666667,331.143333333333,26.1483333333333,62.335,2.89833333333333,992.023333333333
2016,208,12,21.1585,330.313333333333,642.768333333334,415.311666666667,26.2316666666667,62.815,3.76333333333333,991.778333333332,21.1585,330.313333333333,642.768333333334,415.311666666667,26.2316666666667,62.815,3.76333333333333,991.778333333332
2016,208,13,24.5916666666667,215.508333333333,531.395,314.335,26.4016666666667,62.3533333333333,3.82333333333333,991.446666666667,24.5916666666667,215.508333333333,531.395,314.335,26.4016666666667,62.3533333333333,3.82333333333333,991.446666666667
2016,208,14,33.0108333333333,552.405,257.228333333333,319.805,27.0716666666667,63.3833333333333,2.51166666666667,990.908333333333,33.0108333333333,552.405,257.228333333333,319.805,27.0716666666667,63.3833333333333,2.51166666666667,990.908333333333
2016,208,15,43.5501666666667,840.305,114.496666666667,312.988333333333,27.4833333333333,61.82,2.78833333333333,990.428333333333,43.5501666666667,840.305,114.496666666667,312.988333333333,27.4833333333333,61.82,2.78833333333333,990.428333333333
2016,208,16,54.8391666666667,768.471666666667,106.141666666667,236.163333333333,27.6733333333333,61.0616666666666,2.60833333333333,990.221666666667,54.8391666666667,768.471666666667,106.141666666667,236.163333333333,27.6733333333333,61.0616666666666,2.60833333333333,990.221666666667
2016,208,17,66.2856666666667,694.468333333333,73.6516666666667,150.296666666667,27.5216666666667,62.58,2.31166666666667,990.346666666668,66.2856666666667,694.468333333333,73.6516666666667,150.296666666667,27.5216666666667,62.58,2.31166666666667,990.346666666668
2016,208,18,77.5285,513.803333333334,48.235,67.75,27.1333333333333,67.9216666666667,1.40833333333333,990.275,77.5285,513.803333333334,48.235,67.75,27.1333333333333,67.9216666666667,1.40833333333333,990.275
2016,208,19,88.2138333333333,127.455,13.8916666666667,10.0233333333333,26.235,69.86,1.27333333333333,990.186666666666,88.2138333333333,127.455,13.8916666666667,10.0233333333333,26.235,69.86,1.27333333333333,990.186666666666
2016,208,20,98.4538333333333,0.4,-0.368333333333333,0.0133333333333333,24.38,80.7516666666667,1.00166666666667,990.581666666666,98.4538333333333,0.4,-0.368333333333333,0.0133333333333333,24.38,80.7516666666667,1.00166666666667,990.581666666666
2016,208,21,107.281333333333,0.4,-0.396666666666666,0,22.9983333333333,85.035,1.36833333333333,991.038333333334,107.281333333333,0.4,-0.396666666666666,0,22.9983333333333,85.035,1.36833333333333,991.038333333334
2016,208,22,114.357166666667,0.398333333333333,-0.383333333333333,0,22.215,85.615,1.08448275862069,991.370000000001,114.357166666667,0.398333333333333,-0.383333333333333,0,22.215,85.615,1.08448275862069,991.370000000001
2016,208,23,119.029166666667,0.361666666666667,-0.398333333333333,0,21.9983333333333,85.265,1.34666666666667,991.278333333333,119.029166666667,0.361666666666667,-0.398333333333333,0,21.9983333333333,85.265,1.34666666666667,991.278333333333
2016,209,0,120.712166666667,0.38,-0.4,0,21.385,91.14,1.31,990.971666666667,120.712166666667,0.38,-0.4,0,21.385,91.14,1.31,990.971666666667
2016,209,1,119.1545,0.4,-0.4,0,20.8516666666667,90,1.08909090909091,990.558333333333,119.1545,0.4,-0.4,0,20.8516666666667,90,1.08909090909091,990.558333333333
2016,209,2,114.590333333333,0.4,-0.4,0,19.6766666666667,93.4549999999999,0.753846153846154,990.445,114.590333333333,0.4,-0.4,0,19.6766666666667,93.4549999999999,0.753846153846154,990.445
2016,209,3,107.598833333333,0.4,-0.4,0,19.53,95.3983333333333,0.9,990.615,107.598833333333,0.4,-0.4,0,19.53,95.3983333333333,0.9,990.615
2016,209,4,98.8286666666667,0.398333333333333,-0.348333333333333,0,19.0716666666667,96.0816666666667,1.48166666666667,991.286666666667,98.8286666666667,0.398333333333333,-0.348333333333333,0,19.0716666666667,96.0816666666667,1.48166666666667,991.286666666667
2016,209,5,88.6295,84.94,13.83,9.36666666666667,19.085,95.52,1.14,991.748333333334,88.6295,84.94,13.83,9.36666666666667,19.085,95.52,1.14,991.748333333334
2016,209,6,77.9691666666667,441.583333333334,56.4683333333333,69.9683333333333,20.37,91.3616666666667,0.561363636363636,991.978333333333,77.9691666666667,441.583333333334,56.4683333333333,69.9683333333333,20.37,91.3616666666667,0.561363636363636,991.978333333333
2016,209,7,66.747,651.75,78.5716666666667,146.64,22.86,84.3233333333333,1.805,991.515000000001,66.747,651.75,78.5716666666667,146.64,22.86,84.3233333333333,1.805,991.515000000001
2016,209,8,55.3136666666667,774.236666666667,90.205,231.148333333333,24.5366666666667,78.0316666666667,2.69,991.091666666667,55.3136666666667,774.236666666667,90.205,231.148333333333,24.5366666666667,78.0316666666667,2.69,991.091666666667
2016,209,9,44.0288333333333,785.68,125.675,299.901666666667,26.0083333333333,70.7683333333333,2.93166666666667,990.988333333333,44.0288333333333,785.68,125.675,299.901666666667,26.0083333333333,70.7683333333333,2.93166666666667,990.988333333333
2016,209,10,33.4788333333333,734.176666666667,160.488333333333,338.681666666667,26.79,66.9816666666667,3.10333333333333,991.311666666667,33.4788333333333,734.176666666667,160.488333333333,338.681666666667,26.79,66.9816666666667,3.10333333333333,991.311666666667
2016,209,11,24.9968333333333,791.025,192.263793103448,397.723728813559,27.9566666666667,62.3083333333333,1.92881355932203,991.074999999999,24.9968333333333,791.025,192.263793103448,397.723728813559,27.9566666666667,62.3083333333333,1.92881355932203,991.074999999999
2016,209,12,21.3848333333333,754.055,216.253571428571,405.618333333333,28.4916666666667,59.0883333333333,1.685,990.67,21.3848333333333,754.055,216.253571428571,405.618333333333,28.4916666666667,59.0883333333333,1.685,990.67
2016,209,13,24.7953333333333,603.476666666667,270.71,358.221666666667,29.1583333333333,50.1966666666667,1.32833333333333,989.773333333333,24.7953333333333,603.476666666667,270.71,358.221666666667,29.1583333333333,50.1966666666667,1.32833333333333,989.773333333333
2016,209,14,33.1783333333333,3.37666666666667,221.021666666667,94.5766666666667,27.99,61.275,1.81833333333333,989.278333333334,33.1783333333333,3.37666666666667,221.021666666667,94.5766666666667,27.99,61.275,1.81833333333333,989.278333333334
2016,209,15,43.6965,302.816666666667,222.5,184.89,27.6466666666667,67.4933333333333,2.07333333333333,988.883333333333,43.6965,302.816666666667,222.5,184.89,27.6466666666667,67.4933333333333,2.07333333333333,988.883333333333
2016,209,16,54.9778333333333,700.911666666667,123.563333333333,230.476666666667,28.4683333333333,57.8266666666667,2.85,988.196666666666,54.9778333333333,700.911666666667,123.563333333333,230.476666666667,28.4683333333333,57.8266666666667,2.85,988.196666666666
2016,209,17,66.4245,583.293333333333,114.326666666667,150.375,28.415,60.4166666666667,1.99333333333333,987.868333333333,66.4245,583.293333333333,114.326666666667,150.375,28.415,60.4166666666667,1.99333333333333,987.868333333333
2016,209,18,77.6741666666667,357.98,65.535,60.3216666666667,27.6683333333333,67.8483333333333,1.47666666666667,987.674999999999,77.6741666666667,357.98,65.535,60.3216666666667,27.6683333333333,67.8483333333333,1.47666666666667,987.674999999999
2016,209,19,88.3753333333333,55.7,14.845,8.44833333333333,26.0083333333333,76.785,2.505,987.843333333334,88.3753333333333,55.7,14.845,8.44833333333333,26.0083333333333,76.785,2.505,987.843333333334
2016,209,20,98.6275,0.4,-0.39,0.00166666666666667,24.7883333333333,80.6466666666667,2.41666666666667,988.468333333333,98.6275,0.4,-0.39,0.00166666666666667,24.7883333333333,80.6466666666667,2.41666666666667,988.468333333333
2016,209,21,107.474166666667,0.336666666666667,-0.361666666666667,0,24.0933333333333,82.315,1.51166666666667,989.238333333334,107.474166666667,0.336666666666667,-0.361666666666667,0,24.0933333333333,82.315,1.51166666666667,989.238333333334
2016,209,22,114.5675,0.388333333333333,-0.395,0,24.505,78.7966666666667,2.215,988.978333333334,114.5675,0.388333333333333,-0.395,0,24.505,78.7966666666667,2.215,988.978333333334
2016,209,23,119.2545,0.358333333333333,-0.4,0,23.75,83.1166666666667,1.91333333333333,988.698333333333,119.2545,0.358333333333333,-0.4,0,23.75,83.1166666666667,1.91333333333333,988.698333333333
2016,210,0,120.9425,0.288333333333333,-0.4,0,23.0966666666666,84.5783333333334,2.50333333333333,988.181666666667,120.9425,0.288333333333333,-0.4,0,23.0966666666666,84.5783333333334,2.50333333333333,988.181666666667
2016,210,1,119.379666666667,0.271666666666667,-0.4,0,22.425,86.49,1.52333333333333,987.521666666667,119.379666666667,0.271666666666667,-0.4,0,22.425,86.49,1.52333333333333,987.521666666667
2016,210,2,114.798666666667,0.4,-0.38,0,22.1016666666667,87.5483333333333,0.403333333333333,987.218333333332,114.798666666667,0.4,-0.38,0,22.1016666666667,87.5483333333333,0.403333333333333,987.218333333332
2016,210,3,107.786833333333,0.388333333333333,-0.4,0,21.9833333333333,87.285,1.07,986.804999999999,107.786833333333,0.388333333333333,-0.4,0,21.9833333333333,87.285,1.07,986.804999999999
2016,210,4,98.9981666666667,0.203333333333333,-0.261666666666667,0,21.8283333333333,88.0966666666666,1.82666666666667,986.831666666667,98.9981666666667,0.203333333333333,-0.261666666666667,0,21.8283333333333,88.0966666666666,1.82666666666667,986.831666666667
2016,210,5,88.7868333333333,0.11,7.44166666666667,3.66333333333333,21.6883333333334,89.7583333333333,2.55166666666667,987.131666666666,88.7868333333333,0.11,7.44166666666667,3.66333333333333,21.6883333333334,89.7583333333333,2.55166666666667,987.131666666666
2016,210,6,78.1085,0.216666666666667,25.08,11.4929824561404,21.96,90.6333333333333,3.96333333333333,987.718333333333,78.1085,0.216666666666667,25.08,11.4929824561404,21.96,90.6333333333333,3.96333333333333,987.718333333333
2016,210,7,66.8795,0.04,8.87,4.49166666666667,21.475,88.8783333333333,4.17666666666667,988.04,66.8795,0.04,8.87,4.49166666666667,21.475,88.8783333333333,4.17666666666667,988.04
2016,210,8,55.4463333333333,0.171666666666667,113.015,49.635,21.5233333333333,92.8016666666667,1.96666666666667,987.885,55.4463333333333,0.171666666666667,113.015,49.635,21.5233333333333,92.8016666666667,1.96666666666667,987.885
2016,210,9,44.1703333333333,26.595,173.243333333333,84.9883333333334,22.1,90.5083333333334,1.28166666666667,987.750000000001,44.1703333333333,26.595,173.243333333333,84.9883333333334,22.1,90.5083333333334,1.28166666666667,987.750000000001
2016,210,10,33.6416666666667,730.003333333333,174.851666666667,343.418333333333,24.52,77.0933333333333,1.335,987.541666666667,33.6416666666667,730.003333333333,174.851666666667,343.418333333333,24.52,77.0933333333333,1.335,987.541666666667
2016,210,11,25.1986666666667,780.353333333333,192.426666666667,393.645,26.815,66.3616666666667,1.06,986.851666666667,25.1986666666667,780.353333333333,192.426666666667,393.645,26.815,66.3616666666667,1.06,986.851666666667
2016,210,12,21.6153333333333,438.461666666667,297.271666666667,309.448333333333,26.8766666666667,71.7816666666667,1.76833333333333,986.701666666666,21.6153333333333,438.461666666667,297.271666666667,309.448333333333,26.8766666666667,71.7816666666667,1.76833333333333,986.701666666666
2016,210,13,25.0048333333333,454.561666666667,329.043333333333,326.91,27.4,69.3966666666667,2.47833333333333,986.226666666667,25.0048333333333,454.561666666667,329.043333333333,326.91,27.4,69.3966666666667,2.47833333333333,986.226666666667
2016,210,14,33.3528333333333,466.553333333333,319.163333333333,309.866101694915,28.1116666666667,65.3883333333333,1.84666666666667,985.868333333333,33.3528333333333,466.553333333333,319.163333333333,309.866101694915,28.1116666666667,65.3883333333333,1.84666666666667,985.868333333333
2016,210,15,43.8491666666667,1.05166666666667,144.655,62.7516666666667,27.4033333333333,69.3133333333333,1.285,986.039999999999,43.8491666666667,1.05166666666667,144.655,62.7516666666667,27.4033333333333,69.3133333333333,1.285,986.039999999999
2016,210,16,55.1231666666667,257.683333333333,176.84,140.541666666667,25.8166666666667,80.6783333333333,2.90666666666667,986.194999999999,55.1231666666667,257.683333333333,176.84,140.541666666667,25.8166666666667,80.6783333333333,2.90666666666667,986.194999999999
2016,210,17,66.5685,605.135,95.8483333333333,147.013333333333,25.6883333333333,79.1966666666667,2.12666666666667,986.22,66.5685,605.135,95.8483333333333,147.013333333333,25.6883333333333,79.1966666666667,2.12666666666667,986.22
2016,210,18,77.8246666666667,250.37,68.1933333333333,53.395,25.7116666666667,81.535,1.74666666666667,986.573333333333,77.8246666666667,250.37,68.1933333333333,53.395,25.7116666666667,81.535,1.74666666666667,986.573333333333
2016,210,19,88.5413333333333,51.3466666666667,13.6016666666667,8.075,24.8133333333334,87.5683333333333,1.31166666666667,986.213333333334,88.5413333333333,51.3466666666667,13.6016666666667,8.075,24.8133333333334,87.5683333333333,1.31166666666667,986.213333333334
2016,210,20,98.807,0.4,-0.395,0,23.6116666666667,91.2466666666666,1.62833333333333,986.913333333333,98.807,0.4,-0.395,0,23.6116666666667,91.2466666666666,1.62833333333333,986.913333333333
2016,210,21,107.671666666667,0.4,-0.4,0,22.4516666666667,90.015,1.97833333333333,987.283333333333,107.671666666667,0.4,-0.4,0,22.4516666666667,90.015,1.97833333333333,987.283333333333
2016,210,22,114.783333333333,0.256666666666667,-0.361666666666667,0,21.5216666666667,92.615,2.11833333333333,987.58,114.783333333333,0.256666666666667,-0.361666666666667,0,21.5216666666667,92.615,2.11833333333333,987.58
2016,210,23,119.485333333333,0.185,-0.398333333333333,0,21.1216666666667,95.275,1.13166666666667,987.8,119.485333333333,0.185,-0.398333333333333,0,21.1216666666667,95.275,1.13166666666667,987.8
2016,211,0,121.178833333333,0.381666666666667,-0.4,0,20.9383333333333,95.885,1.155,987.598333333333,121.178833333333,0.381666666666667,-0.4,0,20.9383333333333,95.885,1.155,987.598333333333
2016,211,1,119.606833333333,0.11,-0.335,0,21,96.4066666666667,1.39833333333333,987.445,119.606833333333,0.11,-0.335,0,21,96.4066666666667,1.39833333333333,987.445
2016,211,2,115.009833333333,0.241666666666667,-0.4,0,20.7966666666667,96.3933333333334,0.87,987.219999999999,115.009833333333,0.241666666666667,-0.4,0,20.7966666666667,96.3933333333334,0.87,987.219999999999
2016,211,3,107.977833333333,0.27,-0.4,0,19.8883333333333,96.5216666666666,0.836666666666667,987.101666666666,107.977833333333,0.27,-0.4,0,19.8883333333333,96.5216666666666,0.836666666666667,987.101666666666
2016,211,4,99.1696666666667,0.0766666666666667,-0.306666666666667,0,19.4566666666667,96.8116666666667,2.25333333333333,987.461666666666,99.1696666666667,0.0766666666666667,-0.306666666666667,0,19.4566666666667,96.8116666666667,2.25333333333333,987.461666666666
2016,211,5,88.9441666666667,0.328333333333333,12.1666666666667,6.02,19.09,96.9016666666666,0.65,987.546666666666,88.9441666666667,0.328333333333333,12.1666666666667,6.02,19.09,96.9016666666666,0.65,987.546666666666
2016,211,6,78.2503333333333,11.8866666666667,92.655,42.8216666666667,19.645,97.1166666666667,1.48833333333333,987.848333333334,78.2503333333333,11.8866666666667,92.655,42.8216666666667,19.645,97.1166666666667,1.48833333333333,987.848333333334
2016,211,7,67.0155,261.631666666667,150.948333333333,116.335,21.2833333333333,96.6416666666667,1.69166666666667,988.193333333333,67.0155,261.631666666667,150.948333333333,116.335,21.2833333333333,96.6416666666667,1.69166666666667,988.193333333333
2016,211,8,55.5821666666667,209.575,286.251666666667,170.76,23.7233333333333,89.26,1.06333333333333,988.234999999999,55.5821666666667,209.575,286.251666666667,170.76,23.7233333333333,89.26,1.06333333333333,988.234999999999
2016,211,9,44.314,0.771666666666666,241.763333333333,101.411666666667,24.3416666666667,82.4983333333333,1.76666666666667,988.338333333334,44.314,0.771666666666666,241.763333333333,101.411666666667,24.3416666666667,82.4983333333333,1.76666666666667,988.338333333334
2016,211,10,33.8081666666667,16.0066666666667,377.808333333333,166.941666666667,24.98,77.9683333333333,2.325,988.418333333333,33.8081666666667,16.0066666666667,377.808333333333,166.941666666667,24.98,77.9683333333333,2.325,988.418333333333
2016,211,11,25.4056666666667,253.148333333333,539.465,335.591666666667,25.8733333333333,68.04,2.82333333333334,988.196666666666,25.4056666666667,253.148333333333,539.465,335.591666666667,25.8733333333333,68.04,2.82333333333334,988.196666666666
2016,211,12,21.8508333333333,377.046666666667,416.08,338.92,26.1183333333333,67.3866666666667,3.54833333333333,988.104999999999,21.8508333333333,377.046666666667,416.08,338.92,26.1183333333333,67.3866666666667,3.54833333333333,988.104999999999
2016,211,13,25.2196666666667,593.725,243.218333333333,341.927118644068,26.4083333333333,65.9266666666667,4.515,987.651666666667,25.2196666666667,593.725,243.218333333333,341.927118644068,26.4083333333333,65.9266666666667,4.515,987.651666666667
2016,211,14,33.5323333333333,653.975,220.74,335.903333333333,26.6683333333333,64.2533333333333,4.56833333333333,986.863333333333,33.5323333333333,653.975,220.74,335.903333333333,26.6683333333333,64.2533333333333,4.56833333333333,986.863333333333
2016,211,15,44.0068333333333,591.745,194.306666666667,271.335,26.9766666666667,59.19,3.635,986.698333333333,44.0068333333333,591.745,194.306666666667,271.335,26.9766666666667,59.19,3.635,986.698333333333
2016,211,16,55.2725,584.728333333333,168.483333333333,219.02,26.985,60.775,3.26666666666667,986.878333333334,55.2725,584.728333333333,168.483333333333,219.02,26.985,60.775,3.26666666666667,986.878333333334
2016,211,17,66.718,224.833333333333,138.455,99.32,26.2983333333333,68.7616666666667,2.93333333333333,987.069999999999,66.718,224.833333333333,138.455,99.32,26.2983333333333,68.7616666666667,2.93333333333333,987.069999999999
2016,211,18,77.9803333333333,333.996666666667,77.7383333333334,60.45,25.63,70.98,3.26333333333333,987.101666666665,77.9803333333333,333.996666666667,77.7383333333334,60.45,25.63,70.98,3.26333333333333,987.101666666665
2016,211,19,88.7118333333333,109.633333333333,12.79,9.06,24.1866666666667,76.27,2.36666666666667,987.496666666666,88.7118333333333,109.633333333333,12.79,9.06,24.1866666666667,76.27,2.36666666666667,987.496666666666
2016,211,20,98.9913333333333,0.4,-0.348333333333333,0,23.2233333333333,80.7016666666667,1.6,987.826666666667,98.9913333333333,0.4,-0.348333333333333,0,23.2233333333333,80.7016666666667,1.6,987.826666666667
2016,211,21,107.874333333333,0.4,-0.396666666666666,0,22.1883333333333,84.595,1.98833333333333,987.956666666667,107.874333333333,0.4,-0.396666666666666,0,22.1883333333333,84.595,1.98833333333333,987.956666666667
2016,211,22,115.006,0.4,-0.4,0,20.9733333333333,90.1316666666667,1.12,987.763333333332,115.006,0.4,-0.4,0,20.9733333333333,90.1316666666667,1.12,987.763333333332
2016,211,23,119.721833333333,0.4,-0.4,0,20.3883333333333,92,1.47666666666667,987.861666666667,119.721833333333,0.4,-0.4,0,20.3883333333333,92,1.47666666666667,987.861666666667
2016,212,0,121.42,0.391666666666666,-0.4,0,19.4533333333333,94.5966666666666,1.83333333333333,987.860000000001,121.42,0.391666666666666,-0.4,0,19.4533333333333,94.5966666666666,1.83333333333333,987.860000000001
2016,212,1,119.840333333333,0.396666666666666,-0.4,0,18.9066666666667,95.0733333333333,1.43666666666667,987.87,119.840333333333,0.396666666666666,-0.4,0,18.9066666666667,95.0733333333333,1.43666666666667,987.87
2016,212,2,115.226333333333,0.138333333333333,-0.396666666666666,0,18.3733333333333,95.8216666666666,2.12666666666667,987.933333333334,115.226333333333,0.138333333333333,-0.396666666666666,0,18.3733333333333,95.8216666666666,2.12666666666667,987.933333333334
2016,212,3,108.172333333333,0.045,-0.4,0,18.3666666666667,95.9216666666666,2.06,988.033333333333,108.172333333333,0.045,-0.4,0,18.3666666666667,95.9216666666666,2.06,988.033333333333
2016,212,4,99.3426666666667,0.245,-0.373333333333333,0,18.04,96.1966666666666,1.63666666666667,988.286666666667,99.3426666666667,0.245,-0.373333333333333,0,18.04,96.1966666666666,1.63666666666667,988.286666666667
2016,212,5,89.1043333333333,0.13125,11.1716666666667,9.18666666666667,17.9716666666667,96.2,1.37333333333333,988.568333333332,89.1043333333333,0.13125,11.1716666666667,9.18666666666667,17.9716666666667,96.2,1.37333333333333,988.568333333332
2016,212,6,78.3926666666667,527.616279069767,48.0216666666667,71.9716666666667,18.6466666666667,94.8716666666666,1.80333333333333,989.109999999999,78.3926666666667,527.616279069767,48.0216666666667,71.9716666666667,18.6466666666667,94.8716666666666,1.80333333333333,989.109999999999
2016,212,7,67.1508333333333,565.261666666667,109.965,145.09,20.165,91.5683333333333,2.63166666666667,989.363333333334,67.1508333333333,565.261666666667,109.965,145.09,20.165,91.5683333333333,2.63166666666667,989.363333333334
2016,212,8,55.7176666666667,59.6466666666667,296.938333333333,136.896666666667,20.5883333333333,91.1,3.51833333333333,989.526666666666,55.7176666666667,59.6466666666667,296.938333333333,136.896666666667,20.5883333333333,91.1,3.51833333333333,989.526666666666
2016,212,9,44.4595,12.425,335.941666666667,137.85,21.3,88.01,3.66833333333333,989.66,44.4595,12.425,335.941666666667,137.85,21.3,88.01,3.66833333333333,989.66
2016,212,10,33.9781666666667,35.8316666666667,420.875,184.851666666667,21.94,83.33,3.86,989.818333333334,33.9781666666667,35.8316666666667,420.875,184.851666666667,21.94,83.33,3.86,989.818333333334
2016,212,11,25.6158333333333,113.76,434.183333333333,225.93220338983,23.465,76.9933333333333,2.16666666666667,989.916666666667,25.6158333333333,113.76,434.183333333333,225.93220338983,23.465,76.9933333333333,2.16666666666667,989.916666666667
2016,212,12,22.0933333333333,756.558333333334,300.233333333333,431.68813559322,24.9916666666667,69.6316666666666,1.69666666666667,989.621666666667,22.0933333333333,756.558333333334,300.233333333333,431.68813559322,24.9916666666667,69.6316666666666,1.69666666666667,989.621666666667
2016,212,13,25.4415,742.451666666667,227.445,385.938983050848,25.8083333333333,63.2466666666667,2.66666666666667,988.993333333334,25.4415,742.451666666667,227.445,385.938983050848,25.8083333333333,63.2466666666667,2.66666666666667,988.993333333334
2016,212,14,33.7175,688.675,262.67,359.549152542373,26.3083333333333,60.685,3.195,988.641666666667,33.7175,688.675,262.67,359.549152542373,26.3083333333333,60.685,3.195,988.641666666667
2016,212,15,44.171,257.156666666667,254.728333333333,186.726666666667,26.1316666666667,63.185,2.865,988.428333333334,44.171,257.156666666667,254.728333333333,186.726666666667,26.1316666666667,63.185,2.865,988.428333333334
2016,212,16,55.4261666666667,472.92,169.388333333333,189.745762711864,26.1916666666667,64.58,3.28166666666667,988.348333333334,55.4261666666667,472.92,169.388333333333,189.745762711864,26.1916666666667,64.58,3.28166666666667,988.348333333334
2016,212,17,66.874,317.548333333333,142.878333333333,117.938333333333,25.8716666666667,67.835,3.84,988.361666666668,66.874,317.548333333333,142.878333333333,117.938333333333,25.8716666666667,67.835,3.84,988.361666666668
2016,212,18,78.14,0.673333333333332,84.575,34.615,24.3516666666667,77.0916666666667,2.61333333333333,988.375000000001,78.14,0.673333333333332,84.575,34.615,24.3516666666667,77.0916666666667,2.61333333333333,988.375000000001
2016,212,19,88.888,1.27666666666667,9.24666666666667,4.59166666666667,23.1266666666667,83.8066666666667,1.38,988.533333333333,88.888,1.27666666666667,9.24666666666667,4.59166666666667,23.1266666666667,83.8066666666667,1.38,988.533333333333
2016,212,20,99.1806666666667,0.4,-0.36,0,22.785,84.5866666666667,0.185714285714286,988.943333333333,99.1806666666667,0.4,-0.36,0,22.785,84.5866666666667,0.185714285714286,988.943333333333
2016,212,21,108.083,0.4,-0.396666666666666,0,21.7383333333333,91.0133333333333,1.35681818181818,989.713333333334,108.083,0.4,-0.396666666666666,0,21.7383333333333,91.0133333333333,1.35681818181818,989.713333333334
2016,212,22,115.233166666667,0.4,-0.4,0,20.8,93.2666666666666,1.73666666666667,989.920000000001,115.233166666667,0.4,-0.4,0,20.8,93.2666666666666,1.73666666666667,989.920000000001
2016,212,23,119.963333333333,0.4,-0.4,0,20.2683333333334,94.39,1.50333333333333,990.175,119.963333333333,0.4,-0.4,0,20.2683333333334,94.39,1.50333333333333,990.175
2016,213,0,121.665666666667,0.396666666666666,-0.4,0,19.875,93.815,1.91,990.253333333334,121.665666666667,0.396666666666666,-0.4,0,19.875,93.815,1.91,990.253333333334
2016,213,1,120.077666666667,0.4,-0.4,0,19.11,93.9616666666667,1.70833333333333,990.271666666666,120.077666666667,0.4,-0.4,0,19.11,93.9616666666667,1.70833333333333,990.271666666666
2016,213,2,115.445166666667,0.4,-0.4,0,18.7033333333334,94.6716666666666,1.7,990.226666666666,115.445166666667,0.4,-0.4,0,18.7033333333334,94.6716666666666,1.7,990.226666666666
2016,213,3,108.3685,0.4,-0.4,0,18.335,95.4083333333334,1.44,990.203333333333,108.3685,0.4,-0.4,0,18.335,95.4083333333334,1.44,990.203333333333
2016,213,4,99.5185,0.4,-0.383333333333333,0,18.0266666666667,95.8366666666667,0.901818181818182,990.458333333333,99.5185,0.4,-0.383333333333333,0,18.0266666666667,95.8366666666667,0.901818181818182,990.458333333333
2016,213,5,89.2651666666667,25.4683333333333,13.2066666666667,7.13333333333333,17.6716666666667,96.2933333333334,1.32666666666667,990.981666666667,89.2651666666667,25.4683333333333,13.2066666666667,7.13333333333333,17.6716666666667,96.2933333333334,1.32666666666667,990.981666666667
2016,213,6,78.537,275.376666666667,76.4166666666667,59.4266666666667,18.6316666666667,95.9233333333334,1.75666666666667,991.485,78.537,275.376666666667,76.4166666666667,59.4266666666667,18.6316666666667,95.9233333333334,1.75666666666667,991.485
2016,213,7,67.289,408.895,152.381666666667,132.89,20.2333333333333,92.7016666666666,1.78666666666667,991.553333333333,67.289,408.895,152.381666666667,132.89,20.2333333333333,92.7016666666666,1.78666666666667,991.553333333333
2016,213,8,55.8555,643.628333333333,176.858333333333,232.265,22.1616666666667,87.1583333333334,2.025,991.56,55.8555,643.628333333333,176.858333333333,232.265,22.1616666666667,87.1583333333334,2.025,991.56
2016,213,9,44.608,706.113333333333,168.23,294.026666666667,23.62,81.1266666666667,2.35333333333333,991.47,44.608,706.113333333333,168.23,294.026666666667,23.62,81.1266666666667,2.35333333333333,991.47
2016,213,10,34.1498333333333,780.79,188.471666666667,362.273333333333,25.0716666666667,70.3916666666667,1.82,991.688333333334,34.1498333333333,780.79,188.471666666667,362.273333333333,25.0716666666667,70.3916666666667,1.82,991.688333333334
2016,213,11,25.829,520.701666666667,322.65,340.893103448276,25.8766666666667,64.995,1.65166666666667,991.694999999999,25.829,520.701666666667,322.65,340.893103448276,25.8766666666667,64.995,1.65166666666667,991.694999999999
2016,213,12,22.3386666666667,596.65,294.318333333333,380.159322033898,26.425,64.4583333333333,1.64833333333333,991.533333333333,22.3386666666667,596.65,294.318333333333,380.159322033898,26.425,64.4583333333333,1.64833333333333,991.533333333333
2016,213,13,25.669,659.296666666667,273.346666666667,379.023333333333,26.98,62.8216666666667,1.735,991.278333333332,25.669,659.296666666667,273.346666666667,379.023333333333,26.98,62.8216666666667,1.735,991.278333333332
2016,213,14,33.9096666666667,608.545,349.425,367.525,28.0333333333333,58.07,1.26833333333333,991.15,33.9096666666667,608.545,349.425,367.525,28.0333333333333,58.07,1.26833333333333,991.15
2016,213,15,44.3398333333333,522.306666666667,314.925,294.795,27.905,59.45,1.54833333333333,990.633333333333,44.3398333333333,522.306666666667,314.925,294.795,27.905,59.45,1.54833333333333,990.633333333333
2016,213,16,55.5865,420.798333333333,206.848333333333,192.558333333333,27.3216666666667,62.2533333333333,1.87166666666667,990.028333333334,55.5865,420.798333333333,206.848333333333,192.558333333333,27.3216666666667,62.2533333333333,1.87166666666667,990.028333333334
2016,213,17,67.034,503.948333333333,160.401666666667,149.025,27.32,61.8416666666666,1.6,989.94,67.034,503.948333333333,160.401666666667,149.025,27.32,61.8416666666666,1.6,989.94
2016,213,18,78.3063333333333,229.075,70.6933333333333,50.195,25.96,72.3183333333333,1.61333333333333,990.243333333334,78.3063333333333,229.075,70.6933333333333,50.195,25.96,72.3183333333333,1.61333333333333,990.243333333334
2016,213,19,89.0686666666667,10.6683333333333,10.5266666666667,5.22666666666666,24.9,77.5383333333334,1.17666666666667,990.85,89.0686666666667,10.6683333333333,10.5266666666667,5.22666666666666,24.9,77.5383333333334,1.17666666666667,990.85
2016,213,20,99.3751666666667,0.4,-0.4,0,23.9933333333333,78.8433333333333,1.20666666666667,991.35,99.3751666666667,0.4,-0.4,0,23.9933333333333,78.8433333333333,1.20666666666667,991.35
2016,213,21,108.296166666667,0.4,-0.4,0,23.3516666666667,80.5866666666667,1.79166666666667,992.049999999999,108.296166666667,0.4,-0.4,0,23.3516666666667,80.5866666666667,1.79166666666667,992.049999999999
2016,213,22,115.466333333333,0.396666666666666,-0.4,0,22.695,82.42,1.86666666666667,992.221666666666,115.466333333333,0.396666666666666,-0.4,0,22.695,82.42,1.86666666666667,992.221666666666
2016,213,23,120.211333333333,0.308333333333333,-0.388333333333333,0,22.1566666666667,83.9,2.225,992.143333333333,120.211333333333,0.308333333333333,-0.388333333333333,0,22.1566666666667,83.9,2.225,992.143333333333
2016,214,0,121.9165,0.381666666666667,-0.4,0,21.2933333333333,87.6916666666667,2.19333333333333,992.060000000001,121.9165,0.381666666666667,-0.4,0,21.2933333333333,87.6916666666667,2.19333333333333,992.060000000001
2016,214,1,120.319,0.193333333333333,-0.393333333333333,0,20.6966666666667,90.2116666666666,2.45,991.915000000001,120.319,0.193333333333333,-0.393333333333333,0,20.6966666666667,90.2116666666666,2.45,991.915000000001
2016,214,2,115.666833333333,0.298333333333333,-0.4,0,20.2583333333333,91.5916666666667,2.33,992.105,115.666833333333,0.298333333333333,-0.4,0,20.2583333333333,91.5916666666667,2.33,992.105
2016,214,3,108.567,0.0283333333333333,-0.353333333333333,0,20.1516666666667,92.8733333333333,2.34333333333333,991.98,108.567,0.0283333333333333,-0.353333333333333,0,20.1516666666667,92.8733333333333,2.34333333333333,991.98
2016,214,4,99.6953333333333,0.01,-0.385,0,19.9483333333333,93.955,2.35166666666667,992.048333333334,99.6953333333333,0.01,-0.385,0,19.9483333333333,93.955,2.35166666666667,992.048333333334
2016,214,5,89.4283333333333,1.59166666666667,11.8716666666667,4.28833333333333,20.0483333333333,93.57,2.345,992.268333333333,89.4283333333333,1.59166666666667,11.8716666666667,4.28833333333333,20.0483333333333,93.57,2.345,992.268333333333
2016,214,6,78.6823333333333,2.47166666666667,73.57,30.9716666666667,20.4,93.2333333333333,2.17833333333333,992.505,78.6823333333333,2.47166666666667,73.57,30.9716666666667,20.4,93.2333333333333,2.17833333333333,992.505
2016,214,7,67.4286666666667,3.48666666666667,154.731666666667,65.8283333333333,21.3783333333333,91.5700000000001,2.525,992.478333333334,67.4286666666667,3.48666666666667,154.731666666667,65.8283333333333,21.3783333333333,91.5700000000001,2.525,992.478333333334
2016,214,8,55.9948333333333,10.535,245.6,107.661666666667,22.4316666666667,87.705,2.43833333333333,992.583333333334,55.9948333333333,10.535,245.6,107.661666666667,22.4316666666667,87.705,2.43833333333333,992.583333333334
2016,214,9,44.7561666666667,45.3533333333333,307.77,146.345,23.5933333333333,82.3116666666667,2.68666666666667,992.928333333334,44.7561666666667,45.3533333333333,307.77,146.345,23.5933333333333,82.3116666666667,2.68666666666667,992.928333333334
2016,214,10,34.325,619.723333333333,288.771666666667,349.19,25.3,75.7466666666666,2.89833333333333,992.833333333334,34.325,619.723333333333,288.771666666667,349.19,25.3,75.7466666666666,2.89833333333333,992.833333333334
2016,214,11,26.0466666666667,562.761666666667,369.256666666667,376.928813559322,26.8233333333333,71.0133333333333,1.93333333333333,992.631666666666,26.0466666666667,562.761666666667,369.256666666667,376.928813559322,26.8233333333333,71.0133333333333,1.93333333333333,992.631666666666
2016,214,12,22.5893333333333,388.556666666667,478.573333333333,363.545,27.8066666666667,64.7016666666667,1.535,992.348333333333,22.5893333333333,388.556666666667,478.573333333333,363.545,27.8066666666667,64.7016666666667,1.535,992.348333333333
2016,214,13,25.902,126.51,302.018333333333,191.58125,26.93,70.2983333333333,2.565,991.996666666667,25.902,126.51,302.018333333333,191.58125,26.93,70.2983333333333,2.565,991.996666666667
2016,214,14,34.1065,489.841666666667,327.27,315.461016949153,26.7933333333333,70.735,2.73,991.535,34.1065,489.841666666667,327.27,315.461016949153,26.7933333333333,70.735,2.73,991.535
2016,214,15,44.5145,609.678333333334,203.021666666667,281.701666666667,28.17,62.9333333333333,2.39166666666667,990.723333333333,44.5145,609.678333333334,203.021666666667,281.701666666667,28.17,62.9333333333333,2.39166666666667,990.723333333333
2016,214,16,55.7526666666667,537.145,194.245,212.931666666667,28.4016666666667,60.8133333333333,2.03666666666667,990.495000000001,55.7526666666667,537.145,194.245,212.931666666667,28.4016666666667,60.8133333333333,2.03666666666667,990.495000000001
2016,214,17,67.198,476.32,103.681666666667,127.035,27.87,63.8116666666667,2.89666666666667,990.186666666666,67.198,476.32,103.681666666667,127.035,27.87,63.8116666666667,2.89666666666667,990.186666666666
2016,214,18,78.4773333333333,228.898333333333,56.5583333333333,45.295,26.42,72.7933333333333,2.12,990.411666666667,78.4773333333333,228.898333333333,56.5583333333333,45.295,26.42,72.7933333333333,2.12,990.411666666667
2016,214,19,89.2553333333333,45.9133333333334,11.1483333333333,6.60166666666667,25.85,75.0333333333333,1.03833333333333,991.205,89.2553333333333,45.9133333333334,11.1483333333333,6.60166666666667,25.85,75.0333333333333,1.03833333333333,991.205
2016,214,20,99.5753333333333,0.455,-0.4,0,24.9516666666667,79.2383333333333,0.96,992.031666666667,99.5753333333333,0.455,-0.4,0,24.9516666666667,79.2383333333333,0.96,992.031666666667
2016,214,21,108.516333333333,0.42,-0.4,0,23.775,82.9533333333333,1.75166666666667,992.726666666667,108.516333333333,0.42,-0.4,0,23.775,82.9533333333333,1.75166666666667,992.726666666667
2016,214,22,115.704833333333,0.306666666666667,-0.395,0,23.6866666666667,81.985,2.135,992.935,115.704833333333,0.306666666666667,-0.395,0,23.6866666666667,81.985,2.135,992.935
2016,214,23,120.463166666667,0.4,-0.4,0,22.4666666666667,87.19,1.06,993.178333333333,120.463166666667,0.4,-0.4,0,22.4666666666667,87.19,1.06,993.178333333333
2016,215,0,122.172166666667,0.4,-0.4,0,21.4366666666667,90.975,0.255,993.148333333333,122.172166666667,0.4,-0.4,0,21.4366666666667,90.975,0.255,993.148333333333
2016,215,1,120.564666666667,0.37,-0.4,0,21.2233333333333,92.525,0.371666666666667,992.809999999999,120.564666666667,0.37,-0.4,0,21.2233333333333,92.525,0.371666666666667,992.809999999999
2016,215,2,115.891833333333,0.393333333333333,-0.4,0,20.775,92.5583333333333,0.893333333333333,992.511666666667,115.891833333333,0.393333333333333,-0.4,0,20.775,92.5583333333333,0.893333333333333,992.511666666667
2016,215,3,108.769166666667,0.28,-0.4,0,20.9816666666667,87.4483333333333,2.21833333333333,992.381666666667,108.769166666667,0.28,-0.4,0,20.9816666666667,87.4483333333333,2.21833333333333,992.381666666667
2016,215,4,99.8746666666667,0.341666666666667,-0.393333333333333,0,20.3433333333333,88.6116666666667,1.15666666666667,992.326666666667,99.8746666666667,0.341666666666667,-0.393333333333333,0,20.3433333333333,88.6116666666667,1.15666666666667,992.326666666667
2016,215,5,89.592,59.055,24.22,11.7153846153846,19.855,90.8,1.03333333333333,992.756666666667,89.592,59.055,24.22,11.7153846153846,19.855,90.8,1.03333333333333,992.756666666667
2016,215,6,78.8293333333333,118.711666666667,99.4666666666667,50.835,20.785,90.2116666666667,0.433333333333333,993.045,78.8293333333333,118.711666666667,99.4666666666667,50.835,20.785,90.2116666666667,0.433333333333333,993.045
2016,215,7,67.569,11.285,176.706666666667,77.3166666666667,22.33,87.7283333333333,1.30833333333333,993.291666666667,67.569,11.285,176.706666666667,77.3166666666667,22.33,87.7283333333333,1.30833333333333,993.291666666667
2016,215,8,56.1355,56.17,275.8,132.576666666667,23.6233333333333,84.9133333333333,1.44,993.401666666668,56.1355,56.17,275.8,132.576666666667,23.6233333333333,84.9133333333333,1.44,993.401666666668
2016,215,9,44.9086666666667,91.9516666666667,324.306666666667,167.536666666667,25.0483333333333,80.13,1.64333333333333,993.353333333333,44.9086666666667,91.9516666666667,324.306666666667,167.536666666667,25.0483333333333,80.13,1.64333333333333,993.353333333333
2016,215,10,34.5026666666667,184.821666666667,421.458333333333,251.473333333333,26.5233333333333,73.0416666666667,1.28,993.910000000001,34.5026666666667,184.821666666667,421.458333333333,251.473333333333,26.5233333333333,73.0416666666667,1.28,993.910000000001
2016,215,11,26.2685,97.0216666666667,497.061666666667,250.326666666667,27.5216666666667,68.0566666666667,1.22833333333333,993.793333333332,26.2685,97.0216666666667,497.061666666667,250.326666666667,27.5216666666667,68.0566666666667,1.22833333333333,993.793333333332
2016,215,12,22.8445,130.243333333333,489.495,263.486666666667,27.815,66.7883333333333,1.34333333333333,993.431666666667,22.8445,130.243333333333,489.495,263.486666666667,27.815,66.7883333333333,1.34333333333333,993.431666666667
2016,215,13,26.141,94.1333333333333,457.726666666667,231.458333333333,28.4533333333333,64.5583333333333,0.813333333333334,992.886666666666,26.141,94.1333333333333,457.726666666667,231.458333333333,28.4533333333333,64.5583333333333,0.813333333333334,992.886666666666
2016,215,14,34.3098333333333,185.205,372.278333333333,226.93,28.1033333333333,66.1666666666667,1.205,992.31,34.3098333333333,185.205,372.278333333333,226.93,28.1033333333333,66.1666666666667,1.205,992.31
2016,215,15,44.6951666666667,50.0783333333333,346.746666666667,168.141666666667,27.9116666666667,68.55,2.19166666666667,991.649999999999,44.6951666666667,50.0783333333333,346.746666666667,168.141666666667,27.9116666666667,68.55,2.19166666666667,991.649999999999
2016,215,16,55.9233333333333,205.308333333333,306.393333333333,180.788333333333,27.6733333333333,71.0966666666666,3.43166666666667,991.251666666667,55.9233333333333,205.308333333333,306.393333333333,180.788333333333,27.6733333333333,71.0966666666666,3.43166666666667,991.251666666667
2016,215,17,67.3681666666667,201.911666666667,116.933333333333,92.1383333333333,27.3433333333333,71.4933333333333,2.19166666666667,991.131666666667,67.3681666666667,201.911666666667,116.933333333333,92.1383333333333,27.3433333333333,71.4933333333333,2.19166666666667,991.131666666667
2016,215,18,78.6521666666667,39.98,73.0833333333333,34.3483333333333,26.8666666666666,75.535,1.21833333333333,991.385000000001,78.6521666666667,39.98,73.0833333333333,34.3483333333333,26.8666666666666,75.535,1.21833333333333,991.385000000001
2016,215,19,89.4455,26.1566666666667,14.8766666666667,6.86833333333333,26.33,78.6933333333333,0.373684210526316,991.915,89.4455,26.1566666666667,14.8766666666667,6.86833333333333,26.33,78.6933333333333,0.373684210526316,991.915
2016,215,20,99.7806666666667,0.4,-0.4,0,25.5516666666667,82.3633333333333,0.844444444444444,992.24,99.7806666666667,0.4,-0.4,0,25.5516666666667,82.3633333333333,0.844444444444444,992.24
2016,215,21,108.740333333333,0.4,-0.4,0,24.805,84.745,1.59166666666667,992.504999999999,108.740333333333,0.4,-0.4,0,24.805,84.745,1.59166666666667,992.504999999999
2016,215,22,115.948166666667,0.398333333333333,-0.4,0,23.4283333333333,91.8783333333333,0.81,992.588333333333,115.948166666667,0.398333333333333,-0.4,0,23.4283333333333,91.8783333333333,0.81,992.588333333333
2016,215,23,120.7205,0.283333333333333,-0.381666666666666,0,23.3383333333333,91.1916666666666,0.885,992.496666666667,120.7205,0.283333333333333,-0.381666666666666,0,23.3383333333333,91.1916666666666,0.885,992.496666666667
2016,216,0,122.4325,0.376666666666666,-0.4,0,22.7766666666667,92.0433333333333,1.15166666666667,992.273333333333,122.4325,0.376666666666666,-0.4,0,22.7766666666667,92.0433333333333,1.15166666666667,992.273333333333
2016,216,1,120.813833333333,0.393333333333333,-0.4,0,22.365,91.33,1.15666666666667,991.968333333334,120.813833333333,0.393333333333333,-0.4,0,22.365,91.33,1.15666666666667,991.968333333334
2016,216,2,116.121,0.331666666666667,-0.358333333333333,0,21.9166666666667,93.6083333333333,1.58666666666667,992.008333333333,116.121,0.331666666666667,-0.358333333333333,0,21.9166666666667,93.6083333333333,1.58666666666667,992.008333333333
2016,216,3,108.972666666667,0.32,-0.395,0,21.945,93.5266666666667,1.45833333333333,991.888333333334,108.972666666667,0.32,-0.395,0,21.945,93.5266666666667,1.45833333333333,991.888333333334
2016,216,4,100.055166666667,0.23,-0.396666666666666,0,21.7816666666667,92.9216666666667,1.59166666666667,991.901666666667,100.055166666667,0.23,-0.396666666666666,0,21.7816666666667,92.9216666666667,1.59166666666667,991.901666666667
2016,216,5,89.7448333333333,25.3566666666667,21.78,9.41071428571429,21.3133333333333,93.8883333333333,0.586440677966101,992.278333333334,89.7448333333333,25.3566666666667,21.78,9.41071428571429,21.3133333333333,93.8883333333333,0.586440677966101,992.278333333334
2016,216,6,78.9763333333333,98.9816666666666,95.4283333333333,45.4383333333334,21.8966666666667,92.1283333333333,0.435,992.606666666665,78.9763333333333,98.9816666666666,95.4283333333333,45.4383333333334,21.8966666666667,92.1283333333333,0.435,992.606666666665
2016,216,7,67.7098333333333,191.893333333333,157.58,102.95,23.4116666666667,89.9866666666667,1.22321428571429,992.578333333333,67.7098333333333,191.893333333333,157.58,102.95,23.4116666666667,89.9866666666667,1.22321428571429,992.578333333333
2016,216,8,56.2788333333333,277.598333333333,277.211666666667,188.28,25.1966666666667,80.245,2.59,993.049999999999,56.2788333333333,277.598333333333,277.211666666667,188.28,25.1966666666667,80.245,2.59,993.049999999999
2016,216,9,45.0613333333333,148.261666666667,388.69,213.173333333333,26.45,69.475,2.76666666666667,992.803333333333,45.0613333333333,148.261666666667,388.69,213.173333333333,26.45,69.475,2.76666666666667,992.803333333333
2016,216,10,34.6825,734.491666666667,243.881666666667,368.65,27.725,65.7766666666667,2.92333333333333,992.135,34.6825,734.491666666667,243.881666666667,368.65,27.725,65.7766666666667,2.92333333333333,992.135
2016,216,11,26.4945,765.831666666667,219.13,390.315384615385,28.2483333333333,65.7633333333333,3.20166666666667,991.855000000001,26.4945,765.831666666667,219.13,390.315384615385,28.2483333333333,65.7633333333333,3.20166666666667,991.855000000001
2016,216,12,23.1055,686.97,269.201666666667,390.08275862069,28.9133333333333,63.5883333333333,3.28666666666667,991.688333333333,23.1055,686.97,269.201666666667,390.08275862069,28.9133333333333,63.5883333333333,3.28666666666667,991.688333333333
2016,216,13,26.3855,658.946666666667,256.346666666667,369.108333333333,29.2783333333333,59.97,3.41166666666667,991.05,26.3855,658.946666666667,256.346666666667,369.108333333333,29.2783333333333,59.97,3.41166666666667,991.05
2016,216,14,34.5186666666667,608.146666666666,249.185,328.356666666667,29.42,60.8366666666667,3.30166666666667,990.779999999999,34.5186666666667,608.146666666666,249.185,328.356666666667,29.42,60.8366666666667,3.30166666666667,990.779999999999
2016,216,15,44.8811666666667,529.333333333334,240.221666666667,266.421666666667,29.4983333333333,61.245,2.74666666666667,990.653333333333,44.8811666666667,529.333333333334,240.221666666667,266.421666666667,29.4983333333333,61.245,2.74666666666667,990.653333333333
2016,216,16,56.0995,391.328333333333,239.648333333333,197.72,29.4616666666667,61.19,2.81,990.353333333334,56.0995,391.328333333333,239.648333333333,197.72,29.4616666666667,61.19,2.81,990.353333333334
2016,216,17,67.5446666666667,32.8133333333333,136.23,66.505,28.385,67.7933333333334,2.15333333333333,990.174999999999,67.5446666666667,32.8133333333333,136.23,66.505,28.385,67.7933333333334,2.15333333333333,990.174999999999
2016,216,18,78.8336666666667,0.903333333333333,46.8233333333333,21.5033333333333,27.71,69.0616666666667,1.24833333333333,990.051666666666,78.8336666666667,0.903333333333333,46.8233333333333,21.5033333333333,27.71,69.0616666666667,1.24833333333333,990.051666666666
2016,216,19,89.6408333333333,21.6016666666667,7.87,3.63157894736842,27.25,69.135,1.505,990.168333333333,89.6408333333333,21.6016666666667,7.87,3.63157894736842,27.25,69.135,1.505,990.168333333333
2016,216,20,99.9903333333333,0.4,-0.4,0,26.2533333333333,73.6866666666667,1.56666666666667,990.405,99.9903333333333,0.4,-0.4,0,26.2533333333333,73.6866666666667,1.56666666666667,990.405
2016,216,21,108.97,0.4,-0.4,0,25.375,76.095,1.90666666666667,990.611666666666,108.97,0.4,-0.4,0,25.375,76.095,1.90666666666667,990.611666666666
2016,216,22,116.196833333333,0.321666666666667,-0.373333333333333,0,24.1166666666667,80.9766666666666,2.53166666666667,990.238333333333,116.196833333333,0.321666666666667,-0.373333333333333,0,24.1166666666667,80.9766666666666,2.53166666666667,990.238333333333
2016,216,23,120.983833333333,0.35,-0.4,0,23.5633333333333,84.2133333333334,1.75333333333333,990.256666666667,120.983833333333,0.35,-0.4,0,23.5633333333333,84.2133333333334,1.75333333333333,990.256666666667
2016,217,0,122.699,0.336666666666667,-0.376666666666666,0,23.6016666666667,83.56,1.82166666666667,990.213333333333,122.699,0.336666666666667,-0.376666666666666,0,23.6016666666667,83.56,1.82166666666667,990.213333333333
2016,217,1,121.0675,0.268333333333333,-0.4,0,23.2516666666667,83.99,1.81,989.985000000001,121.0675,0.268333333333333,-0.4,0,23.2516666666667,83.99,1.81,989.985000000001
2016,217,2,116.352,0.433333333333333,-0.4,0,22.185,88.9316666666667,0.986274509803921,989.850000000001,116.352,0.433333333333333,-0.4,0,22.185,88.9316666666667,0.986274509803921,989.850000000001
2016,217,3,109.178666666667,0.4,-0.388333333333333,0,20.8366666666667,92.89,1.305,990.005,109.178666666667,0.4,-0.388333333333333,0,20.8366666666667,92.89,1.305,990.005
2016,217,4,100.238166666667,0.386666666666666,-0.36,0,21.1466666666667,92.9233333333333,0.481818181818182,989.995,100.238166666667,0.386666666666666,-0.36,0,21.1466666666667,92.9233333333333,0.481818181818182,989.995
2016,217,5,89.9125,14.6783333333333,7.545,4.50666666666667,20.945,91.7133333333334,1,990.089999999999,89.9125,14.6783333333333,7.545,4.50666666666667,20.945,91.7133333333334,1,990.089999999999
2016,217,6,79.1253333333333,344.9,54.9866666666667,55.1416666666667,20.7966666666667,91.505,1.475,990.499999999999,79.1253333333333,344.9,54.9866666666667,55.1416666666667,20.7966666666667,91.505,1.475,990.499999999999
2016,217,7,67.8536666666667,573.331666666666,94.5433333333333,132.835,23.195,85.6716666666667,1.23666666666667,990.846666666667,67.8536666666667,573.331666666666,94.5433333333333,132.835,23.195,85.6716666666667,1.23666666666667,990.846666666667
2016,217,8,56.4221666666667,703.413333333333,115.235,217.636666666667,26.1,72.9433333333333,0.643103448275862,990.66,56.4221666666667,703.413333333333,115.235,217.636666666667,26.1,72.9433333333333,0.643103448275862,990.66
2016,217,9,45.2168333333333,785.118333333333,125.951666666667,293.456666666667,27.9333333333333,66.1566666666667,0.715,990.113333333333,45.2168333333333,785.118333333333,125.951666666667,293.456666666667,27.9333333333333,66.1566666666667,0.715,990.113333333333
2016,217,10,34.8645,816.488333333333,141.245,350.622807017544,28.9766666666667,60.5366666666667,0.96,989.888333333334,34.8645,816.488333333333,141.245,350.622807017544,28.9766666666667,60.5366666666667,0.96,989.888333333334
2016,217,11,26.7228333333333,807.18,193.701666666667,393.83275862069,29.3033333333333,61.0366666666666,1.355,989.673333333333,26.7228333333333,807.18,193.701666666667,393.83275862069,29.3033333333333,61.0366666666666,1.355,989.673333333333
2016,217,12,23.37,707.228333333333,206.583333333333,367.335593220339,29.6683333333333,61.5733333333333,1.49152542372881,989.196666666666,23.37,707.228333333333,206.583333333333,367.335593220339,29.6683333333333,61.5733333333333,1.49152542372881,989.196666666666
2016,217,13,26.6351666666667,593.038333333333,242.178333333333,333.225,29.88,62.07,1.805,988.736666666666,26.6351666666667,593.038333333333,242.178333333333,333.225,29.88,62.07,1.805,988.736666666666
2016,217,14,34.7345,578.861666666667,245.17,308.556363636364,30.1766666666667,61.0083333333333,1.82542372881356,988.486666666667,34.7345,578.861666666667,245.17,308.556363636364,30.1766666666667,61.0083333333333,1.82542372881356,988.486666666667
2016,217,15,45.0731666666667,686.66,206.666666666667,296.033333333333,30.5783333333333,60.3,1.83333333333333,988.143333333333,45.0731666666667,686.66,206.666666666667,296.033333333333,30.5783333333333,60.3,1.83333333333333,988.143333333333
2016,217,16,56.2813333333333,696.065,125.358333333333,219.553333333333,30.3883333333333,61.075,2.04666666666667,987.811666666667,56.2813333333333,696.065,125.358333333333,219.553333333333,30.3883333333333,61.075,2.04666666666667,987.811666666667
2016,217,17,67.7251666666667,605.171666666667,88.865,135.095,30.0666666666667,62.9916666666667,1.85333333333333,987.411666666667,67.7251666666667,605.171666666667,88.865,135.095,30.0666666666667,62.9916666666667,1.85333333333333,987.411666666667
2016,217,18,79.0186666666667,307.793333333333,51.75,47.5583333333333,29.125,69.6666666666667,1.87833333333333,986.883333333333,79.0186666666667,307.793333333333,51.75,47.5583333333333,29.125,69.6666666666667,1.87833333333333,986.883333333333
2016,217,19,89.8416666666667,40.3,11.755,6.295,27.6116666666667,77.88,2.28,986.83,89.8416666666667,40.3,11.755,6.295,27.6116666666667,77.88,2.28,986.83
2016,217,20,100.2065,0.4,-0.4,0,26.2416666666667,82.7783333333333,2.04166666666667,987.538333333334,100.2065,0.4,-0.4,0,26.2416666666667,82.7783333333333,2.04166666666667,987.538333333334
2016,217,21,109.2045,0.42,-0.385,0,24.6833333333333,87.1466666666667,1.935,988.335,109.2045,0.42,-0.385,0,24.6833333333333,87.1466666666667,1.935,988.335
2016,217,22,116.4515,0.4,-0.385,0,23.78,89.0983333333333,2.36333333333333,988.496666666667,116.4515,0.4,-0.385,0,23.78,89.0983333333333,2.36333333333333,988.496666666667
2016,217,23,121.252166666667,0.295,-0.378333333333333,0,23.2733333333334,90.7033333333333,2.26833333333333,988.001666666667,121.252166666667,0.295,-0.378333333333333,0,23.2733333333334,90.7033333333333,2.26833333333333,988.001666666667
2016,218,0,122.968166666667,0.4,-0.4,0,23.0666666666667,91.095,2.05333333333333,987.935,122.968166666667,0.4,-0.4,0,23.0666666666667,91.095,2.05333333333333,987.935
2016,218,1,121.324833333333,0.331666666666666,-0.291666666666667,0,22.835,92.4783333333334,2.37166666666667,988.298333333334,121.324833333333,0.331666666666666,-0.291666666666667,0,22.835,92.4783333333334,2.37166666666667,988.298333333334
2016,218,2,116.5865,0.32,-0.378333333333333,0,23.2066666666667,91.1266666666667,2.345,987.641666666667,116.5865,0.32,-0.378333333333333,0,23.2066666666667,91.1266666666667,2.345,987.641666666667
2016,218,3,109.387166666667,0.375,-0.4,0,22.9416666666667,89.8633333333334,2.94666666666667,987.151666666666,109.387166666667,0.375,-0.4,0,22.9416666666667,89.8633333333334,2.94666666666667,987.151666666666
2016,218,4,100.4225,0.261666666666667,-0.398333333333333,0,22.3916666666667,88.8633333333333,3.94333333333333,986.43,100.4225,0.261666666666667,-0.398333333333333,0,22.3916666666667,88.8633333333333,3.94333333333333,986.43
2016,218,5,90.081,18.2016666666667,16.0433333333333,6.1811320754717,21.7116666666667,90.78,3.19666666666667,986.188333333333,90.081,18.2016666666667,16.0433333333333,6.1811320754717,21.7116666666667,90.78,3.19666666666667,986.188333333333
2016,218,6,79.275,139.213333333333,92.6183333333333,55.56,22.0033333333333,90.155,1.85333333333333,987.874999999999,79.275,139.213333333333,92.6183333333333,55.56,22.0033333333333,90.155,1.85333333333333,987.874999999999
2016,218,7,67.9976666666667,488.361666666667,135.296666666667,140.188333333333,23.645,82.3366666666666,1.165,988.301666666667,67.9976666666667,488.361666666667,135.296666666667,140.188333333333,23.645,82.3366666666666,1.165,988.301666666667
2016,218,8,56.5668333333333,615.895,174.845,228.268333333333,25.1316666666667,75.9,1.30666666666667,988.406666666667,56.5668333333333,615.895,174.845,228.268333333333,25.1316666666667,75.9,1.30666666666667,988.406666666667
2016,218,9,45.3741666666667,348.08,336.886666666667,251.386666666667,26.0283333333333,72.8916666666667,2.26833333333333,988.676666666667,45.3741666666667,348.08,336.886666666667,251.386666666667,26.0283333333333,72.8916666666667,2.26833333333333,988.676666666667
2016,218,10,35.0521666666667,260.3,377.428333333333,259.72,26.0816666666667,72.95,3.42666666666667,988.875000000001,35.0521666666667,260.3,377.428333333333,259.72,26.0816666666667,72.95,3.42666666666667,988.875000000001
2016,218,11,26.9551666666667,385.44,422.446666666667,335.196666666667,26.73,71.6916666666667,4.825,988.666666666666,26.9551666666667,385.44,422.446666666667,335.196666666667,26.73,71.6916666666667,4.825,988.666666666666
2016,218,12,23.6401666666667,370.22,392.473333333333,321.838333333333,26.985,71.7783333333334,4.97166666666666,988.073333333334,23.6401666666667,370.22,392.473333333333,321.838333333333,26.985,71.7783333333334,4.97166666666666,988.073333333334
2016,218,13,26.8908333333333,5.04,405.1,172.013333333333,26.9133333333333,73.625,4.1,987.828333333334,26.8908333333333,5.04,405.1,172.013333333333,26.9133333333333,73.625,4.1,987.828333333334
2016,218,14,34.955,0.768333333333332,188.595,79.015,25.735,79.9833333333333,4.585,987.885000000001,34.955,0.768333333333332,188.595,79.015,25.735,79.9833333333333,4.585,987.885000000001
2016,218,15,45.2705,1.42666666666667,232.371666666667,98.545,25.785,80.2833333333333,3.20166666666667,987.836666666667,45.2705,1.42666666666667,232.371666666667,98.545,25.785,80.2833333333333,3.20166666666667,987.836666666667
2016,218,16,56.4666666666667,248.626666666667,272.303333333333,169.32,26.9283333333333,76.2383333333334,2.66,987.195,56.4666666666667,248.626666666667,272.303333333333,169.32,26.9283333333333,76.2383333333334,2.66,987.195
2016,218,17,67.9108333333333,424.416666666667,115.871666666667,119.473333333333,27.195,73.83,2.48166666666667,987.094999999999,67.9108333333333,424.416666666667,115.871666666667,119.473333333333,27.195,73.83,2.48166666666667,987.094999999999
2016,218,18,79.2096666666667,368.673333333333,52.7283333333333,53.0233333333333,26.9616666666667,73.1233333333333,1.825,987.241666666666,79.2096666666667,368.673333333333,52.7283333333333,53.0233333333333,26.9616666666667,73.1233333333333,1.825,987.241666666666
2016,218,19,90.0466666666667,37.2333333333333,9.39833333333334,5.34833333333333,25.8466666666667,79.8683333333333,1.6462962962963,987.54,90.0466666666667,37.2333333333333,9.39833333333334,5.34833333333333,25.8466666666667,79.8683333333333,1.6462962962963,987.54
2016,218,20,100.426666666667,0.4,-0.4,0,23.9766666666667,85.2766666666667,2.34333333333333,988.086666666667,100.426666666667,0.4,-0.4,0,23.9766666666667,85.2766666666667,2.34333333333333,988.086666666667
2016,218,21,109.444166666667,0.4,-0.4,0,22.9683333333333,87.535,2.72666666666667,988.443333333333,109.444166666667,0.4,-0.4,0,22.9683333333333,87.535,2.72666666666667,988.443333333333
2016,218,22,116.710166666667,0.4,-0.39,0,22.1833333333333,89.6433333333333,2.38666666666667,988.633333333333,116.710166666667,0.4,-0.39,0,22.1833333333333,89.6433333333333,2.38666666666667,988.633333333333
2016,218,23,121.5245,0.4,-0.4,0,21.26,90.545,1.94666666666667,988.881666666667,121.5245,0.4,-0.4,0,21.26,90.545,1.94666666666667,988.881666666667
2016,219,0,123.2425,0.4,-0.396666666666666,0,20.7383333333333,91.065,1.26111111111111,989.316666666667,123.2425,0.4,-0.396666666666666,0,20.7383333333333,91.065,1.26111111111111,989.316666666667
2016,219,1,121.586833333333,0.4,-0.4,0,20.24,90.7933333333334,2.10166666666667,989.273333333332,121.586833333333,0.4,-0.4,0,20.24,90.7933333333334,2.10166666666667,989.273333333332
2016,219,2,116.8235,0.4,-0.4,0,19.5716666666667,91.9166666666666,2.015,989.035,116.8235,0.4,-0.4,0,19.5716666666667,91.9166666666666,2.015,989.035
2016,219,3,109.598,0.4,-0.4,0,19.0783333333333,91.7983333333333,2.06333333333333,988.945,109.598,0.4,-0.4,0,19.0783333333333,91.7983333333333,2.06333333333333,988.945
2016,219,4,100.6085,0.4,-0.4,0,18.705,92.6566666666667,1.34166666666667,989.293333333334,100.6085,0.4,-0.4,0,18.705,92.6566666666667,1.34166666666667,989.293333333334
2016,219,5,90.2501666666667,12.165,11.7583333333333,4.82333333333333,18.2366666666667,93.0183333333334,2.05,989.690000000001,90.2501666666667,12.165,11.7583333333333,4.82333333333333,18.2366666666667,93.0183333333334,2.05,989.690000000001
2016,219,6,79.4261666666667,57.0333333333333,92.8966666666667,44.1033333333333,18.6033333333333,92.4066666666667,2.025,990.018333333333,79.4261666666667,57.0333333333333,92.8966666666667,44.1033333333333,18.6033333333333,92.4066666666667,2.025,990.018333333333
2016,219,7,68.143,59.4166666666667,187.618333333333,89.7,19.9633333333333,87.2883333333334,2.825,990.320000000001,68.143,59.4166666666667,187.618333333333,89.7,19.9633333333333,87.2883333333334,2.825,990.320000000001
2016,219,8,56.7136666666667,252.918333333333,232.156666666667,162.431666666667,21.1416666666667,82.7716666666667,3.85833333333333,990.218333333332,56.7136666666667,252.918333333333,232.156666666667,162.431666666667,21.1416666666667,82.7716666666667,3.85833333333333,990.218333333332
2016,219,9,45.533,465.948333333333,245.983333333333,248.67,23.3883333333333,75.8733333333334,3.63666666666667,990.188333333333,45.533,465.948333333333,245.983333333333,248.67,23.3883333333333,75.8733333333334,3.63666666666667,990.188333333333
2016,219,10,35.2396666666667,753.223333333333,200.231666666667,352.57,24.99,68.8483333333334,2.67166666666667,990.426666666667,35.2396666666667,753.223333333333,200.231666666667,352.57,24.99,68.8483333333334,2.67166666666667,990.426666666667
2016,219,11,27.1911666666667,873.298333333333,216.961666666667,421.398333333333,25.9766666666667,63.87,2.285,990.198333333333,27.1911666666667,873.298333333333,216.961666666667,421.398333333333,25.9766666666667,63.87,2.285,990.198333333333
2016,219,12,23.9143333333333,776.625,181.135,382.281355932204,26.1016666666667,59.7416666666667,2.92166666666667,990.018333333333,23.9143333333333,776.625,181.135,382.281355932204,26.1016666666667,59.7416666666667,2.92166666666667,990.018333333333
2016,219,13,27.1518333333333,931.693333333333,130.461666666667,411.766666666667,26.4366666666667,56.3516666666667,3.17166666666667,989.725,27.1518333333333,931.693333333333,130.461666666667,411.766666666667,26.4366666666667,56.3516666666667,3.17166666666667,989.725
2016,219,14,35.1808333333333,901.033898305085,101.011666666667,359.915,26.4966666666667,54.8166666666667,3.69833333333334,989.298333333333,35.1808333333333,901.033898305085,101.011666666667,359.915,26.4966666666667,54.8166666666667,3.69833333333334,989.298333333333
2016,219,15,45.4718333333333,888.431666666667,85.9933333333334,306.055,26.26,54.0033333333333,4.20333333333333,989.053333333333,45.4718333333333,888.431666666667,85.9933333333334,306.055,26.26,54.0033333333333,4.20333333333333,989.053333333333
2016,219,16,56.6583333333333,846.42,64.67,228.875,26.2366666666667,52.9716666666667,4.06833333333333,988.619999999999,56.6583333333333,846.42,64.67,228.875,26.2366666666667,52.9716666666667,4.06833333333333,988.619999999999
2016,219,17,68.1011666666667,749.948333333333,53.6433333333333,143.088333333333,26.0583333333333,53.05,3.47,988.673333333332,68.1011666666667,749.948333333333,53.6433333333333,143.088333333333,26.0583333333333,53.05,3.47,988.673333333332
2016,219,18,79.4036666666667,543.776666666667,35.9283333333333,58.91,25.2733333333333,59.6916666666667,2.145,988.811666666667,79.4036666666667,543.776666666667,35.9283333333333,58.91,25.2733333333333,59.6916666666667,2.145,988.811666666667
2016,219,19,90.2565,93.1233333333332,7.36,5.60666666666666,23.085,73.705,2.39833333333333,989.311666666667,90.2565,93.1233333333332,7.36,5.60666666666666,23.085,73.705,2.39833333333333,989.311666666667
2016,219,20,100.6515,0.4,-0.4,0,21.345,81.68,2.185,989.891666666667,100.6515,0.4,-0.4,0,21.345,81.68,2.185,989.891666666667
2016,219,21,109.688166666667,0.4,-0.4,0,20.4766666666667,84.7233333333334,2.78166666666667,990.293333333334,109.688166666667,0.4,-0.4,0,20.4766666666667,84.7233333333334,2.78166666666667,990.293333333334
2016,219,22,116.973333333333,0.4,-0.348333333333333,0,19.8933333333333,85.3116666666667,2.46666666666667,990.568333333332,116.973333333333,0.4,-0.348333333333333,0,19.8933333333333,85.3116666666667,2.46666666666667,990.568333333332
2016,219,23,121.801833333333,0.4,-0.381666666666666,0,19.145,88.5366666666667,1.76333333333333,990.875000000001,121.801833333333,0.4,-0.381666666666666,0,19.145,88.5366666666667,1.76333333333333,990.875000000001
2016,220,0,123.521166666667,0.4,-0.4,0,18.6766666666667,89.875,1.96,990.901666666668,123.521166666667,0.4,-0.4,0,18.6766666666667,89.875,1.96,990.901666666668
2016,220,1,121.851,0.4,-0.4,0,17.8683333333333,91.7683333333333,2.32666666666667,990.708333333332,121.851,0.4,-0.4,0,17.8683333333333,91.7683333333333,2.32666666666667,990.708333333332
2016,220,2,117.064166666667,0.4,-0.4,0,17.385,92.6083333333333,1.95833333333333,990.698333333332,117.064166666667,0.4,-0.4,0,17.385,92.6083333333333,1.95833333333333,990.698333333332
2016,220,3,109.810833333333,0.381666666666666,-0.2,0,17.4483333333333,91.2483333333333,1.79833333333333,991.014999999999,109.810833333333,0.381666666666666,-0.2,0,17.4483333333333,91.2483333333333,1.79833333333333,991.014999999999
2016,220,4,100.796333333333,0.4,-0.4,0,17.545,89.9483333333333,1.62833333333333,991.328333333334,100.796333333333,0.4,-0.4,0,17.545,89.9483333333333,1.62833333333333,991.328333333334
2016,220,5,90.4215,50.7216666666667,7.82166666666667,5.28333333333333,16.9483333333333,90.5983333333333,1.39,991.485,90.4215,50.7216666666667,7.82166666666667,5.28333333333333,16.9483333333333,90.5983333333333,1.39,991.485
2016,220,6,79.5776666666667,353.223333333333,48.5316666666667,51.685,17.8883333333333,85.9366666666667,0.621666666666666,991.876666666667,79.5776666666667,353.223333333333,48.5316666666667,51.685,17.8883333333333,85.9366666666667,0.621666666666666,991.876666666667
2016,220,7,68.2885,211.945,136.23,90.3254237288136,18.9516666666667,87.4433333333333,0.678181818181818,992.250000000001,68.2885,211.945,136.23,90.3254237288136,18.9516666666667,87.4433333333333,0.678181818181818,992.250000000001
2016,220,8,56.8626666666667,617.26,139.105,207.33,22.5916666666667,66.355,1.46166666666667,992.306666666667,56.8626666666667,617.26,139.105,207.33,22.5916666666667,66.355,1.46166666666667,992.306666666667
2016,220,9,45.6948333333333,844.646666666667,101.505,296.413333333333,24.155,52.5816666666667,2.7,992.310000000001,45.6948333333333,844.646666666667,101.505,296.413333333333,24.155,52.5816666666667,2.7,992.310000000001
2016,220,10,35.4311666666667,890.016666666667,101.636666666667,353.385964912281,25.235,50.625,2.65166666666667,992.301666666667,35.4311666666667,890.016666666667,101.636666666667,353.385964912281,25.235,50.625,2.65166666666667,992.301666666667
2016,220,11,27.4316666666667,852.552542372881,157.376666666667,388.725925925926,25.8916666666667,49.4066666666666,2.655,991.823333333334,27.4316666666667,852.552542372881,157.376666666667,388.725925925926,25.8916666666667,49.4066666666666,2.655,991.823333333334
2016,220,12,24.1931666666667,888.771666666667,148.013333333333,409.36,26.2333333333333,47.3916666666667,3.635,991.756666666668,24.1931666666667,888.771666666667,148.013333333333,409.36,26.2333333333333,47.3916666666667,3.635,991.756666666668
2016,220,13,27.418,855.77,186.456666666667,402.878333333333,26.4016666666667,48.4433333333333,3.38166666666667,991.66,27.418,855.77,186.456666666667,402.878333333333,26.4016666666667,48.4433333333333,3.38166666666667,991.66
2016,220,14,35.413,706.47,224.116666666667,346.765,26.565,48.935,3.355,991.148333333333,35.413,706.47,224.116666666667,346.765,26.565,48.935,3.355,991.148333333333
2016,220,15,45.6795,660.88,182.636666666667,276.005,26.4066666666667,50.1533333333333,3.585,990.696666666666,45.6795,660.88,182.636666666667,276.005,26.4066666666667,50.1533333333333,3.585,990.696666666666
2016,220,16,56.8548333333333,526.898333333333,138.933333333333,189.96,26.4,47.7016666666667,3.06666666666667,990.228333333333,56.8548333333333,526.898333333333,138.933333333333,189.96,26.4,47.7016666666667,3.06666666666667,990.228333333333
2016,220,17,68.2951666666667,87.335,171.601666666667,84.005,25.2133333333333,58.9916666666667,2.42,989.926666666668,68.2951666666667,87.335,171.601666666667,84.005,25.2133333333333,58.9916666666667,2.42,989.926666666668
2016,220,18,79.604,363.453333333333,77.355,60.825,24.8716666666667,61.515,2.28166666666667,989.985,79.604,363.453333333333,77.355,60.825,24.8716666666667,61.515,2.28166666666667,989.985
2016,220,19,90.4833333333333,64.195,9.79666666666667,5.80333333333333,23.0766666666667,69.21,2.00333333333333,990.19,90.4833333333333,64.195,9.79666666666667,5.80333333333333,23.0766666666667,69.21,2.00333333333333,990.19
2016,220,20,100.881333333333,0.4,-0.4,0,21.3366666666667,78.27,2.27166666666667,990.658333333334,100.881333333333,0.4,-0.4,0,21.3366666666667,78.27,2.27166666666667,990.658333333334
2016,220,21,109.938166666667,0.4,-0.4,0,20.4333333333333,79.6,2.09,990.875000000001,109.938166666667,0.4,-0.4,0,20.4333333333333,79.6,2.09,990.875000000001
2016,220,22,117.243333333333,0.405,-0.39,0,19.3816666666667,83.1583333333333,1.97833333333333,991.058333333332,117.243333333333,0.405,-0.39,0,19.3816666666667,83.1583333333333,1.97833333333333,991.058333333332
2016,220,23,122.085,0.4,-0.396666666666666,0,18.57,87.3333333333333,1.95833333333333,991.109999999999,122.085,0.4,-0.396666666666666,0,18.57,87.3333333333333,1.95833333333333,991.109999999999
2016,221,0,123.8045,0.4,-0.396666666666666,0,18.205,89.0983333333333,2.32833333333333,990.958333333334,123.8045,0.4,-0.396666666666666,0,18.205,89.0983333333333,2.32833333333333,990.958333333334
2016,221,1,122.119333333333,0.366666666666667,-0.393333333333333,0,18.0216666666667,90.5266666666667,2.27166666666667,990.470000000001,122.119333333333,0.366666666666667,-0.393333333333333,0,18.0216666666667,90.5266666666667,2.27166666666667,990.470000000001
2016,221,2,117.307333333333,0.4,-0.388333333333333,0,17.9216666666666,91.1083333333333,1.97166666666667,990.216666666666,117.307333333333,0.4,-0.388333333333333,0,17.9216666666666,91.1083333333333,1.97166666666667,990.216666666666
2016,221,3,110.024833333333,0.4,-0.388333333333333,0,17.705,92.485,1.39166666666667,990.223333333334,110.024833333333,0.4,-0.388333333333333,0,17.705,92.485,1.39166666666667,990.223333333334
2016,221,4,100.985166666667,0.4,-0.356666666666667,0,17.56,93.26,1.65,990.581666666665,100.985166666667,0.4,-0.356666666666667,0,17.56,93.26,1.65,990.581666666665
2016,221,5,90.5936666666667,3.09166666666667,9.21333333333333,4.00833333333333,17.6433333333333,92.41,1.77666666666667,990.89,90.5936666666667,3.09166666666667,9.21333333333333,4.00833333333333,17.6433333333333,92.41,1.77666666666667,990.89
2016,221,6,79.7308333333333,175.33,71.8116666666667,48.7283333333333,18.2083333333333,91.345,1.61833333333333,991.266666666668,79.7308333333333,175.33,71.8116666666667,48.7283333333333,18.2083333333333,91.345,1.61833333333333,991.266666666668
2016,221,7,68.4365,40.8483333333333,187.105,84.0516666666667,20.39,85.12,1.80333333333333,991.604999999999,68.4365,40.8483333333333,187.105,84.0516666666667,20.39,85.12,1.80333333333333,991.604999999999
2016,221,8,57.0123333333333,137.793333333333,237.263333333333,136.48,22.0316666666667,77.7866666666667,1.85833333333333,991.528333333334,57.0123333333333,137.793333333333,237.263333333333,136.48,22.0316666666667,77.7866666666667,1.85833333333333,991.528333333334
2016,221,9,45.858,533.1,222.541666666667,260.798333333333,23.9783333333333,71.7083333333333,2.21166666666667,991.335000000001,45.858,533.1,222.541666666667,260.798333333333,23.9783333333333,71.7083333333333,2.21166666666667,991.335000000001
2016,221,10,35.6251666666667,128.325,418.738333333333,230.861666666667,25.4366666666667,70.635,1.53333333333333,991.048333333333,35.6251666666667,128.325,418.738333333333,230.861666666667,25.4366666666667,70.635,1.53333333333333,991.048333333333
2016,221,11,27.6745,186.376666666667,510.293333333334,297.807272727273,27.03,65.2766666666667,1.64666666666667,990.808333333332,27.6745,186.376666666667,510.293333333334,297.807272727273,27.03,65.2766666666667,1.64666666666667,990.808333333332
2016,221,12,24.4765,68.925,369.26,183.144642857143,27.1766666666667,62.87,2.39166666666667,990.715,24.4765,68.925,369.26,183.144642857143,27.1766666666667,62.87,2.39166666666667,990.715
2016,221,13,27.6885,46.555,431.738333333333,201.493103448276,27.3816666666667,62.4783333333334,2.47833333333333,990.453333333334,27.6885,46.555,431.738333333333,201.493103448276,27.3816666666667,62.4783333333334,2.47833333333333,990.453333333334
2016,221,14,35.65,219.938333333333,434.991666666667,264.331666666667,27.6966666666667,60.165,3.58333333333333,990.098333333334,35.65,219.938333333333,434.991666666667,264.331666666667,27.6966666666667,60.165,3.58333333333333,990.098333333334
2016,221,15,45.8926666666667,109.288333333333,366.543333333333,190.608620689655,27.72,57.8866666666666,3.18333333333333,989.628333333333,45.8926666666667,109.288333333333,366.543333333333,190.608620689655,27.72,57.8866666666666,3.18333333333333,989.628333333333
2016,221,16,57.0565,100.42,267.468333333333,139.423333333333,27.485,61.4266666666667,2.91333333333333,989.503333333334,57.0565,100.42,267.468333333333,139.423333333333,27.485,61.4266666666667,2.91333333333333,989.503333333334
2016,221,17,68.4951666666667,57.42,174.46,84.4898305084746,26.9833333333333,67.0933333333333,1.82,989.433333333334,68.4951666666667,57.42,174.46,84.4898305084746,26.9833333333333,67.0933333333333,1.82,989.433333333334
2016,221,18,79.8086666666667,113.403333333333,75.395,41.905,26.325,69.7866666666667,1.38333333333333,989.198333333333,79.8086666666667,113.403333333333,75.395,41.905,26.325,69.7866666666667,1.38333333333333,989.198333333333
2016,221,19,90.702,2.23666666666667,9.635,4.59,25.735,68.84,2.035,989.276666666668,90.702,2.23666666666667,9.635,4.59,25.735,68.84,2.035,989.276666666668
2016,221,20,101.115,0.4,-0.4,0,24.7833333333333,70.5933333333333,2.36,989.770000000001,101.115,0.4,-0.4,0,24.7833333333333,70.5933333333333,2.36,989.770000000001
2016,221,21,110.191833333333,0.4,-0.4,0,23.8483333333333,75.605,2.22333333333333,990.155000000001,110.191833333333,0.4,-0.4,0,23.8483333333333,75.605,2.22333333333333,990.155000000001
2016,221,22,117.516666666667,0.398333333333333,-0.4,0,23.3216666666667,77.6483333333334,1.39,990.501666666666,117.516666666667,0.398333333333333,-0.4,0,23.3216666666667,77.6483333333334,1.39,990.501666666666
2016,221,23,122.371833333333,0.301666666666667,-0.388333333333333,0,22.545,80.5916666666667,2.29166666666667,990.551666666667,122.371833333333,0.301666666666667,-0.388333333333333,0,22.545,80.5916666666667,2.29166666666667,990.551666666667
2016,222,0,124.0925,0.375,-0.4,0,21.905,80.5316666666667,2.78166666666667,990.301666666666,124.0925,0.375,-0.4,0,21.905,80.5316666666667,2.78166666666667,990.301666666666
2016,222,1,122.391,0.37,-0.4,0,20.885,81.2616666666666,2.66333333333333,989.833333333333,122.391,0.37,-0.4,0,20.885,81.2616666666666,2.66333333333333,989.833333333333
2016,222,2,117.552833333333,0.0883333333333334,-0.241666666666667,0,20.6433333333333,80.89,2.33666666666667,990.015,117.552833333333,0.0883333333333334,-0.241666666666667,0,20.6433333333333,80.89,2.33666666666667,990.015
2016,222,3,110.240833333333,0.231666666666667,-0.285,0,20.775,79.875,1.24833333333333,990.118333333333,110.240833333333,0.231666666666667,-0.285,0,20.775,79.875,1.24833333333333,990.118333333333
2016,222,4,101.174666666667,0.391666666666666,-0.355,0,21.1116666666667,76.8933333333333,1.115,990.201666666667,101.174666666667,0.391666666666666,-0.355,0,21.1116666666667,76.8933333333333,1.115,990.201666666667
2016,222,5,90.7663333333333,11.4333333333333,5.63,3.08333333333333,20.6233333333333,76.19,2.22,990.42,90.7663333333333,11.4333333333333,5.63,3.08333333333333,20.6233333333333,76.19,2.22,990.42
2016,222,6,79.8841666666667,51.7033333333333,51.8633333333333,29.8216666666667,19.8366666666667,79.315,1.64,990.738333333334,79.8841666666667,51.7033333333333,51.8633333333333,29.8216666666667,19.8366666666667,79.315,1.64,990.738333333334
2016,222,7,68.5851666666667,628.691666666667,83.435,135.156666666667,21.5633333333333,75.9683333333333,1.94333333333333,991.043333333332,68.5851666666667,628.691666666667,83.435,135.156666666667,21.5633333333333,75.9683333333333,1.94333333333333,991.043333333332
2016,222,8,57.1623333333333,522.983333333333,158.773333333333,191.686666666667,23.75,70.045,1.41666666666667,991.191666666666,57.1623333333333,522.983333333333,158.773333333333,191.686666666667,23.75,70.045,1.41666666666667,991.191666666666
2016,222,9,46.0235,593.941666666667,236.846666666667,279.266666666667,25.6966666666667,66.4183333333333,0.946666666666667,991.031666666667,46.0235,593.941666666667,236.846666666667,279.266666666667,25.6966666666667,66.4183333333333,0.946666666666667,991.031666666667
2016,222,10,35.8218333333333,588,282.05,326.151785714286,27.2916666666667,60.2316666666667,0.855,990.615,35.8218333333333,588,282.05,326.151785714286,27.2916666666667,60.2316666666667,0.855,990.615
2016,222,11,27.9221666666667,712.408333333333,253.765,380.658333333333,28.5783333333333,54.99,0.893333333333333,990.289999999999,27.9221666666667,712.408333333333,253.765,380.658333333333,28.5783333333333,54.99,0.893333333333333,990.289999999999
2016,222,12,24.7638333333333,849.461666666667,137.563333333333,395.106666666667,28.5983333333333,54.7916666666667,1.57,990.276666666667,24.7638333333333,849.461666666667,137.563333333333,395.106666666667,28.5983333333333,54.7916666666667,1.57,990.276666666667
2016,222,13,27.9653333333333,678.905,237.78,369.703333333333,29.355,49.3233333333333,1.27166666666667,990.206666666666,27.9653333333333,678.905,237.78,369.703333333333,29.355,49.3233333333333,1.27166666666667,990.206666666666
2016,222,14,35.8931666666667,648.43,217.955,324.95,29.6383333333333,49.4216666666667,1.395,990.093333333333,35.8931666666667,648.43,217.955,324.95,29.6383333333333,49.4216666666667,1.395,990.093333333333
2016,222,15,46.1105,726.658333333333,193.203333333333,301.103333333333,30.0933333333333,48.1266666666667,1.16666666666667,989.863333333334,46.1105,726.658333333333,193.203333333333,301.103333333333,30.0933333333333,48.1266666666667,1.16666666666667,989.863333333334
2016,222,16,57.264,656.561666666667,127.465,207.625423728814,30.0333333333333,47.1916666666667,1.005,989.573333333333,57.264,656.561666666667,127.465,207.625423728814,30.0333333333333,47.1916666666667,1.005,989.573333333333
2016,222,17,68.7015,539.375,77.4,121.861666666667,29.425,51.8133333333333,1.22,989.134999999999,68.7015,539.375,77.4,121.861666666667,29.425,51.8133333333333,1.22,989.134999999999
2016,222,18,80.017,401.265,58.0783333333334,54.7916666666667,29.6883333333333,55.2733333333334,0.436666666666667,989.261666666667,80.017,401.265,58.0783333333334,54.7916666666667,29.6883333333333,55.2733333333334,0.436666666666667,989.261666666667
2016,222,19,90.9256666666667,52.5183333333333,8.05833333333334,4.55,27.7683333333333,63.25,0.178571428571429,989.67,90.9256666666667,52.5183333333333,8.05833333333334,4.55,27.7683333333333,63.25,0.178571428571429,989.67
2016,222,20,101.355166666667,0.508333333333333,-0.4,0,25.7433333333333,73.3883333333333,0.302857142857143,990.578333333334,101.355166666667,0.508333333333333,-0.4,0,25.7433333333333,73.3883333333333,0.302857142857143,990.578333333334
2016,222,21,110.4505,0.4,-0.4,0,24.94,74.3733333333333,0.828571428571429,991.415,110.4505,0.4,-0.4,0,24.94,74.3733333333333,0.828571428571429,991.415
2016,222,22,117.795166666667,0.4,-0.391666666666666,0,23.5066666666667,80.4516666666666,1.34333333333333,991.895,117.795166666667,0.4,-0.391666666666666,0,23.5066666666667,80.4516666666666,1.34333333333333,991.895
2016,222,23,122.663833333333,0.4,-0.375,0,23.3383333333333,80.2783333333333,1.00666666666667,991.699999999999,122.663833333333,0.4,-0.375,0,23.3383333333333,80.2783333333333,1.00666666666667,991.699999999999
2016,223,0,124.382666666667,0.4,-0.4,0,22.0883333333333,86.0516666666667,0.61875,991.641666666665,124.382666666667,0.4,-0.4,0,22.0883333333333,86.0516666666667,0.61875,991.641666666665
2016,223,1,122.6655,0.396666666666666,-0.39,0,21.6816666666667,88.3266666666667,0.896666666666667,991.741666666667,122.6655,0.396666666666666,-0.39,0,21.6816666666667,88.3266666666667,0.896666666666667,991.741666666667
2016,223,2,117.800666666667,0.4,-0.395,0,21.625,87.485,1.27666666666667,992.003333333333,117.800666666667,0.4,-0.395,0,21.625,87.485,1.27666666666667,992.003333333333
2016,223,3,110.458833333333,0.383333333333333,-0.398333333333333,0,21.675,85.5733333333333,1.11333333333333,991.89,110.458833333333,0.383333333333333,-0.398333333333333,0,21.675,85.5733333333333,1.11333333333333,991.89
2016,223,4,101.366833333333,0.4,-0.395,0,20.9733333333333,90.4533333333333,0.903448275862069,992.051666666666,101.366833333333,0.4,-0.395,0,20.9733333333333,90.4533333333333,0.903448275862069,992.051666666666
2016,223,5,90.9405,43.475,6.65833333333333,4.21833333333333,20.4783333333333,91.3216666666667,1.22166666666667,992.416666666666,90.9405,43.475,6.65833333333333,4.21833333333333,20.4783333333333,91.3216666666667,1.22166666666667,992.416666666666
2016,223,6,80.0395,398.166666666667,42.8133333333333,54.7233333333333,21.4166666666667,87.625,1.15862068965517,993.183333333333,80.0395,398.166666666667,42.8133333333333,54.7233333333333,21.4166666666667,87.625,1.15862068965517,993.183333333333
2016,223,7,68.7346666666667,626.166666666667,71.7566666666667,130.515,24.6616666666667,80.025,0.681481481481482,993.66,68.7346666666667,626.166666666667,71.7566666666667,130.515,24.6616666666667,80.025,0.681481481481482,993.66
2016,223,8,57.3146666666667,731.028333333334,94.6133333333333,214,27.1416666666667,71.38,0.738983050847458,993.749999999999,57.3146666666667,731.028333333334,94.6133333333333,214,27.1416666666667,71.38,0.738983050847458,993.749999999999
2016,223,9,46.189,787.908333333333,106.94,285.054385964912,27.9783333333333,64.725,1.34,993.763333333335,46.189,787.908333333333,106.94,285.054385964912,27.9783333333333,64.725,1.34,993.763333333335
2016,223,10,36.0206666666667,817.655,126.375,343.535185185185,29.045,60.01,0.961666666666667,993.704999999999,36.0206666666667,817.655,126.375,343.535185185185,29.045,60.01,0.961666666666667,993.704999999999
2016,223,11,28.1718333333333,845.325,128.773333333333,382.442592592593,29.5566666666667,56.985,1.56833333333333,993.386666666668,28.1718333333333,845.325,128.773333333333,382.442592592593,29.5566666666667,56.985,1.56833333333333,993.386666666668
2016,223,12,25.0548333333333,849.101666666667,137.625,396.001694915254,29.69,57.0516666666667,2.72666666666667,993.193333333333,25.0548333333333,849.101666666667,137.625,396.001694915254,29.69,57.0516666666667,2.72666666666667,993.193333333333
2016,223,13,28.2468333333333,852.315,136.19,387.235,30.035,56.1216666666667,2.35833333333333,992.746666666666,28.2468333333333,852.315,136.19,387.235,30.035,56.1216666666667,2.35833333333333,992.746666666666
2016,223,14,36.1411666666667,801.49,148.923333333333,347.115,30.3966666666667,55.715,2.16333333333333,992.293333333332,36.1411666666667,801.49,148.923333333333,347.115,30.3966666666667,55.715,2.16333333333333,992.293333333332
2016,223,15,46.3348333333333,670.971666666667,176.923333333333,281.460344827586,30.67,54.395,1.73,991.923333333334,46.3348333333333,670.971666666667,176.923333333333,281.460344827586,30.67,54.395,1.73,991.923333333334
2016,223,16,57.4756666666667,542.24,126.941666666667,185.876666666667,30.7216666666667,55.0016666666667,1.18474576271186,991.458333333334,57.4756666666667,542.24,126.941666666667,185.876666666667,30.7216666666667,55.0016666666667,1.18474576271186,991.458333333334
2016,223,17,68.9108333333333,374.888333333333,114.493333333333,104.489655172414,30.2266666666667,60.3283333333333,1.20833333333333,991.385000000001,68.9108333333333,374.888333333333,114.493333333333,104.489655172414,30.2266666666667,60.3283333333333,1.20833333333333,991.385000000001
2016,223,18,80.2296666666667,333.045,54.0516666666667,48.415,30.1733333333333,58.675,0.775000000000001,990.858333333334,80.2296666666667,333.045,54.0516666666667,48.415,30.1733333333333,58.675,0.775000000000001,990.858333333334
2016,223,19,91.154,33.4983333333334,6.50166666666667,3.745,28.4683333333333,67.9566666666666,1.80833333333333,990.928333333333,91.154,33.4983333333334,6.50166666666667,3.745,28.4683333333333,67.9566666666666,1.80833333333333,990.928333333333
2016,223,20,101.597833333333,0.4,-0.4,0,25.2933333333333,86.84,2.09166666666667,991.395,101.597833333333,0.4,-0.4,0,25.2933333333333,86.84,2.09166666666667,991.395
2016,223,21,110.714166666667,0.4,-0.4,0,24.5633333333333,89.6283333333333,2.18,991.753333333334,110.714166666667,0.4,-0.4,0,24.5633333333333,89.6283333333333,2.18,991.753333333334
2016,223,22,118.079166666667,0.396666666666666,-0.4,0,24.045,91.3066666666667,2.31333333333333,991.983333333333,118.079166666667,0.396666666666666,-0.4,0,24.045,91.3066666666667,2.31333333333333,991.983333333333
2016,223,23,122.959166666667,0.38,-0.4,0,23.3216666666667,93.6383333333333,1.85333333333333,992.13,122.959166666667,0.38,-0.4,0,23.3216666666667,93.6383333333333,1.85333333333333,992.13
2016,224,0,124.678666666667,0.4,-0.4,0,23.0016666666667,94.3316666666667,1.33666666666667,992.283333333334,124.678666666667,0.4,-0.4,0,23.0016666666667,94.3316666666667,1.33666666666667,992.283333333334
2016,224,1,122.944833333333,0.393333333333333,-0.398333333333333,0,22.6233333333333,95.2916666666668,1.725,992.095,122.944833333333,0.393333333333333,-0.398333333333333,0,22.6233333333333,95.2916666666668,1.725,992.095
2016,224,2,118.051166666667,0.305,-0.398333333333333,0,22.5983333333333,95.8116666666667,1.78333333333333,991.835,118.051166666667,0.305,-0.398333333333333,0,22.5983333333333,95.8116666666667,1.78333333333333,991.835
2016,224,3,110.679,0.33,-0.398333333333333,0,22.6033333333333,95.8616666666667,1.96833333333333,991.63,110.679,0.33,-0.398333333333333,0,22.6033333333333,95.8616666666667,1.96833333333333,991.63
2016,224,4,101.557666666667,0.221666666666667,-0.368333333333333,0,22.7916666666666,96.005,1.77666666666667,991.451666666667,101.557666666667,0.221666666666667,-0.368333333333333,0,22.7916666666666,96.005,1.77666666666667,991.451666666667
2016,224,5,91.1155,0.273333333333333,5.61,2.55166666666667,22.3666666666667,96.1566666666666,1.81666666666667,991.608333333333,91.1155,0.273333333333333,5.61,2.55166666666667,22.3666666666667,96.1566666666666,1.81666666666667,991.608333333333
2016,224,6,80.1946666666667,8.37666666666667,65.27,28.3766666666667,22.7466666666667,96.3416666666667,1.27833333333333,991.936666666667,80.1946666666667,8.37666666666667,65.27,28.3766666666667,22.7466666666667,96.3416666666667,1.27833333333333,991.936666666667
2016,224,7,68.8848333333333,240.9,136.613333333333,100.403333333333,24.04,95.605,1.905,991.950000000001,68.8848333333333,240.9,136.613333333333,100.403333333333,24.04,95.605,1.905,991.950000000001
2016,224,8,57.4678333333333,511.158333333333,198.733333333333,205.471666666667,26.0316666666667,89.715,3.52166666666667,991.643333333333,57.4678333333333,511.158333333333,198.733333333333,205.471666666667,26.0316666666667,89.715,3.52166666666667,991.643333333333
2016,224,9,46.3583333333333,645.57,177.975,272.571666666667,27.7866666666667,82.045,3.73833333333333,991.355,46.3583333333333,645.57,177.975,272.571666666667,27.7866666666667,82.045,3.73833333333333,991.355
2016,224,10,36.2228333333333,632.033333333333,220.743333333333,326.996363636364,29.12,74.99,3.77666666666667,991.278333333333,36.2228333333333,632.033333333333,220.743333333333,326.996363636364,29.12,74.99,3.77666666666667,991.278333333333
2016,224,11,28.4265,734.018333333333,196.696666666667,368.981355932203,30.015,68.475,4.215,990.910000000001,28.4265,734.018333333333,196.696666666667,368.981355932203,30.015,68.475,4.215,990.910000000001
2016,224,12,25.3501666666667,591.525,238.726666666667,338.243103448276,30.6033333333333,66.3133333333333,3.88333333333333,990.328333333333,25.3501666666667,591.525,238.726666666667,338.243103448276,30.6033333333333,66.3133333333333,3.88333333333333,990.328333333333
2016,224,13,28.5345,641.405,260.625,352.605172413793,31.0366666666667,64.45,4.04666666666667,989.793333333333,28.5345,641.405,260.625,352.605172413793,31.0366666666667,64.45,4.04666666666667,989.793333333333
2016,224,14,36.3941666666667,691.721666666667,187.596666666667,323.833333333333,31.395,63.16,4.18333333333333,989.275,36.3941666666667,691.721666666667,187.596666666667,323.833333333333,31.395,63.16,4.18333333333333,989.275
2016,224,15,46.5633333333333,764.741666666667,131.225,289.075862068966,31.6583333333333,61.0666666666667,4.21,989.101666666666,46.5633333333333,764.741666666667,131.225,289.075862068966,31.6583333333333,61.0666666666667,4.21,989.101666666666
2016,224,16,57.6921666666667,731.138333333333,95.6683333333334,213.598333333333,31.5333333333333,63.035,3.96,987.898333333333,57.6921666666667,731.138333333333,95.6683333333334,213.598333333333,31.5333333333333,63.035,3.96,987.898333333333
2016,224,17,69.1245,640.81,68.0383333333333,129,30.6483333333334,68.8133333333333,5.03833333333333,986.566666666667,69.1245,640.81,68.0383333333333,129,30.6483333333334,68.8133333333333,5.03833333333333,986.566666666667
2016,224,18,80.4471666666667,345.528333333333,41.52,43.7933333333334,29.7816666666667,72.8966666666667,2.565,987.235000000001,80.4471666666667,345.528333333333,41.52,43.7933333333334,29.7816666666667,72.8966666666667,2.565,987.235000000001
2016,224,19,91.3983333333333,33.2033333333334,6.13,3.58833333333333,27.8416666666667,81.0783333333333,2.68,987.186666666666,91.3983333333333,33.2033333333334,6.13,3.58833333333333,27.8416666666667,81.0783333333333,2.68,987.186666666666
2016,224,20,101.845833333333,0.335,-0.4,0,26.4583333333333,85.5333333333333,3.30666666666667,986.926666666667,101.845833333333,0.335,-0.4,0,26.4583333333333,85.5333333333333,3.30666666666667,986.926666666667
2016,224,21,110.982333333333,0.333333333333333,-0.4,0,25.8183333333333,87.2616666666667,2.185,987.828333333333,110.982333333333,0.333333333333333,-0.4,0,25.8183333333333,87.2616666666667,2.185,987.828333333333
2016,224,22,118.366333333333,0.4,-0.4,0,25.2016666666667,89.0466666666667,1.64666666666667,988.653333333333,118.366333333333,0.4,-0.4,0,25.2016666666667,89.0466666666667,1.64666666666667,988.653333333333
2016,224,23,123.260666666667,0.326666666666667,-0.4,0,24.4783333333334,91.4833333333334,2.52,988.433333333335,123.260666666667,0.326666666666667,-0.4,0,24.4783333333334,91.4833333333334,2.52,988.433333333335
2016,225,0,124.978166666667,0.183333333333333,-0.4,0,24.4816666666667,91.7066666666666,2.895,988.171666666667,124.978166666667,0.183333333333333,-0.4,0,24.4816666666667,91.7066666666666,2.895,988.171666666667
2016,225,1,123.226666666667,0.08,-0.4,0,24.32,91.9983333333333,2.78166666666667,987.596666666667,123.226666666667,0.08,-0.4,0,24.32,91.9983333333333,2.78166666666667,987.596666666667
2016,225,2,118.304333333333,0.173333333333333,-0.4,0,23.9383333333333,93.0083333333334,2.77166666666667,986.958333333334,118.304333333333,0.173333333333333,-0.4,0,23.9383333333333,93.0083333333334,2.77166666666667,986.958333333334
2016,225,3,110.9,0.00833333333333333,-0.4,0,23.6683333333333,93.8316666666666,2.80333333333333,986.671666666666,110.9,0.00833333333333333,-0.4,0,23.6683333333333,93.8316666666666,2.80333333333333,986.671666666666
2016,225,4,101.752333333333,0.0166666666666667,-0.4,0,23.5183333333334,94.1799999999999,2.84,986.625,101.752333333333,0.0166666666666667,-0.4,0,23.5183333333334,94.1799999999999,2.84,986.625
2016,225,5,91.292,24.465,9.57833333333333,4.36833333333333,23.2916666666667,94.555,1.96,987.236666666666,91.292,24.465,9.57833333333333,4.36833333333333,23.2916666666667,94.555,1.96,987.236666666666
2016,225,6,80.3511666666667,93.9216666666666,63.4283333333333,33.9283333333333,23.7116666666667,94.335,2.96,987.136666666666,80.3511666666667,93.9216666666666,63.4283333333333,33.9283333333333,23.7116666666667,94.335,2.96,987.136666666666
2016,225,7,69.0358333333333,207.295,137.506666666667,96.785,24.6033333333333,92.665,3.66166666666667,987.11,69.0358333333333,207.295,137.506666666667,96.785,24.6033333333333,92.665,3.66166666666667,987.11
2016,225,8,57.6218333333333,389.625,222.168333333333,189.715,26.2283333333333,86.8333333333334,4.72666666666666,986.708333333332,57.6218333333333,389.625,222.168333333333,189.715,26.2283333333333,86.8333333333334,4.72666666666666,986.708333333332
2016,225,9,46.5293333333333,315.568333333333,382.001666666667,255.828333333333,27.8083333333333,80.4666666666667,4.80833333333333,986.719999999999,46.5293333333333,315.568333333333,382.001666666667,255.828333333333,27.8083333333333,80.4666666666667,4.80833333333333,986.719999999999
2016,225,10,36.4278333333333,206.34,441.816666666667,264.675,28.6516666666667,76.115,4.80333333333333,986.536666666667,36.4278333333333,206.34,441.816666666667,264.675,28.6516666666667,76.115,4.80333333333333,986.536666666667
2016,225,11,28.6846666666667,42.1,413.601666666667,196.508333333333,28.8,75.4666666666667,4.29833333333333,986.18,28.6846666666667,42.1,413.601666666667,196.508333333333,28.8,75.4666666666667,4.29833333333333,986.18
2016,225,12,25.6503333333333,25.7083333333333,459.781666666667,211.357692307692,29.14,73.425,4.01666666666667,985.681666666666,25.6503333333333,25.7083333333333,459.781666666667,211.357692307692,29.14,73.425,4.01666666666667,985.681666666666
2016,225,13,28.825,10.66,411.18,183.155,29.42,72.9166666666667,3.74,985.27,28.825,10.66,411.18,183.155,29.42,72.9166666666667,3.74,985.27
2016,225,14,36.6526666666667,28.1866666666667,394.335,181.771186440678,29.3933333333333,73.6883333333333,4.41166666666667,984.441666666666,36.6526666666667,28.1866666666667,394.335,181.771186440678,29.3933333333333,73.6883333333333,4.41166666666667,984.441666666666
2016,225,15,46.7963333333333,130.3,348.621666666667,191.196610169491,28.9033333333333,75.2416666666667,4.17,983.591666666667,46.7963333333333,130.3,348.621666666667,191.196610169491,28.9033333333333,75.2416666666667,4.17,983.591666666667
2016,225,16,57.9135,189.673333333333,226.45,145.764406779661,29.6116666666667,73.39,4.22333333333333,982.99,57.9135,189.673333333333,226.45,145.764406779661,29.6116666666667,73.39,4.22333333333333,982.99
2016,225,17,69.3431666666667,0.4,83.0700000000001,36.44,28.7916666666667,78.2966666666666,2.93833333333333,982.936666666667,69.3431666666667,0.4,83.0700000000001,36.44,28.7916666666667,78.2966666666666,2.93833333333333,982.936666666667
2016,225,18,80.669,0.4,16.2883333333333,6.99666666666667,27.835,81.6033333333333,3.15833333333333,983.331666666667,80.669,0.4,16.2883333333333,6.99666666666667,27.835,81.6033333333333,3.15833333333333,983.331666666667
2016,225,19,91.6353333333333,0.345,0.291666666666667,0.26,27.1466666666667,82.9216666666667,4.115,983.713333333333,91.6353333333333,0.345,0.291666666666667,0.26,27.1466666666667,82.9216666666667,4.115,983.713333333333
2016,225,20,102.099166666667,0.766666666666666,-0.435,0,24.9533333333333,87.1416666666667,4.78666666666667,984.891666666667,102.099166666667,0.766666666666666,-0.435,0,24.9533333333333,87.1416666666667,4.78666666666667,984.891666666667
2016,225,21,111.255,0.271666666666667,-0.18,0,22.5633333333333,94.9666666666667,3.82,986.006666666667,111.255,0.271666666666667,-0.18,0,22.5633333333333,94.9666666666667,3.82,986.006666666667
2016,225,22,118.657833333333,-0.02,-0.03,0,22.4466666666667,95.1933333333332,3.28666666666667,985.28,118.657833333333,-0.02,-0.03,0,22.4466666666667,95.1933333333332,3.28666666666667,985.28
2016,225,23,123.565333333333,0.0166666666666667,-0.055,0,22.3633333333333,95.5383333333333,2.89333333333333,984.640000000001,123.565333333333,0.0166666666666667,-0.055,0,22.3633333333333,95.5383333333333,2.89333333333333,984.640000000001
2016,226,0,125.282,0.00166666666666667,-0.203333333333333,0,22.305,95.1216666666667,2.90666666666667,984.143333333334,125.282,0.00166666666666667,-0.203333333333333,0,22.305,95.1216666666667,2.90666666666667,984.143333333334
2016,226,1,123.5115,0.315,-0.00166666666666667,0,22.2516666666667,94.8783333333334,1.67,983.878333333334,123.5115,0.315,-0.00166666666666667,0,22.2516666666667,94.8783333333334,1.67,983.878333333334
2016,226,2,118.558166666667,0.248333333333333,-0.00333333333333333,0,22.365,95.2416666666667,3.715,984.163333333332,118.558166666667,0.248333333333333,-0.00333333333333333,0,22.365,95.2416666666667,3.715,984.163333333332
2016,226,3,111.123166666667,0.396666666666666,0,0,22.2583333333334,94.23,3.755,984.01,111.123166666667,0.396666666666666,0,0,22.2583333333334,94.23,3.755,984.01
2016,226,4,101.947,0.141666666666667,0,0,22.18,94.2616666666667,2.68,984.230000000001,101.947,0.141666666666667,0,0,22.18,94.2616666666667,2.68,984.230000000001
2016,226,5,91.4695,0.00166666666666667,1.82166666666667,0.736666666666667,22.5133333333333,95.2283333333333,2.59833333333333,984.545000000001,91.4695,0.00166666666666667,1.82166666666667,0.736666666666667,22.5133333333333,95.2283333333333,2.59833333333333,984.545000000001
2016,226,6,80.508,0,14.46,5.975,22.9083333333333,95.6933333333333,2.79666666666667,985.108333333334,80.508,0,14.46,5.975,22.9083333333333,95.6933333333333,2.79666666666667,985.108333333334
2016,226,7,69.1888333333333,0.395,106.261666666667,44.55,23.6566666666667,95.1566666666667,3.18333333333333,985.310000000001,69.1888333333333,0.395,106.261666666667,44.55,23.6566666666667,95.1566666666667,3.18333333333333,985.310000000001
2016,226,8,57.78,164.543333333333,258.393333333333,152.266666666667,24.6983333333333,88.2716666666667,4.66666666666667,985.551666666666,57.78,164.543333333333,258.393333333333,152.266666666667,24.6983333333333,88.2716666666667,4.66666666666667,985.551666666666
2016,226,9,46.7015,202.751666666667,367.251666666667,215.349152542373,24.7666666666667,83.6,5.70833333333333,985.745000000001,46.7015,202.751666666667,367.251666666667,215.349152542373,24.7666666666667,83.6,5.70833333333333,985.745000000001
2016,226,10,36.6356666666667,153.933333333333,411.591666666667,230.888333333333,24.8916666666667,79.2016666666667,5.28,986.225000000001,36.6356666666667,153.933333333333,411.591666666667,230.888333333333,24.8916666666667,79.2016666666667,5.28,986.225000000001
2016,226,11,28.9456666666667,7.17666666666666,419.743333333334,176.141666666667,24.6666666666667,78.995,5.97833333333333,986.545,28.9456666666667,7.17666666666666,419.743333333334,176.141666666667,24.6666666666667,78.995,5.97833333333333,986.545
2016,226,12,25.9541666666667,0.871666666666666,283.583333333333,116.585,24.2883333333333,80.9516666666667,4.87833333333333,986.669999999999,25.9541666666667,0.871666666666666,283.583333333333,116.585,24.2883333333333,80.9516666666667,4.87833333333333,986.669999999999
2016,226,13,29.1213333333333,0.766666666666666,255.423333333333,104.521666666667,24.2216666666667,81.5333333333334,4.10833333333333,986.833333333334,29.1213333333333,0.766666666666666,255.423333333333,104.521666666667,24.2216666666667,81.5333333333334,4.10833333333333,986.833333333334
2016,226,14,36.9165,2.33,291.106666666667,119.835,24.71,78.8883333333333,3.53666666666666,986.94,36.9165,2.33,291.106666666667,119.835,24.71,78.8883333333333,3.53666666666666,986.94
2016,226,15,47.0351666666667,60.8016666666666,333.666666666667,157.491666666667,24.75,76.79,4.84333333333333,987.139999999999,47.0351666666667,60.8016666666666,333.666666666667,157.491666666667,24.75,76.79,4.84333333333333,987.139999999999
2016,226,16,58.139,17.2166666666667,244.485,105.14,24.6083333333333,77.4116666666666,4.21333333333333,987.378333333334,58.139,17.2166666666667,244.485,105.14,24.6083333333333,77.4116666666666,4.21333333333333,987.378333333334
2016,226,17,69.5671666666667,135.001666666667,247.35,122.791666666667,25.1483333333333,75.045,4.04833333333333,987.508333333334,69.5671666666667,135.001666666667,247.35,122.791666666667,25.1483333333333,75.045,4.04833333333333,987.508333333334
2016,226,18,80.8955,455.335,75.3966666666667,62.6683333333333,24.9266666666667,76.4933333333333,3.635,987.505,80.8955,455.335,75.3966666666667,62.6683333333333,24.9266666666667,76.4933333333333,3.635,987.505
2016,226,19,91.8763333333333,41.32,14.335,5.70869565217391,23.46,84.4733333333334,2.03333333333333,987.63,91.8763333333333,41.32,14.335,5.70869565217391,23.46,84.4733333333334,2.03333333333333,987.63
2016,226,20,102.355666666667,0.395,-0.388333333333333,0,22.41,87.6416666666667,2.42166666666667,988.268333333333,102.355666666667,0.395,-0.388333333333333,0,22.41,87.6416666666667,2.42166666666667,988.268333333333
2016,226,21,111.531,0.39,-0.4,0,21.58,90.22,2.21,989.08,111.531,0.39,-0.4,0,21.58,90.22,2.21,989.08
2016,226,22,118.954833333333,0.161666666666667,-0.333333333333333,0,20.5333333333333,92.9383333333333,2.53166666666667,989.801666666667,118.954833333333,0.161666666666667,-0.333333333333333,0,20.5333333333333,92.9383333333333,2.53166666666667,989.801666666667
2016,226,23,123.874333333333,0.153333333333333,-0.286666666666667,0,20.8833333333333,92.2083333333334,2.05166666666667,990.206666666667,123.874333333333,0.153333333333333,-0.286666666666667,0,20.8833333333333,92.2083333333334,2.05166666666667,990.206666666667
2016,227,0,125.589166666667,0.26,-0.363333333333333,0,20.635,93.1866666666667,1.78333333333333,990.093333333334,125.589166666667,0.26,-0.363333333333333,0,20.635,93.1866666666667,1.78333333333333,990.093333333334
2016,227,1,123.798833333333,0.24,-0.39,0,19.76,94.4583333333333,1.92833333333333,989.720000000001,123.798833333333,0.24,-0.39,0,19.76,94.4583333333333,1.92833333333333,989.720000000001
2016,227,2,118.815,0.336666666666667,-0.4,0,19.5516666666667,95.0466666666667,0.738333333333333,989.581666666666,118.815,0.336666666666667,-0.4,0,19.5516666666667,95.0466666666667,0.738333333333333,989.581666666666
2016,227,3,111.347666666667,0.37,-0.4,0,18.7783333333333,95.9066666666667,1.71333333333333,989.523333333334,111.347666666667,0.37,-0.4,0,18.7783333333333,95.9066666666667,1.71333333333333,989.523333333334
2016,227,4,102.142666666667,0.353333333333333,-0.398333333333333,0,18.4566666666667,95.9983333333334,0.893333333333333,990.206666666667,102.142666666667,0.353333333333333,-0.398333333333333,0,18.4566666666667,95.9983333333334,0.893333333333333,990.206666666667
2016,227,5,91.6468333333333,2.54,5.08,2.425,18.625,96.0166666666666,0.648333333333333,990.885,91.6468333333333,2.54,5.08,2.425,18.625,96.0166666666666,0.648333333333333,990.885
2016,227,6,80.666,12.1733333333333,48.4416666666667,21.375,18.5533333333333,94.8516666666667,0.498333333333333,991.435,80.666,12.1733333333333,48.4416666666667,21.375,18.5533333333333,94.8516666666667,0.498333333333333,991.435
2016,227,7,69.343,58.785,137.936666666667,67.2233333333333,19.6166666666667,92.93,0.346666666666667,991.991666666666,69.343,58.785,137.936666666667,67.2233333333333,19.6166666666667,92.93,0.346666666666667,991.991666666666
2016,227,8,57.9358333333333,6.01999999999999,137.105,57.0516666666667,21.9033333333333,86.2983333333334,0.318333333333333,992.280000000001,57.9358333333333,6.01999999999999,137.105,57.0516666666667,21.9033333333333,86.2983333333334,0.318333333333333,992.280000000001
2016,227,9,46.8765,4.685,195.44,84.4933333333333,22.0416666666667,87.23,0.76,992.735,46.8765,4.685,195.44,84.4933333333333,22.0416666666667,87.23,0.76,992.735
2016,227,10,36.845,129.173333333333,355.593333333333,197.958333333333,24.165,79.8633333333333,0.735,992.993333333334,36.845,129.173333333333,355.593333333333,197.958333333333,24.165,79.8633333333333,0.735,992.993333333334
2016,227,11,29.2091666666667,2.855,312.236666666667,132.445,24.385,76.75,2.05833333333333,992.918333333334,29.2091666666667,2.855,312.236666666667,132.445,24.385,76.75,2.05833333333333,992.918333333334
2016,227,12,26.262,1.43666666666667,310.671666666667,134.378333333333,23.425,83.0183333333333,3.65833333333333,992.773333333333,26.262,1.43666666666667,310.671666666667,134.378333333333,23.425,83.0183333333333,3.65833333333333,992.773333333333
2016,227,13,29.422,1.57666666666667,256.856666666667,111.675,23.1366666666667,83.0983333333333,3.96333333333333,992.881666666667,29.422,1.57666666666667,256.856666666667,111.675,23.1366666666667,83.0983333333333,3.96333333333333,992.881666666667
2016,227,14,37.1845,0.396666666666666,192.408333333333,83.2983333333333,23.1083333333333,82.0383333333333,2.84166666666667,992.511666666667,37.1845,0.396666666666666,192.408333333333,83.2983333333333,23.1083333333333,82.0383333333333,2.84166666666667,992.511666666667
2016,227,15,47.2778333333333,0.386666666666666,134.58,57.4516666666667,22.965,84.16,2.50166666666667,992.353333333334,47.2778333333333,0.386666666666666,134.58,57.4516666666667,22.965,84.16,2.50166666666667,992.353333333334
2016,227,16,58.3701666666667,45.5683333333333,224.091666666667,104.641666666667,23.4816666666667,81.2966666666667,2.36,992.373333333334,58.3701666666667,45.5683333333333,224.091666666667,104.641666666667,23.4816666666667,81.2966666666667,2.36,992.373333333334
2016,227,17,69.7955,11.4616666666667,142.306666666667,61.0416666666667,23.7366666666667,81.2683333333333,1.58333333333333,992.43,69.7955,11.4616666666667,142.306666666667,61.0416666666667,23.7366666666667,81.2683333333333,1.58333333333333,992.43
2016,227,18,81.125,28.04,59.795,25.4783333333333,23.3366666666667,84.9933333333333,0.878333333333333,992.406666666667,81.125,28.04,59.795,25.4783333333333,23.3366666666667,84.9933333333333,0.878333333333333,992.406666666667
2016,227,19,92.1346666666667,3.87833333333334,4.015,1.43389830508475,22.4583333333333,90.1466666666667,1.24166666666667,992.405000000001,92.1346666666667,3.87833333333334,4.015,1.43389830508475,22.4583333333333,90.1466666666667,1.24166666666667,992.405000000001
2016,227,20,102.617166666667,0.4,-0.396666666666666,0,21.5566666666667,91.5633333333333,1.71333333333333,992.933333333333,102.617166666667,0.4,-0.396666666666666,0,21.5566666666667,91.5633333333333,1.71333333333333,992.933333333333
2016,227,21,111.813166666667,0.258333333333333,-0.368333333333333,0,21.1066666666667,91.5216666666667,2.015,993.543333333332,111.813166666667,0.258333333333333,-0.368333333333333,0,21.1066666666667,91.5216666666667,2.015,993.543333333332
2016,227,22,119.256166666667,0.131666666666667,-0.37,0,20.8933333333333,92.9566666666667,1.08166666666667,993.730000000001,119.256166666667,0.131666666666667,-0.37,0,20.8933333333333,92.9566666666667,1.08166666666667,993.730000000001
2016,227,23,124.188833333333,0.131666666666667,-0.371666666666667,0,20.72,93.8783333333334,1.28666666666667,993.565,124.188833333333,0.131666666666667,-0.371666666666667,0,20.72,93.8783333333334,1.28666666666667,993.565
2016,228,0,125.9,0.126666666666667,-0.391666666666666,0,20.6633333333333,94.2316666666667,1.415,993.208333333333,125.9,0.126666666666667,-0.391666666666666,0,20.6633333333333,94.2316666666667,1.415,993.208333333333
2016,228,1,124.089666666667,0.0183333333333333,-0.336666666666667,0,20.7333333333333,92.995,1.815,992.618333333334,124.089666666667,0.0183333333333333,-0.336666666666667,0,20.7333333333333,92.995,1.815,992.618333333334
2016,228,2,119.074,0.0516666666666667,-0.303333333333333,0,20.8583333333333,91.125,2.20666666666667,992.546666666666,119.074,0.0516666666666667,-0.303333333333333,0,20.8583333333333,91.125,2.20666666666667,992.546666666666
2016,228,3,111.573,0.103333333333333,-0.338333333333333,0,20.615,92.0183333333333,2.08166666666667,992.525,111.573,0.103333333333333,-0.338333333333333,0,20.615,92.0183333333333,2.08166666666667,992.525
2016,228,4,102.34,0.0383333333333333,-0.366666666666667,0,20.2316666666667,94.93,2.52833333333333,992.351666666667,102.34,0.0383333333333333,-0.366666666666667,0,20.2316666666667,94.93,2.52833333333333,992.351666666667
2016,228,5,91.8266666666667,0,0.271666666666667,0.215,20.3533333333333,95.5099999999999,3.34333333333333,992.381666666668,91.8266666666667,0,0.271666666666667,0.215,20.3533333333333,95.5099999999999,3.34333333333333,992.381666666668
2016,228,6,80.8243333333333,0,7.63166666666667,3.62666666666667,20.7133333333334,95.4866666666667,3.44,992.418333333334,80.8243333333333,0,7.63166666666667,3.62666666666667,20.7133333333334,95.4866666666667,3.44,992.418333333334
2016,228,7,69.4958333333333,0,16.4516666666667,8.20833333333333,21.0566666666667,95.5,3.14833333333333,992.181666666666,69.4958333333333,0,16.4516666666667,8.20833333333333,21.0566666666667,95.5,3.14833333333333,992.181666666666
2016,228,8,58.096,0,23.0316666666667,11.7616666666667,21.3416666666667,95.4383333333333,3.75166666666667,991.779999999999,58.096,0,23.0316666666667,11.7616666666667,21.3416666666667,95.4383333333333,3.75166666666667,991.779999999999
2016,228,9,47.0535,0,56.375,27.1383333333333,21.655,95.0116666666667,4.13166666666667,991.663333333333,47.0535,0,56.375,27.1383333333333,21.655,95.0116666666667,4.13166666666667,991.663333333333
2016,228,10,37.0576666666667,0,79.855,39.1583333333333,21.9383333333333,95.295,3.88166666666667,991.501666666667,37.0576666666667,0,79.855,39.1583333333333,21.9383333333333,95.295,3.88166666666667,991.501666666667
2016,228,11,29.4771666666667,0.0583333333333333,80.3583333333333,40.0366666666667,21.89,95.2333333333333,3.70666666666667,991.008333333333,29.4771666666667,0.0583333333333333,80.3583333333333,40.0366666666667,21.89,95.2333333333333,3.70666666666667,991.008333333333
2016,228,12,26.5733333333333,-0.0216666666666667,60.9483333333333,31.3283333333333,22.1183333333333,94.7966666666666,3.78,990.309999999999,26.5733333333333,-0.0216666666666667,60.9483333333333,31.3283333333333,22.1183333333333,94.7966666666666,3.78,990.309999999999
2016,228,13,29.7266666666667,0.005,104.206666666667,49.91,23.005,93.5,5.13833333333333,989.511666666666,29.7266666666667,0.005,104.206666666667,49.91,23.005,93.5,5.13833333333333,989.511666666666
2016,228,14,37.4576666666667,0.308333333333333,192.851666666667,86.4,24.0116666666667,88.8233333333333,7.19166666666667,988.605,37.4576666666667,0.308333333333333,192.851666666667,86.4,24.0116666666667,88.8233333333333,7.19166666666667,988.605
2016,228,15,47.5266666666667,0,80.995,36.8616666666667,23.6016666666667,91.11,5.66833333333334,988.259999999999,47.5266666666667,0,80.995,36.8616666666667,23.6016666666667,91.11,5.66833333333334,988.259999999999
2016,228,16,58.6046666666667,0.0966666666666667,58.6333333333333,27.61,23.16,92.2816666666667,6.44666666666667,988.055,58.6046666666667,0.0966666666666667,58.6333333333333,27.61,23.16,92.2816666666667,6.44666666666667,988.055
2016,228,17,70.0266666666667,0.0433333333333333,54.5183333333333,23.1583333333333,23.0366666666667,93.3383333333333,6.385,987.843333333334,70.0266666666667,0.0433333333333333,54.5183333333333,23.1583333333333,23.0366666666667,93.3383333333333,6.385,987.843333333334
2016,228,18,81.3585,1.715,55.5116666666667,23.4433333333333,23.15,92.2333333333333,5.91666666666667,987.718333333332,81.3585,1.715,55.5116666666667,23.4433333333333,23.15,92.2333333333333,5.91666666666667,987.718333333332
2016,228,19,92.384,0.00166666666666667,3.41166666666667,1.40666666666667,22.8433333333333,93.7466666666667,4.24333333333333,987.623333333332,92.384,0.00166666666666667,3.41166666666667,1.40666666666667,22.8433333333333,93.7466666666667,4.24333333333333,987.623333333332
2016,228,20,102.8825,0.0466666666666667,0,0,22.6483333333334,93.4616666666666,4.81833333333333,988.191666666667,102.8825,0.0466666666666667,0,0,22.6483333333334,93.4616666666666,4.81833333333333,988.191666666667
2016,228,21,112.097333333333,0,-0.121666666666667,0,22.3683333333333,94.6783333333333,5.48,988.506666666667,112.097333333333,0,-0.121666666666667,0,22.3683333333333,94.6783333333333,5.48,988.506666666667
2016,228,22,119.5605,0,-0.065,0,22.2766666666667,95.3116666666667,4.75833333333333,988.548333333333,119.5605,0,-0.065,0,22.2766666666667,95.3116666666667,4.75833333333333,988.548333333333
2016,228,23,124.506666666667,0,-0.00333333333333333,0,21.985,94.9233333333334,3.89833333333333,988.943333333333,124.506666666667,0,-0.00333333333333333,0,21.985,94.9233333333334,3.89833333333333,988.943333333333
2016,229,0,126.214166666667,0,-0.00166666666666667,0,21.9183333333333,95.0483333333334,3.975,989.205000000001,126.214166666667,0,-0.00166666666666667,0,21.9183333333333,95.0483333333334,3.975,989.205000000001
2016,229,1,124.382833333333,0,-0.02,0,21.895,95.1199999999999,4.73,989.648333333333,124.382833333333,0,-0.02,0,21.895,95.1199999999999,4.73,989.648333333333
2016,229,2,119.335833333333,0,0,0,21.83,94.8949999999999,4.57833333333333,990.301666666667,119.335833333333,0,0,0,21.83,94.8949999999999,4.57833333333333,990.301666666667
2016,229,3,111.800666666667,0,0,0,21.7266666666667,95.0833333333333,3.12833333333333,990.651666666666,111.800666666667,0,0,0,21.7266666666667,95.0833333333333,3.12833333333333,990.651666666666
2016,229,4,102.537833333333,0,0,0,21.6116666666667,95.3483333333333,3.03333333333333,990.814999999999,102.537833333333,0,0,0,21.6116666666667,95.3483333333333,3.03333333333333,990.814999999999
2016,229,5,92.006,0,1.10166666666667,0.518333333333333,21.6316666666667,95.1983333333333,3.16833333333333,991.355,92.006,0,1.10166666666667,0.518333333333333,21.6316666666667,95.1983333333333,3.16833333333333,991.355
2016,229,6,80.9838333333333,0.00166666666666667,19.6633333333333,8.08166666666667,21.6616666666667,94.9999999999999,2.59166666666667,991.686666666668,80.9838333333333,0.00166666666666667,19.6633333333333,8.08166666666667,21.6616666666667,94.9999999999999,2.59166666666667,991.686666666668
2016,229,7,69.6526666666667,0.72,102.411666666667,43.1983333333333,21.9383333333333,94.1566666666667,3.14166666666667,992.024999999999,69.6526666666667,0.72,102.411666666667,43.1983333333333,21.9383333333333,94.1566666666667,3.14166666666667,992.024999999999
2016,229,8,58.2553333333333,0.753333333333333,158.361666666667,67.1833333333333,22.57,90.8166666666667,3.18,992.47,58.2553333333333,0.753333333333333,158.361666666667,67.1833333333333,22.57,90.8166666666667,3.18,992.47
2016,229,9,47.2316666666667,36.7716666666667,303.378333333333,141.435,23.3383333333333,86.2866666666667,3.96,992.841666666667,47.2316666666667,36.7716666666667,303.378333333333,141.435,23.3383333333333,86.2866666666667,3.96,992.841666666667
2016,229,10,37.2741666666667,90.8533333333334,420.525,225.315094339623,24.3283333333333,80.2016666666667,3.43666666666667,993.094999999999,37.2741666666667,90.8533333333334,420.525,225.315094339623,24.3283333333333,80.2016666666667,3.43666666666667,993.094999999999
2016,229,11,29.7483333333333,109.281666666667,396.276666666667,220.791379310345,24.6333333333333,79.3966666666667,3.79666666666667,993.163333333333,29.7483333333333,109.281666666667,396.276666666667,220.791379310345,24.6333333333333,79.3966666666667,3.79666666666667,993.163333333333
2016,229,12,26.888,413.5,400.415,335.593333333333,25.8,73.92,2.91833333333333,992.965,26.888,413.5,400.415,335.593333333333,25.8,73.92,2.91833333333333,992.965
2016,229,13,30.0366666666667,515.9,332.313333333333,342.163333333333,26.7266666666667,68.535,2.76,992.516666666668,30.0366666666667,515.9,332.313333333333,342.163333333333,26.7266666666667,68.535,2.76,992.516666666668
2016,229,14,37.7365,309.878333333333,299.465,231.63220338983,27.0166666666667,68.8033333333333,2.34166666666667,992.083333333333,37.7365,309.878333333333,299.465,231.63220338983,27.0166666666667,68.8033333333333,2.34166666666667,992.083333333333
2016,229,15,47.7791666666667,317.063333333333,263.233333333333,201.93,26.9666666666667,69.3516666666667,2.95,992.059999999999,47.7791666666667,317.063333333333,263.233333333333,201.93,26.9666666666667,69.3516666666667,2.95,992.059999999999
2016,229,16,58.8443333333333,693.468333333333,141.053333333333,215.59,27.3833333333333,65.1233333333333,2.34333333333333,992.063333333333,58.8443333333333,693.468333333333,141.053333333333,215.59,27.3833333333333,65.1233333333333,2.34333333333333,992.063333333333
2016,229,17,70.2633333333333,661.086666666667,73.57,127.673333333333,27.42,63.9,1.805,991.693333333333,70.2633333333333,661.086666666667,73.57,127.673333333333,27.42,63.9,1.805,991.693333333333
2016,229,18,81.5965,396.355,38.3,42.8583333333333,26.9566666666667,67.2316666666667,1.325,991.86,81.5965,396.355,38.3,42.8583333333333,26.9566666666667,67.2316666666667,1.325,991.86
2016,229,19,92.6376666666667,19.7733333333334,3.35166666666667,2.03833333333333,24.76,81.8483333333333,2.27,992.431666666667,92.6376666666667,19.7733333333334,3.35166666666667,2.03833333333333,24.76,81.8483333333333,2.27,992.431666666667
2016,229,20,103.1515,0.398333333333333,-0.4,0,22.8366666666667,91.7366666666667,2.61,993.316666666667,103.1515,0.398333333333333,-0.4,0,22.8366666666667,91.7366666666667,2.61,993.316666666667
2016,229,21,112.387333333333,0.343333333333334,-0.4,0,21.905,93.815,2.19,993.721666666667,112.387333333333,0.343333333333334,-0.4,0,21.905,93.815,2.19,993.721666666667
2016,229,22,119.869333333333,0.25,-0.4,0,21.475,94.3216666666667,1.95833333333333,993.915,119.869333333333,0.25,-0.4,0,21.475,94.3216666666667,1.95833333333333,993.915
2016,229,23,124.827833333333,0.103333333333333,-0.4,0,21.2833333333333,95.0633333333333,2.23,994.391666666667,124.827833333333,0.103333333333333,-0.4,0,21.2833333333333,95.0633333333333,2.23,994.391666666667
2016,230,0,126.533,0.0233333333333333,-0.4,0,21.27,95.5216666666667,2.32333333333333,994.353333333334,126.533,0.0233333333333333,-0.4,0,21.27,95.5216666666667,2.32333333333333,994.353333333334
2016,230,1,124.678833333333,0.0333333333333333,-0.388333333333333,0,20.8233333333333,96.1133333333333,1.81833333333333,994.013333333333,124.678833333333,0.0333333333333333,-0.388333333333333,0,20.8233333333333,96.1133333333333,1.81833333333333,994.013333333333
2016,230,2,119.598333333333,0,-0.17,0,20.7883333333333,96.36,1.11,993.686666666666,119.598333333333,0,-0.17,0,20.7883333333333,96.36,1.11,993.686666666666
2016,230,3,112.029,0.005,-0.385,0,20.95,96.8400000000001,1.83833333333333,993.561666666667,112.029,0.005,-0.385,0,20.95,96.8400000000001,1.83833333333333,993.561666666667
2016,230,4,102.735666666667,0,-0.296666666666667,0,20.8333333333333,97.1,1.78833333333333,993.391666666667,102.735666666667,0,-0.296666666666667,0,20.8333333333333,97.1,1.78833333333333,993.391666666667
2016,230,5,92.1875,0.0266666666666667,1.24666666666667,0.743333333333333,20.8133333333333,97.2233333333333,1.63166666666667,993.755,92.1875,0.0266666666666667,1.24666666666667,0.743333333333333,20.8133333333333,97.2233333333333,1.63166666666667,993.755
2016,230,6,81.1438333333333,0.0383333333333333,35.0616666666667,15.4283333333333,20.9066666666667,97.2733333333334,1.75833333333333,994.536666666665,81.1438333333333,0.0383333333333333,35.0616666666667,15.4283333333333,20.9066666666667,97.2733333333334,1.75833333333333,994.536666666665
2016,230,7,69.8095,0.201666666666667,94.4866666666667,38.8866666666667,21.1983333333333,97.2216666666666,1.84666666666667,995.061666666665,69.8095,0.201666666666667,94.4866666666667,38.8866666666667,21.1983333333333,97.2216666666666,1.84666666666667,995.061666666665
2016,230,8,58.4166666666667,0.613333333333333,190.253333333333,76.7733333333333,21.6166666666667,96.8866666666667,1.83333333333333,995.234999999999,58.4166666666667,0.613333333333333,190.253333333333,76.7733333333333,21.6166666666667,96.8866666666667,1.83333333333333,995.234999999999
2016,230,9,47.4121666666667,1.405,287.258333333333,117.181666666667,22.3816666666666,95.64,2.105,995.261666666667,47.4121666666667,1.405,287.258333333333,117.181666666667,22.3816666666666,95.64,2.105,995.261666666667
2016,230,10,37.4918333333333,16.6483333333333,394.998333333333,167.09,23.58,87.6366666666667,2.355,994.871666666666,37.4918333333333,16.6483333333333,394.998333333333,167.09,23.58,87.6366666666667,2.355,994.871666666666
2016,230,11,30.0213333333333,253.696666666667,460.3,290.698333333333,24.8633333333333,80.04,2.56833333333333,994.088333333334,30.0213333333333,253.696666666667,460.3,290.698333333333,24.8633333333333,80.04,2.56833333333333,994.088333333334
2016,230,12,27.2063333333333,594.113333333333,330.466666666667,370.8,26.2116666666667,74.0566666666667,2.14,993.535000000001,27.2063333333333,594.113333333333,330.466666666667,370.8,26.2116666666667,74.0566666666667,2.14,993.535000000001
2016,230,13,30.3498333333333,655.081666666667,228.138333333333,355.222807017544,27.3866666666667,68.2783333333334,1.98,992.991666666667,30.3498333333333,655.081666666667,228.138333333333,355.222807017544,27.3866666666667,68.2783333333334,1.98,992.991666666667
2016,230,14,38.0181666666667,485.45,276.015,284.743333333333,27.7016666666667,68.8166666666667,2.65166666666667,992.311666666666,38.0181666666667,485.45,276.015,284.743333333333,27.7016666666667,68.8166666666667,2.65166666666667,992.311666666666
2016,230,15,48.0366666666667,354.893333333333,252.821666666667,211.754237288136,27.44,72.9133333333334,3.28833333333333,991.926666666668,48.0366666666667,354.893333333333,252.821666666667,211.754237288136,27.44,72.9133333333334,3.28833333333333,991.926666666668
2016,230,16,59.0888333333333,369.571666666667,181.518333333333,158.151666666667,26.9783333333333,75.3566666666667,3.965,992.098333333332,59.0888333333333,369.571666666667,181.518333333333,158.151666666667,26.9783333333333,75.3566666666667,3.965,992.098333333332
2016,230,17,70.5038333333333,446.003333333333,101.108333333333,106.486666666667,26.5883333333333,77.3266666666667,3.49666666666667,992.109999999999,70.5038333333333,446.003333333333,101.108333333333,106.486666666667,26.5883333333333,77.3266666666667,3.49666666666667,992.109999999999
2016,230,18,81.8376666666667,146.495,45.9833333333333,30.3316666666667,25.6233333333333,82.925,2.43833333333333,992.103333333333,81.8376666666667,146.495,45.9833333333333,30.3316666666667,25.6233333333333,82.925,2.43833333333333,992.103333333333
2016,230,19,92.9086666666667,1.49,2.73,1.48666666666667,24.325,88.5866666666667,2.35166666666667,992.551666666665,92.9086666666667,1.49,2.73,1.48666666666667,24.325,88.5866666666667,2.35166666666667,992.551666666665
2016,230,20,103.425,0.351666666666667,-0.4,0,23.4016666666666,90.8483333333333,2.40833333333333,992.924999999999,103.425,0.351666666666667,-0.4,0,23.4016666666666,90.8483333333333,2.40833333333333,992.924999999999
2016,230,21,112.680166666667,0.4,-0.4,0,22.8783333333333,91.8933333333334,1.86,993.484999999999,112.680166666667,0.4,-0.4,0,22.8783333333333,91.8933333333334,1.86,993.484999999999
2016,230,22,120.182833333333,0.396666666666666,-0.4,0,22.3083333333333,93.3283333333333,1.98666666666667,993.688333333333,120.182833333333,0.396666666666666,-0.4,0,22.3083333333333,93.3283333333333,1.98666666666667,993.688333333333
2016,230,23,125.153333333333,0.33,-0.4,0.00166666666666667,21.85,93.8716666666667,1.975,993.870000000001,125.153333333333,0.33,-0.4,0.00166666666666667,21.85,93.8716666666667,1.975,993.870000000001
2016,231,0,126.853833333333,0.345,-0.4,0.0616666666666667,21.47,94.5066666666667,1.62,993.766666666665,126.853833333333,0.345,-0.4,0.0616666666666667,21.47,94.5066666666667,1.62,993.766666666665
2016,231,1,124.978166666667,0.398333333333333,-0.4,0,21.1616666666667,95.2633333333333,1.97333333333333,993.503333333334,124.978166666667,0.398333333333333,-0.4,0,21.1616666666667,95.2633333333333,1.97333333333333,993.503333333334
2016,231,2,119.863333333333,0.293333333333333,-0.4,0,20.8016666666667,95.785,1.745,993.325000000001,119.863333333333,0.293333333333333,-0.4,0,20.8016666666667,95.785,1.745,993.325000000001
2016,231,3,112.258,0.173333333333333,-0.4,0,20.5683333333333,96.2733333333333,1.905,992.978333333334,112.258,0.173333333333333,-0.4,0,20.5683333333333,96.2733333333333,1.905,992.978333333334
2016,231,4,102.935666666667,0.29,-0.396666666666666,-0.005,20.4383333333333,96.5050000000001,1.35,993.123333333332,102.935666666667,0.29,-0.396666666666666,-0.005,20.4383333333333,96.5050000000001,1.35,993.123333333332
2016,231,5,92.3681666666667,0.641666666666667,3.87833333333333,1.98833333333333,20.2883333333333,96.61,1.33333333333333,993.418333333334,92.3681666666667,0.641666666666667,3.87833333333333,1.98833333333333,20.2883333333333,96.61,1.33333333333333,993.418333333334
2016,231,6,81.303,187.336666666667,62.415,44.35,20.75,96.395,1.47,993.571666666666,81.303,187.336666666667,62.415,44.35,20.75,96.395,1.47,993.571666666666
2016,231,7,69.9663333333333,406.33,132.86,117.771666666667,22.705,92.7183333333334,2.46833333333333,993.298333333333,69.9663333333333,406.33,132.86,117.771666666667,22.705,92.7183333333334,2.46833333333333,993.298333333333
2016,231,8,58.5801666666667,678.296666666667,115.291666666667,202.846666666667,24.4533333333333,86.055,3.51333333333333,992.910000000001,58.5801666666667,678.296666666667,115.291666666667,202.846666666667,24.4533333333333,86.055,3.51333333333333,992.910000000001
2016,231,9,47.5958333333333,739.935,154.836666666667,282.241666666667,26.2683333333333,78.08,3.10333333333333,992.743333333333,47.5958333333333,739.935,154.836666666667,282.241666666667,26.2683333333333,78.08,3.10333333333333,992.743333333333
2016,231,10,37.7128333333333,538.601666666667,253.558333333333,289.868333333333,27.3666666666667,69.73,2.78,992.840000000001,37.7128333333333,538.601666666667,253.558333333333,289.868333333333,27.3666666666667,69.73,2.78,992.840000000001
2016,231,11,30.3005,743.883333333333,229.433333333333,374.025,27.985,66.9466666666667,3.21166666666667,992.363333333332,30.3005,743.883333333333,229.433333333333,374.025,27.985,66.9466666666667,3.21166666666667,992.363333333332
2016,231,12,27.5291666666667,605.141666666667,276.066666666667,349.841666666667,28.4066666666667,64.585,3.645,991.971666666667,27.5291666666667,605.141666666667,276.066666666667,349.841666666667,28.4066666666667,64.585,3.645,991.971666666667
2016,231,13,30.668,671.055,283.893333333333,369.964406779661,28.775,64.2066666666667,4.39333333333333,991.366666666666,30.668,671.055,283.893333333333,369.964406779661,28.775,64.2066666666667,4.39333333333333,991.366666666666
2016,231,14,38.3058333333333,641.956666666667,229.316666666667,314.24,28.9366666666667,62.45,4.82166666666667,990.761666666667,38.3058333333333,641.956666666667,229.316666666667,314.24,28.9366666666667,62.45,4.82166666666667,990.761666666667
2016,231,15,48.299,653.38,178.843333333333,267.278333333333,28.9216666666667,64.395,5.215,989.973333333335,48.299,653.38,178.843333333333,267.278333333333,28.9216666666667,64.395,5.215,989.973333333335
2016,231,16,59.3371666666667,582.161666666667,172.555,202.137288135593,28.65,69.2583333333333,4.385,989.694999999999,59.3371666666667,582.161666666667,172.555,202.137288135593,28.65,69.2583333333333,4.385,989.694999999999
2016,231,17,70.748,386.216666666667,147.03,113.223333333333,28.1366666666667,72.4866666666667,4.005,989.611666666666,70.748,386.216666666667,147.03,113.223333333333,28.1366666666667,72.4866666666667,4.005,989.611666666666
2016,231,18,82.0828333333333,203.756666666667,47.755,33.4716666666667,26.915,78.6633333333334,3.12833333333333,989.373333333334,82.0828333333333,203.756666666667,47.755,33.4716666666667,26.915,78.6633333333334,3.12833333333333,989.373333333334
2016,231,19,93.1703333333333,5.83166666666665,3.00666666666667,1.61833333333333,24.8583333333333,84.0116666666666,3.51666666666667,990.185,93.1703333333333,5.83166666666665,3.00666666666667,1.61833333333333,24.8583333333333,84.0116666666666,3.51666666666667,990.185
2016,231,20,103.701666666667,0.658333333333333,-0.431666666666667,0,20.8583333333333,90.845,4.39666666666667,991.546666666667,103.701666666667,0.658333333333333,-0.431666666666667,0,20.8583333333333,90.845,4.39666666666667,991.546666666667
2016,231,21,112.978166666667,-0.0533333333333333,-0.188333333333333,0,20.6566666666667,92.9333333333333,3.59833333333333,990.56,112.978166666667,-0.0533333333333333,-0.188333333333333,0,20.6566666666667,92.9333333333333,3.59833333333333,990.56
2016,231,22,120.5005,0.28,-0.185,0,20.4566666666667,93.9883333333333,1.86333333333333,989.799999999999,120.5005,0.28,-0.185,0,20.4566666666667,93.9883333333333,1.86333333333333,989.799999999999
2016,231,23,125.482666666667,0.181666666666667,-0.0766666666666667,0,20.1616666666667,94.3616666666667,1.93666666666667,990.175,125.482666666667,0.181666666666667,-0.0766666666666667,0,20.1616666666667,94.3616666666667,1.93666666666667,990.175
2016,232,0,127.177833333333,0.285,-0.03,0,19.9166666666667,94.7066666666667,1.6,990.833333333334,127.177833333333,0.285,-0.03,0,19.9166666666667,94.7066666666667,1.6,990.833333333334
2016,232,1,125.279833333333,0.34,-0.0766666666666667,0,19.6383333333333,94.1933333333333,0.7,990.96,125.279833333333,0.34,-0.0766666666666667,0,19.6383333333333,94.1933333333333,0.7,990.96
2016,232,2,120.13,0.18,0.00333333333333332,0,20.1166666666667,92.2266666666667,1.35333333333333,991.068333333334,120.13,0.18,0.00333333333333332,0,20.1166666666667,92.2266666666667,1.35333333333333,991.068333333334
2016,232,3,112.488666666667,0.188333333333333,-0.161666666666667,0,21.025,91.4883333333333,1.94833333333333,990.408333333332,112.488666666667,0.188333333333333,-0.161666666666667,0,21.025,91.4883333333333,1.94833333333333,990.408333333332
2016,232,4,103.135166666667,0.255,-0.35,0.005,20.39,93.2333333333333,2.76,989.645,103.135166666667,0.255,-0.35,0.005,20.39,93.2333333333333,2.76,989.645
2016,232,5,92.5493333333333,0.113333333333333,2.495,1.45,20.3016666666667,94.8766666666666,2.785,989.156666666667,92.5493333333333,0.113333333333333,2.495,1.45,20.3016666666667,94.8766666666666,2.785,989.156666666667
2016,232,6,81.4648333333333,-0.153333333333333,34.2383333333333,14.7766666666667,21.3716666666667,95.915,3.935,988.983333333333,81.4648333333333,-0.153333333333333,34.2383333333333,14.7766666666667,21.3716666666667,95.915,3.935,988.983333333333
2016,232,7,70.1236666666667,0.246666666666667,104.24,42.3583333333333,21.91,96.2866666666667,4.30833333333333,989.258333333333,70.1236666666667,0.246666666666667,104.24,42.3583333333333,21.91,96.2866666666667,4.30833333333333,989.258333333333
2016,232,8,58.7446666666667,3.88,242.808333333333,100.215,22.7183333333333,94.3233333333333,3.50166666666667,989.596666666666,58.7446666666667,3.88,242.808333333333,100.215,22.7183333333333,94.3233333333333,3.50166666666667,989.596666666666
2016,232,9,47.7801666666667,4.16666666666667,263.73,110.821666666667,23.7433333333333,89.215,3.59333333333333,989.901666666667,47.7801666666667,4.16666666666667,263.73,110.821666666667,23.7433333333333,89.215,3.59333333333333,989.901666666667
2016,232,10,37.9358333333333,0.893333333333333,270.175,110.56,24.2933333333333,85.7766666666667,3.425,989.853333333334,37.9358333333333,0.893333333333333,270.175,110.56,24.2933333333333,85.7766666666667,3.425,989.853333333334
2016,232,11,30.5808333333333,58.8683333333333,393.261666666667,189.995,24.9216666666667,83,3.07166666666667,989.501666666667,30.5808333333333,58.8683333333333,393.261666666667,189.995,24.9216666666667,83,3.07166666666667,989.501666666667
2016,232,12,27.8553333333333,454.588333333333,356.291666666667,326.536666666667,25.775,78.4933333333333,3.50166666666667,988.818333333333,27.8553333333333,454.588333333333,356.291666666667,326.536666666667,25.775,78.4933333333333,3.50166666666667,988.818333333333
2016,232,13,30.99,351.768333333333,395.22,288.861016949153,26.0516666666667,76.15,3.98166666666667,988.000000000001,30.99,351.768333333333,395.22,288.861016949153,26.0516666666667,76.15,3.98166666666667,988.000000000001
2016,232,14,38.5985,415.511666666667,372.626666666667,291.447457627119,27.2383333333333,67.18,1.74833333333333,987.811666666667,38.5985,415.511666666667,372.626666666667,291.447457627119,27.2383333333333,67.18,1.74833333333333,987.811666666667
2016,232,15,48.566,614.178333333333,208.975,260.696666666667,27.7633333333333,65.455,1.43666666666667,987.138333333334,48.566,614.178333333333,208.975,260.696666666667,27.7633333333333,65.455,1.43666666666667,987.138333333334
2016,232,16,59.5896666666667,398.065,161.095,154.98,27.385,67.995,2.04666666666667,986.49,59.5896666666667,398.065,161.095,154.98,27.385,67.995,2.04666666666667,986.49
2016,232,17,70.9963333333333,512.496666666667,74.4033333333333,101.83,26.9733333333333,71.6166666666667,2.515,985.716666666666,70.9963333333333,512.496666666667,74.4033333333333,101.83,26.9733333333333,71.6166666666667,2.515,985.716666666666
2016,232,18,82.3308333333333,338.48,35.3066666666667,36.1883333333333,26.2016666666667,76.9983333333333,2.475,985.298333333334,82.3308333333333,338.48,35.3066666666667,36.1883333333333,26.2016666666667,76.9983333333333,2.475,985.298333333334
2016,232,19,93.449,5.19999999999998,1.81,1.22833333333333,24.4116666666666,83.52,2.80666666666667,985.371666666668,93.449,5.19999999999998,1.81,1.22833333333333,24.4116666666666,83.52,2.80666666666667,985.371666666668
2016,232,20,103.983,0.165,-0.4,0,23.4133333333333,88.0683333333333,2.92,985.515,103.983,0.165,-0.4,0,23.4133333333333,88.0683333333333,2.92,985.515
2016,232,21,113.279166666667,0.0383333333333333,-0.4,0,22.705,90.7266666666666,2.63666666666667,986.008333333333,113.279166666667,0.0383333333333333,-0.4,0,22.705,90.7266666666666,2.63666666666667,986.008333333333
2016,232,22,120.8205,0.0916666666666667,-0.4,0,22.225,92.63,2.29166666666667,985.881666666667,120.8205,0.0916666666666667,-0.4,0,22.225,92.63,2.29166666666667,985.881666666667
2016,232,23,125.814833333333,-0.0233333333333333,-0.4,0,22.195,92.97,2.84166666666667,985.503333333334,125.814833333333,-0.0233333333333333,-0.4,0,22.195,92.97,2.84166666666667,985.503333333334
2016,233,0,127.507333333333,-0.0383333333333333,-0.4,0,22.255,93.2266666666666,3.24666666666667,985.226666666666,127.507333333333,-0.0383333333333333,-0.4,0,22.255,93.2266666666666,3.24666666666667,985.226666666666
2016,233,1,125.583166666667,-0.0266666666666667,-0.4,0,22.0666666666666,93.8633333333333,3.15333333333333,984.501666666667,125.583166666667,-0.0266666666666667,-0.4,0,22.0666666666666,93.8633333333333,3.15333333333333,984.501666666667
2016,233,2,120.397,-0.00833333333333333,-0.36,0,22.2583333333333,93.7933333333333,3.03333333333333,984.153333333333,120.397,-0.00833333333333333,-0.36,0,22.2583333333333,93.7933333333333,3.03333333333333,984.153333333333
2016,233,3,112.719833333333,0,-0.38,0,22.3233333333333,94.0833333333333,3.285,983.526666666667,112.719833333333,0,-0.38,0,22.3233333333333,94.0833333333333,3.285,983.526666666667
2016,233,4,103.3365,0,-0.356666666666667,0,22.0283333333333,94.9416666666666,3.215,982.543333333334,103.3365,0,-0.356666666666667,0,22.0283333333333,94.9416666666666,3.215,982.543333333334
2016,233,5,92.7325,0,1.07166666666667,0.506666666666667,22.23,95.2616666666667,3.58833333333333,982.138333333332,92.7325,0,1.07166666666667,0.506666666666667,22.23,95.2616666666667,3.58833333333333,982.138333333332
2016,233,6,81.6256666666667,0,37.0433333333333,15.6933333333333,22.7466666666667,94.31,4.545,981.806666666667,81.6256666666667,0,37.0433333333333,15.6933333333333,22.7466666666667,94.31,4.545,981.806666666667
2016,233,7,70.2828333333333,0.111666666666667,73.7383333333334,32.14,23.145,93.1333333333333,5.10666666666667,981.321666666667,70.2828333333333,0.111666666666667,73.7383333333334,32.14,23.145,93.1333333333333,5.10666666666667,981.321666666667
2016,233,8,58.9101666666667,2.46666666666667,104.658333333333,47.0083333333333,23.38,93.1399999999999,5.28,980.716666666666,58.9101666666667,2.46666666666667,104.658333333333,47.0083333333333,23.38,93.1399999999999,5.28,980.716666666666
2016,233,9,47.9663333333333,44.2866666666667,264.651666666667,125.915,24.4266666666667,89.26,5.43333333333333,980.366666666667,47.9663333333333,44.2866666666667,264.651666666667,125.915,24.4266666666667,89.26,5.43333333333333,980.366666666667
2016,233,10,38.163,62.4066666666667,293.71,150.615,24.7316666666667,85.11,5.88166666666667,979.993333333334,38.163,62.4066666666667,293.71,150.615,24.7316666666667,85.11,5.88166666666667,979.993333333334
2016,233,11,30.8641666666667,456.575,327.651666666667,316.21,25.5316666666667,72.8133333333333,8.00333333333333,980.01,30.8641666666667,456.575,327.651666666667,316.21,25.5316666666667,72.8133333333333,8.00333333333333,980.01
2016,233,12,28.1843333333333,366.63,341.113333333333,288.49,25.44,70.78,8.38166666666667,980.163333333334,28.1843333333333,366.63,341.113333333333,288.49,25.44,70.78,8.38166666666667,980.163333333334
2016,233,13,31.3156666666667,351.685,379.266666666667,294.395,25.3816666666667,70.9166666666667,7.8,980.325000000001,31.3156666666667,351.685,379.266666666667,294.395,25.3816666666667,70.9166666666667,7.8,980.325000000001
2016,233,14,38.8941666666667,161.1,341.233333333333,200.278333333333,25.235,70.56,8.04833333333334,980.098333333333,38.8941666666667,161.1,341.233333333333,200.278333333333,25.235,70.56,8.04833333333334,980.098333333333
2016,233,15,48.8365,166.438333333333,269.548333333333,166.443333333333,24.6733333333333,73.1566666666667,7.55166666666667,980.098333333333,48.8365,166.438333333333,269.548333333333,166.443333333333,24.6733333333333,73.1566666666667,7.55166666666667,980.098333333333
2016,233,16,59.8468333333333,202.735,228.958333333333,145.991666666667,24.745,71.5566666666667,7.03166666666667,980.296666666667,59.8468333333333,202.735,228.958333333333,145.991666666667,24.745,71.5566666666667,7.03166666666667,980.296666666667
2016,233,17,71.2485,310.603333333333,159.976666666667,105.945,24.5266666666667,73.985,5.91666666666667,980.659999999999,71.2485,310.603333333333,159.976666666667,105.945,24.5266666666667,73.985,5.91666666666667,980.659999999999
2016,233,18,82.582,335.396666666667,41.3783333333333,37.1983333333333,23.1766666666667,74.0616666666667,4.95666666666667,981.066666666667,82.582,335.396666666667,41.3783333333333,37.1983333333333,23.1766666666667,74.0616666666667,4.95666666666667,981.066666666667
2016,233,19,93.7198333333333,11.92,3.3,1.535,21.305,83.9733333333333,3.10166666666667,982.030000000001,93.7198333333333,11.92,3.3,1.535,21.305,83.9733333333333,3.10166666666667,982.030000000001
2016,233,20,104.267166666667,0.33,-0.4,0,20.265,85.45,2.41,983.143333333334,104.267166666667,0.33,-0.4,0,20.265,85.45,2.41,983.143333333334
2016,233,21,113.583833333333,0.215,-0.4,0,18.98,89.1533333333333,2.685,983.738333333334,113.583833333333,0.215,-0.4,0,18.98,89.1533333333333,2.685,983.738333333334
2016,233,22,121.1455,0.0566666666666666,-0.4,0,18.7416666666667,86.9816666666667,3.12666666666667,984.105,121.1455,0.0566666666666666,-0.4,0,18.7416666666667,86.9816666666667,3.12666666666667,984.105
2016,233,23,126.151666666667,0.0566666666666667,-0.4,0,17.7733333333333,89.74,3.41166666666667,984.588333333333,126.151666666667,0.0566666666666667,-0.4,0,17.7733333333333,89.74,3.41166666666667,984.588333333333
2016,234,0,127.837666666667,0.0683333333333334,-0.4,0,17.1916666666667,90.7216666666667,3.2,985.086666666666,127.837666666667,0.0683333333333334,-0.4,0,17.1916666666667,90.7216666666667,3.2,985.086666666666
2016,234,1,125.889333333333,0.108333333333333,-0.4,0,16.76,91.5533333333334,2.805,985.343333333334,125.889333333333,0.108333333333333,-0.4,0,16.76,91.5533333333334,2.805,985.343333333334
2016,234,2,120.6675,-0.0366666666666667,-0.4,0,15.9216666666667,93.3933333333333,2.475,985.539999999999,120.6675,-0.0366666666666667,-0.4,0,15.9216666666667,93.3933333333333,2.475,985.539999999999
2016,234,3,112.952666666667,-0.065,-0.4,0,15.4316666666666,94.3666666666666,2.76,985.845,112.952666666667,-0.065,-0.4,0,15.4316666666666,94.3666666666666,2.76,985.845
2016,234,4,103.538333333333,0.0316666666666667,-0.4,0,15.105,95.0916666666667,2.43333333333333,986.218333333334,103.538333333333,0.0316666666666667,-0.4,0,15.105,95.0916666666667,2.43333333333333,986.218333333334
2016,234,5,92.9158333333333,-0.0466666666666667,3.15166666666667,2.24166666666667,14.815,94.6583333333333,2.43,986.878333333333,92.9158333333333,-0.0466666666666667,3.15166666666667,2.24166666666667,14.815,94.6583333333333,2.43,986.878333333333
2016,234,6,81.7881666666667,615.8,30.5283333333333,49.3133333333333,15.0716666666667,94.1666666666667,2.40666666666667,987.798333333334,81.7881666666667,615.8,30.5283333333333,49.3133333333333,15.0716666666667,94.1666666666667,2.40666666666667,987.798333333334
2016,234,7,70.443,744.628333333333,49.0733333333333,128.456666666667,16.7,89.3133333333333,3.88166666666667,988.310000000001,70.443,744.628333333333,49.0733333333333,128.456666666667,16.7,89.3133333333333,3.88166666666667,988.310000000001
2016,234,8,59.077,862.221666666667,56.845,212.033333333333,18.1466666666667,82.0116666666667,4.54166666666667,988.651666666666,59.077,862.221666666667,56.845,212.033333333333,18.1466666666667,82.0116666666667,4.54166666666667,988.651666666666
2016,234,9,48.1558333333333,914.531666666667,67.6,288.388333333333,19.4333333333333,75.105,4.81,989.343333333333,48.1558333333333,914.531666666667,67.6,288.388333333333,19.4333333333333,75.105,4.81,989.343333333333
2016,234,10,38.3918333333333,873.848333333333,98.4816666666667,336.964406779661,20.2233333333333,70.3716666666667,4.42833333333333,989.721666666667,38.3918333333333,873.848333333333,98.4816666666667,336.964406779661,20.2233333333333,70.3716666666667,4.42833333333333,989.721666666667
2016,234,11,31.151,930.186666666667,102.795,381.206666666667,21.26,65.4333333333333,4.75,990.066666666666,31.151,930.186666666667,102.795,381.206666666667,21.26,65.4333333333333,4.75,990.066666666666
2016,234,12,28.517,817.993333333334,153.86,371.13,21.8483333333333,60.1733333333333,4.84,990.258333333334,28.517,817.993333333334,153.86,371.13,21.8483333333333,60.1733333333333,4.84,990.258333333334
2016,234,13,31.6461666666667,709.665,181.648333333333,335.016666666667,22.325,58.6783333333333,4.80166666666667,990.405000000001,31.6461666666667,709.665,181.648333333333,335.016666666667,22.325,58.6783333333333,4.80166666666667,990.405000000001
2016,234,14,39.1951666666667,746.881666666667,175.94,318.583333333333,22.7933333333333,55.7783333333333,4.645,990.446666666667,39.1951666666667,746.881666666667,175.94,318.583333333333,22.7933333333333,55.7783333333333,4.645,990.446666666667
2016,234,15,49.112,623.641666666667,167.015,240.426666666667,22.8133333333333,55.3383333333333,4.225,990.448333333334,49.112,623.641666666667,167.015,240.426666666667,22.8133333333333,55.3383333333333,4.225,990.448333333334
2016,234,16,60.1071666666667,377.931666666667,134.751666666667,136.665,22.71,57.475,3.52833333333333,990.706666666668,60.1071666666667,377.931666666667,134.751666666667,136.665,22.71,57.475,3.52833333333333,990.706666666668
2016,234,17,71.5056666666667,722.148333333333,57.105,119.823333333333,22.7633333333333,57.91,3.18166666666667,990.800000000001,71.5056666666667,722.148333333333,57.105,119.823333333333,22.7633333333333,57.91,3.18166666666667,990.800000000001
2016,234,18,82.8368333333333,370.133333333333,29.12,34.0183333333333,21.5833333333333,66.0383333333333,2.46833333333333,991.049999999999,82.8368333333333,370.133333333333,29.12,34.0183333333333,21.5833333333333,66.0383333333333,2.46833333333333,991.049999999999
2016,234,19,93.994,18.5716666666667,1.94333333333333,1.20666666666667,20.1716666666667,72.99,2.31166666666667,991.551666666667,93.994,18.5716666666667,1.94333333333333,1.20666666666667,20.1716666666667,72.99,2.31166666666667,991.551666666667
2016,234,20,104.554666666667,0.4,-0.4,0,18.7,78.2083333333333,2.21,992.511666666667,104.554666666667,0.4,-0.4,0,18.7,78.2083333333333,2.21,992.511666666667
2016,234,21,113.891833333333,0.391666666666666,-0.398333333333333,0,17.4916666666667,83.6066666666667,1.63666666666667,993.286666666667,113.891833333333,0.391666666666666,-0.398333333333333,0,17.4916666666667,83.6066666666667,1.63666666666667,993.286666666667
2016,234,22,121.4735,0.31,-0.371666666666666,0,17.745,81.4083333333334,1.175,993.806666666667,121.4735,0.31,-0.371666666666666,0,17.745,81.4083333333334,1.175,993.806666666667
2016,234,23,126.4915,0.375,-0.4,0,16.9066666666667,85.545,0.86,994.133333333333,126.4915,0.375,-0.4,0,16.9066666666667,85.545,0.86,994.133333333333
2016,235,0,128.172,0.338333333333333,-0.4,0,15.6416666666667,91.775,0.126315789473684,994.34,128.172,0.338333333333333,-0.4,0,15.6416666666667,91.775,0.126315789473684,994.34
2016,235,1,126.197666666667,0.306666666666667,-0.398333333333333,0,15.25,92.9833333333334,0.3,994.218333333333,126.197666666667,0.306666666666667,-0.398333333333333,0,15.25,92.9833333333334,0.3,994.218333333333
2016,235,2,120.938333333333,0.37,-0.4,0,14.8533333333333,94.2766666666666,0.229411764705882,994.383333333334,120.938333333333,0.37,-0.4,0,14.8533333333333,94.2766666666666,0.229411764705882,994.383333333334
2016,235,3,113.186,0.24,-0.4,0,14.54,94.645,0.818333333333334,994.554999999999,113.186,0.24,-0.4,0,14.54,94.645,0.818333333333334,994.554999999999
2016,235,4,103.739833333333,0.386666666666666,-0.4,0,13.7466666666667,95.51,0.5125,994.911666666666,103.739833333333,0.386666666666666,-0.4,0,13.7466666666667,95.51,0.5125,994.911666666666
2016,235,5,93.1006666666667,0.397872340425532,3.33833333333333,1.81333333333333,13.435,96.2016666666667,0.18,995.525,93.1006666666667,0.397872340425532,3.33833333333333,1.81333333333333,13.435,96.2016666666667,0.18,995.525
2016,235,6,81.9506666666667,NA,32.1016666666667,47.41,14.185,95.7433333333333,0.313636363636364,996.345,81.9506666666667,519.769166666667,32.1016666666667,47.41,14.185,95.7433333333333,0.313636363636364,996.345
2016,235,7,70.6058333333333,768.710638297872,47.57,128.301666666667,17.6433333333333,86.0266666666667,0.205128205128205,996.943333333333,70.6058333333333,768.710638297872,47.57,128.301666666667,17.6433333333333,86.0266666666667,0.205128205128205,996.943333333333
2016,235,8,59.2465,863.858333333333,56.3416666666667,209.8,20.1033333333333,73.5516666666667,0.713793103448276,997.176666666666,59.2465,863.858333333333,56.3416666666667,209.8,20.1033333333333,73.5516666666667,0.713793103448276,997.176666666666
2016,235,9,48.3448333333333,919.863333333333,62.1033333333333,285.011666666667,21.7166666666667,62.8816666666667,1.30166666666667,997.370000000001,48.3448333333333,919.863333333333,62.1033333333333,285.011666666667,21.7166666666667,62.8816666666667,1.30166666666667,997.370000000001
2016,235,10,38.6238333333333,807.265,101.92,314.958333333333,22.5,56.5033333333333,2.22333333333333,997.390000000001,38.6238333333333,807.265,101.92,314.958333333333,22.5,56.5033333333333,2.22333333333333,997.390000000001
2016,235,11,31.4416666666667,828.1,154.922033898305,375.210344827586,23.1366666666667,52.1933333333333,2.48833333333333,997.088333333333,31.4416666666667,828.1,154.922033898305,375.210344827586,23.1366666666667,52.1933333333333,2.48833333333333,997.088333333333
2016,235,12,28.8526666666667,947.051666666667,128.37,402.32,23.9366666666667,49.0233333333333,2.33666666666667,996.774999999999,28.8526666666667,947.051666666667,128.37,402.32,23.9366666666667,49.0233333333333,2.33666666666667,996.774999999999
2016,235,13,31.9801666666667,933.16,102.965,378.713333333333,24.3816666666667,49.2083333333334,2.365,996.393333333333,31.9801666666667,933.16,102.965,378.713333333333,24.3816666666667,49.2083333333334,2.365,996.393333333333
2016,235,14,39.5,768.855,132.256666666667,310.423728813559,24.6283333333333,49.695,2.78,995.915,39.5,768.855,132.256666666667,310.423728813559,24.6283333333333,49.695,2.78,995.915
2016,235,15,49.3903333333333,567.805,154.188333333333,222.103389830509,24.475,52.515,2.96166666666667,995.614999999999,49.3903333333333,567.805,154.188333333333,222.103389830509,24.475,52.515,2.96166666666667,995.614999999999
2016,235,16,60.372,656.153333333333,97.2016666666667,182.158333333333,24.5883333333333,53.2016666666667,2.8,995.431666666668,60.372,656.153333333333,97.2016666666667,182.158333333333,24.5883333333333,53.2016666666667,2.8,995.431666666668
2016,235,17,71.7658333333333,684.646666666667,54.8983333333333,113.291666666667,24.3466666666667,56.15,2.25166666666667,995.218333333332,71.7658333333333,684.646666666667,54.8983333333333,113.291666666667,24.3466666666667,56.15,2.25166666666667,995.218333333332
2016,235,18,83.0945,404.556666666667,27.8033333333333,33.6783333333333,23.15,64.1866666666667,2.03166666666667,995.241666666668,83.0945,404.556666666667,27.8033333333333,33.6783333333333,23.15,64.1866666666667,2.03166666666667,995.241666666668
2016,235,19,94.2845,12.4516666666667,1.51166666666666,1.00166666666667,21.3433333333333,73.5483333333333,2.95166666666667,995.595,94.2845,12.4516666666667,1.51166666666666,1.00166666666667,21.3433333333333,73.5483333333333,2.95166666666667,995.595
2016,235,20,104.846333333333,0.395,-0.4,0,19.2383333333333,81.4133333333333,2.84333333333333,996.405,104.846333333333,0.395,-0.4,0,19.2383333333333,81.4133333333333,2.84333333333333,996.405
2016,235,21,114.203666666667,0.22,-0.4,0,18.1633333333333,84.155,2.395,997.038333333333,114.203666666667,0.22,-0.4,0,18.1633333333333,84.155,2.395,997.038333333333
2016,235,22,121.8055,-2.82181685425561e-17,-0.4,0,17.3133333333333,86.9116666666666,2.35833333333333,997.174999999999,121.8055,-2.82181685425561e-17,-0.4,0,17.3133333333333,86.9116666666666,2.35833333333333,997.174999999999
2016,235,23,126.835833333333,-0.0333333333333333,-0.4,0,16.86,87.5116666666667,2.41166666666667,997.248333333332,126.835833333333,-0.0333333333333333,-0.4,0,16.86,87.5116666666667,2.41166666666667,997.248333333332
2016,236,0,128.509166666667,-0.106666666666667,-0.4,0,16.4683333333333,87.455,2.49833333333333,997.25,128.509166666667,-0.106666666666667,-0.4,0,16.4683333333333,87.455,2.49833333333333,997.25
2016,236,1,126.508,-0.00166666666666669,-0.4,0,15.9316666666667,88.3566666666667,2.33,997.173333333332,126.508,-0.00166666666666669,-0.4,0,15.9316666666667,88.3566666666667,2.33,997.173333333332
2016,236,2,121.2105,0.111666666666667,-0.4,0,15.5366666666667,89.4116666666667,2.275,997.088333333333,121.2105,0.111666666666667,-0.4,0,15.5366666666667,89.4116666666667,2.275,997.088333333333
2016,236,3,113.419666666667,0.326666666666667,-0.4,0,15.0833333333333,90.2166666666667,2.12666666666667,997.078333333333,113.419666666667,0.326666666666667,-0.4,0,15.0833333333333,90.2166666666667,2.12666666666667,997.078333333333
2016,236,4,103.942166666667,-0.0483333333333333,-0.4,0,14.955,90.3516666666667,2.42833333333333,997.096666666666,103.942166666667,-0.0483333333333333,-0.4,0,14.955,90.3516666666667,2.42833333333333,997.096666666666
2016,236,5,93.2856666666667,20.3083333333333,2.815,1.77166666666667,14.9316666666667,90.3466666666666,2.44,997.556666666666,93.2856666666667,20.3083333333333,2.815,1.77166666666667,14.9316666666667,90.3466666666666,2.44,997.556666666666
2016,236,6,82.1138333333333,423.738333333333,33.6366666666667,45.2616666666667,15.3183333333333,90.1433333333334,1.95666666666667,998.108333333334,82.1138333333333,423.738333333333,33.6366666666667,45.2616666666667,15.3183333333333,90.1433333333334,1.95666666666667,998.108333333334
2016,236,7,70.7673333333333,699.558333333334,59.22,122.678333333333,17.9983333333333,85.0716666666666,2.525,998.308333333334,70.7673333333333,699.558333333334,59.22,122.678333333333,17.9983333333333,85.0716666666666,2.525,998.308333333334
2016,236,8,59.4156666666667,816.18,75.4283333333333,207.355,20.82,76.6433333333333,3.54833333333333,998.548333333332,59.4156666666667,816.18,75.4283333333333,207.355,20.82,76.6433333333333,3.54833333333333,998.548333333332
2016,236,9,48.5373333333333,829.228333333333,104.643333333333,277.115,22.825,69.2233333333333,4.26166666666667,998.686666666666,48.5373333333333,829.228333333333,104.643333333333,277.115,22.825,69.2233333333333,4.26166666666667,998.686666666666
2016,236,10,38.8573333333333,648.573333333333,195.608333333333,294.77,23.9183333333333,61.5316666666667,5.26666666666667,998.495,38.8573333333333,648.573333333333,195.608333333333,294.77,23.9183333333333,61.5316666666667,5.26666666666667,998.495
2016,236,11,31.7355,723.136666666667,244.155,362.12,24.6283333333333,56.3733333333333,5.23166666666667,997.715,31.7355,723.136666666667,244.155,362.12,24.6283333333333,56.3733333333333,5.23166666666667,997.715
2016,236,12,29.1921666666667,853.858333333333,158.07,382.636666666667,25.075,55.885,5,997.048333333334,29.1921666666667,853.858333333333,158.07,382.636666666667,25.075,55.885,5,997.048333333334
2016,236,13,32.3178333333333,455.203333333333,312.05,298.085,25.4066666666667,56.5416666666667,5.19,996.611666666666,32.3178333333333,455.203333333333,312.05,298.085,25.4066666666667,56.5416666666667,5.19,996.611666666666
2016,236,14,39.8083333333333,368.508333333333,330.685,260.966666666667,25.7016666666667,58.6666666666667,5.13666666666667,996.088333333334,39.8083333333333,368.508333333333,330.685,260.966666666667,25.7016666666667,58.6666666666667,5.13666666666667,996.088333333334
2016,236,15,49.674,15.8683333333333,252.016666666667,111.956666666667,25.2066666666667,63.1833333333333,4.575,995.891666666668,49.674,15.8683333333333,252.016666666667,111.956666666667,25.2066666666667,63.1833333333333,4.575,995.891666666668
2016,236,16,60.6415,4.38833333333333,187.1,81.575,24.8416666666667,68.5116666666667,3.60166666666667,995.883333333334,60.6415,4.38833333333333,187.1,81.575,24.8416666666667,68.5116666666667,3.60166666666667,995.883333333334
2016,236,17,72.0283333333333,0.4,64.2616666666667,27.265,24.0066666666667,73.505,2.96666666666667,995.601666666666,72.0283333333333,0.4,64.2616666666667,27.265,24.0066666666667,73.505,2.96666666666667,995.601666666666
2016,236,18,83.3545,0.4,23.8116666666667,10.769387755102,23.245,78.13,2.015,995.226666666666,83.3545,0.4,23.8116666666667,10.769387755102,23.245,78.13,2.015,995.226666666666
2016,236,19,94.5668333333333,0.4,0.473333333333334,0.323333333333333,22.2533333333333,83.925,2.3,995.048333333333,94.5668333333333,0.4,0.473333333333334,0.323333333333333,22.2533333333333,83.925,2.3,995.048333333333
2016,236,20,105.1405,0.4,-0.4,0,21.4416666666667,86.8,2.70333333333333,994.841666666668,105.1405,0.4,-0.4,0,21.4416666666667,86.8,2.70333333333333,994.841666666668
2016,236,21,114.5185,0.325,-0.4,0,20.6716666666667,89.1516666666667,3.14166666666667,994.528333333334,114.5185,0.325,-0.4,0,20.6716666666667,89.1516666666667,3.14166666666667,994.528333333334
2016,236,22,122.140333333333,-0.13,-0.323333333333333,0,20.65,87.74,3.66166666666667,994.488333333333,122.140333333333,-0.13,-0.323333333333333,0,20.65,87.74,3.66166666666667,994.488333333333
2016,236,23,127.181666666667,0.275,-0.4,0,20.6483333333334,85.7166666666667,4.02833333333333,994.333333333335,127.181666666667,0.275,-0.4,0,20.6483333333334,85.7166666666667,4.02833333333333,994.333333333335
2016,237,0,128.849166666667,-0.0466666666666667,-0.4,0,20.4033333333333,84.3533333333334,4.035,994.066666666667,128.849166666667,-0.0466666666666667,-0.4,0,20.4033333333333,84.3533333333334,4.035,994.066666666667
2016,237,1,126.820833333333,-0.045,-0.36,0,20.9016666666667,82.825,4.4,993.721666666666,126.820833333333,-0.045,-0.36,0,20.9016666666667,82.825,4.4,993.721666666666
2016,237,2,121.484666666667,0.156666666666667,-0.4,0,20.9166666666667,85.9533333333333,4.005,993.631666666666,121.484666666667,0.156666666666667,-0.4,0,20.9166666666667,85.9533333333333,4.005,993.631666666666
2016,237,3,113.654666666667,0.00333333333333333,-0.398333333333333,0,21.095,90.0716666666667,4.15666666666667,993.208333333334,113.654666666667,0.00333333333333333,-0.398333333333333,0,21.095,90.0716666666667,4.15666666666667,993.208333333334
2016,237,4,104.145333333333,0.005,-0.391666666666666,0,21.49,92.0883333333333,3.825,992.673333333333,104.145333333333,0.005,-0.391666666666666,0,21.49,92.0883333333333,3.825,992.673333333333
2016,237,5,93.4581666666667,0,1.61,0.63,21.7733333333333,92.4816666666667,5.165,992.095,93.4581666666667,0,1.61,0.63,21.7733333333333,92.4816666666667,5.165,992.095
2016,237,6,82.2768333333333,0.0483333333333333,19.2733333333333,7.955,22.1933333333333,92.2283333333333,4.98333333333334,991.84,82.2768333333333,0.0483333333333333,19.2733333333333,7.955,22.1933333333333,92.2283333333333,4.98333333333334,991.84
2016,237,7,70.9303333333333,0.0416666666666667,12.73,5.975,22.57,92.1416666666667,5.09,991.705,70.9303333333333,0.0416666666666667,12.73,5.975,22.57,92.1416666666667,5.09,991.705
2016,237,8,59.5876666666667,0.00166666666666667,46.3666666666667,20.475,22.8083333333333,94.5816666666666,5.37666666666667,991.368333333334,59.5876666666667,0.00166666666666667,46.3666666666667,20.475,22.8083333333333,94.5816666666666,5.37666666666667,991.368333333334
2016,237,9,48.7318333333333,25.1266666666667,221.386666666667,103.887719298246,24.735,88.325,5.32166666666667,991.181666666667,48.7318333333333,25.1266666666667,221.386666666667,103.887719298246,24.735,88.325,5.32166666666667,991.181666666667
2016,237,10,39.0945,28.175,230.168333333333,105.371666666667,26.505,80.0166666666667,6.63666666666666,990.990000000001,39.0945,28.175,230.168333333333,105.371666666667,26.505,80.0166666666667,6.63666666666666,990.990000000001
2016,237,11,32.0313333333333,97.75,368.331666666667,198.148333333333,27.265,77.7633333333334,6.655,991.126666666667,32.0313333333333,97.75,368.331666666667,198.148333333333,27.265,77.7633333333334,6.655,991.126666666667
2016,237,12,29.535,352.405,369.233333333333,296.493333333333,28.505,73.0033333333333,7.355,990.328333333333,29.535,352.405,369.233333333333,296.493333333333,28.505,73.0033333333333,7.355,990.328333333333
2016,237,13,32.659,314.681666666667,388.313333333333,283.59,29.3883333333333,69.255,7.265,989.901666666668,32.659,314.681666666667,388.313333333333,283.59,29.3883333333333,69.255,7.265,989.901666666668
2016,237,14,40.1211666666667,333.216666666667,331.126666666667,254.48,29.7933333333333,65.875,7.58333333333333,989.666666666666,40.1211666666667,333.216666666667,331.126666666667,254.48,29.7933333333333,65.875,7.58333333333333,989.666666666666
2016,237,15,49.9611666666667,163.625,280.381666666667,164.58,29.33,68.3333333333333,6.05166666666667,989.506666666667,49.9611666666667,163.625,280.381666666667,164.58,29.33,68.3333333333333,6.05166666666667,989.506666666667
2016,237,16,60.914,102.881666666667,202.143333333333,109.756666666667,29.065,71.495,4.675,989.740000000001,60.914,102.881666666667,202.143333333333,109.756666666667,29.065,71.495,4.675,989.740000000001
2016,237,17,72.2965,234.783333333333,139.108333333333,87.8133333333333,29.0583333333333,71.6933333333333,4.17333333333333,989.908333333334,72.2965,234.783333333333,139.108333333333,87.8133333333333,29.0583333333333,71.6933333333333,4.17333333333333,989.908333333334
2016,237,18,83.6176666666667,81.9183333333333,44.3016666666667,24.5383333333333,27.9366666666667,76.0716666666667,3.16666666666667,990.203333333334,83.6176666666667,81.9183333333333,44.3016666666667,24.5383333333333,27.9366666666667,76.0716666666667,3.16666666666667,990.203333333334
2016,237,19,94.8656666666667,0.44,1.21833333333333,0.728333333333333,26.0866666666667,83.65,2.62833333333333,990.611666666665,94.8656666666667,0.44,1.21833333333333,0.728333333333333,26.0866666666667,83.65,2.62833333333333,990.611666666665
2016,237,20,105.439333333333,0.4,-0.4,0,25.0433333333333,86.73,2.46666666666667,990.681666666666,105.439333333333,0.4,-0.4,0,25.0433333333333,86.73,2.46666666666667,990.681666666666
2016,237,21,114.836333333333,0.4,-0.4,0,24.3316666666667,88.9333333333334,2.08833333333333,990.748333333333,114.836333333333,0.4,-0.4,0,24.3316666666667,88.9333333333334,2.08833333333333,990.748333333333
2016,237,22,122.479166666667,0.4,-0.378333333333333,0,23.5916666666667,91.28,1.60166666666667,990.825,122.479166666667,0.4,-0.378333333333333,0,23.5916666666667,91.28,1.60166666666667,990.825
2016,237,23,127.531666666667,0.02,-0.118333333333333,0,24.35,91.5433333333333,2.75666666666667,990.595,127.531666666667,0.02,-0.118333333333333,0,24.35,91.5433333333333,2.75666666666667,990.595
2016,238,0,129.192666666667,0.325,-0.358333333333334,0,24.1833333333333,92.0633333333333,3.11333333333333,990.845,129.192666666667,0.325,-0.358333333333334,0,24.1833333333333,92.0633333333333,3.11333333333333,990.845
2016,238,1,127.135333333333,0.258333333333334,-0.153333333333333,0,23.7833333333333,93.7733333333333,2.93166666666667,990.868333333334,127.135333333333,0.258333333333334,-0.153333333333333,0,23.7833333333333,93.7733333333333,2.93166666666667,990.868333333334
2016,238,2,121.759333333333,0.721666666666666,-0.463333333333333,0,23.09,89.2916666666667,6.63333333333333,991.805,121.759333333333,0.721666666666666,-0.463333333333333,0,23.09,89.2916666666667,6.63333333333333,991.805
2016,238,3,113.8905,0.4,-0.255,0,21.2116666666667,89.965,1.70833333333333,991.416666666667,113.8905,0.4,-0.255,0,21.2116666666667,89.965,1.70833333333333,991.416666666667
2016,238,4,104.349,0.401666666666666,-0.353333333333333,0,20.5033333333333,92.065,1.80666666666667,990.858333333332,104.349,0.401666666666666,-0.353333333333333,0,20.5033333333333,92.065,1.80666666666667,990.858333333332
2016,238,5,93.6455,0.4,1.02,0.703333333333333,19.5166666666667,95.0149999999999,2.275,991.301666666666,93.6455,0.4,1.02,0.703333333333333,19.5166666666667,95.0149999999999,2.275,991.301666666666
2016,238,6,82.4408333333333,240.375,29.2416666666667,34.7866666666667,19.5833333333333,95.155,2.4,991.911666666666,82.4408333333333,240.375,29.2416666666667,34.7866666666667,19.5833333333333,95.155,2.4,991.911666666666
2016,238,7,71.0938333333333,625.655,64.785,118.643333333333,21.3633333333333,90.4183333333333,2.755,992.415000000001,71.0938333333333,625.655,64.785,118.643333333333,21.3633333333333,90.4183333333333,2.755,992.415000000001
2016,238,8,59.76,747.883333333333,82.6283333333333,202.48,23.1216666666667,84.1866666666667,2.62,992.401666666667,59.76,747.883333333333,82.6283333333333,202.48,23.1216666666667,84.1866666666667,2.62,992.401666666667
2016,238,9,48.9286666666667,822.088333333333,92.8866666666667,279.361666666667,25,74.6766666666667,3.73833333333333,992.485,48.9286666666667,822.088333333333,92.8866666666667,279.361666666667,25,74.6766666666667,3.73833333333333,992.485
2016,238,10,39.3351666666667,632.551666666666,189.476666666667,296.211666666667,26.0083333333333,70.1033333333333,3.71333333333333,992.755000000001,39.3351666666667,632.551666666666,189.476666666667,296.211666666667,26.0083333333333,70.1033333333333,3.71333333333333,992.755000000001
2016,238,11,32.3306666666667,517.695,301.956666666667,321.406666666667,26.7966666666667,68.6583333333333,3.395,992.978333333334,32.3306666666667,517.695,301.956666666667,321.406666666667,26.7966666666667,68.6583333333333,3.395,992.978333333334
2016,238,12,29.8796666666667,561.393333333333,290.07,344.071666666667,27.415,64.83,3.43666666666667,992.734999999999,29.8796666666667,561.393333333333,290.07,344.071666666667,27.415,64.83,3.43666666666667,992.734999999999
2016,238,13,33.0038333333333,557.261666666667,277.875,326.683333333333,28.14,63.29,3.10333333333333,992.32,33.0038333333333,557.261666666667,277.875,326.683333333333,28.14,63.29,3.10333333333333,992.32
2016,238,14,40.4385,234.093333333333,357.02,223.483333333333,28.4383333333333,64.9566666666667,3.16166666666667,991.858333333335,40.4385,234.093333333333,357.02,223.483333333333,28.4383333333333,64.9566666666667,3.16166666666667,991.858333333335
2016,238,15,50.2528333333333,310.193333333333,239.28,188.816666666667,28.6866666666667,65.4766666666667,2.89166666666667,991.551666666667,50.2528333333333,310.193333333333,239.28,188.816666666667,28.6866666666667,65.4766666666667,2.89166666666667,991.551666666667
2016,238,16,61.1898333333333,600.133333333333,138.18,187.685,28.9266666666667,64.8566666666667,3.14666666666667,991.166666666667,61.1898333333333,600.133333333333,138.18,187.685,28.9266666666667,64.8566666666667,3.14666666666667,991.166666666667
2016,238,17,72.5673333333333,538.308333333333,74.7683333333333,102.44,28.7666666666666,66.7183333333333,2.21833333333333,990.708333333333,72.5673333333333,538.308333333333,74.7683333333333,102.44,28.7666666666666,66.7183333333333,2.21833333333333,990.708333333333
2016,238,18,83.8826666666667,194.376666666667,31.2066666666667,26.1916666666667,27.5633333333333,74.6616666666666,2.10666666666667,991.035,83.8826666666667,194.376666666667,31.2066666666667,26.1916666666667,27.5633333333333,74.6616666666666,2.10666666666667,991.035
2016,238,19,95.1565,0.45,0.428333333333334,0.421666666666667,25.9033333333333,81.4116666666667,1.61833333333333,991.76,95.1565,0.45,0.428333333333334,0.421666666666667,25.9033333333333,81.4116666666667,1.61833333333333,991.76
2016,238,20,105.739666666667,0.4,-0.398333333333333,0,24.9916666666667,85.29,2.44333333333333,992.293333333334,105.739666666667,0.4,-0.398333333333333,0,24.9916666666667,85.29,2.44333333333333,992.293333333334
2016,238,21,115.157833333333,0.4,-0.351666666666667,0,24.0183333333333,89.245,2.10166666666667,992.543333333333,115.157833333333,0.4,-0.351666666666667,0,24.0183333333333,89.245,2.10166666666667,992.543333333333
2016,238,22,122.8205,0.4,-0.4,0,23.2233333333333,90.8883333333333,2.29166666666667,992.848333333334,122.8205,0.4,-0.4,0,23.2233333333333,90.8883333333333,2.29166666666667,992.848333333334
2016,238,23,127.885833333333,0.396666666666666,-0.39,0,22.5666666666667,90.5983333333333,2.495,993.221666666666,127.885833333333,0.396666666666666,-0.39,0,22.5666666666667,90.5983333333333,2.495,993.221666666666
2016,239,0,129.537333333333,0.398333333333333,-0.391666666666666,0,22.4233333333333,89.5249999999999,2.155,993.703333333333,129.537333333333,0.398333333333333,-0.391666666666666,0,22.4233333333333,89.5249999999999,2.155,993.703333333333
2016,239,1,127.451833333333,0.298333333333333,-0.351666666666667,0,22.2583333333333,89.2766666666667,1.41166666666667,993.570000000001,127.451833333333,0.298333333333333,-0.351666666666667,0,22.2583333333333,89.2766666666667,1.41166666666667,993.570000000001
2016,239,2,122.035166666667,0.355,-0.361666666666666,0,22.3066666666667,84.5783333333333,2.41833333333333,992.766666666666,122.035166666667,0.355,-0.361666666666666,0,22.3066666666667,84.5783333333333,2.41833333333333,992.766666666666
2016,239,3,114.126333333333,0.408333333333333,-0.343333333333333,0,22.0916666666667,83.2916666666667,2.95166666666667,994.095,114.126333333333,0.408333333333333,-0.343333333333333,0,22.0916666666667,83.2916666666667,2.95166666666667,994.095
2016,239,4,104.552666666667,0.46,-0.181666666666667,0,20.7216666666667,90.5866666666667,2.24333333333333,993.853333333334,104.552666666667,0.46,-0.181666666666667,0,20.7216666666667,90.5866666666667,2.24333333333333,993.853333333334
2016,239,5,93.8316666666667,0.4,1.82166666666667,0.816666666666667,20.1116666666667,93.445,2.36166666666667,994.266666666667,93.8316666666667,0.4,1.82166666666667,0.816666666666667,20.1116666666667,93.445,2.36166666666667,994.266666666667
2016,239,6,82.6048333333333,93.3083333333333,76.5483333333333,39.92,20.555,92.1483333333333,1.73666666666667,994.701666666667,82.6048333333333,93.3083333333333,76.5483333333333,39.92,20.555,92.1483333333333,1.73666666666667,994.701666666667
2016,239,7,71.2605,368.25,163.621666666667,122.903333333333,22.2266666666667,85.6116666666667,3.00833333333333,994.900000000001,71.2605,368.25,163.621666666667,122.903333333333,22.2266666666667,85.6116666666667,3.00833333333333,994.900000000001
2016,239,8,59.9343333333333,646.441666666667,146.513333333333,206.151666666667,23.9283333333333,80.2866666666667,3.34333333333333,994.803333333333,59.9343333333333,646.441666666667,146.513333333333,206.151666666667,23.9283333333333,80.2866666666667,3.34333333333333,994.803333333333
2016,239,9,49.1265,609.74,219.52,269.308333333333,25.1733333333333,76.3616666666667,3.05833333333333,994.961666666667,49.1265,609.74,219.52,269.308333333333,25.1733333333333,76.3616666666667,3.05833333333333,994.961666666667
2016,239,10,39.5768333333333,107.958333333333,456.086666666667,239.668333333333,25.955,74.2383333333333,3.08666666666667,994.766666666667,39.5768333333333,107.958333333333,456.086666666667,239.668333333333,25.955,74.2383333333333,3.08666666666667,994.766666666667
2016,239,11,32.6325,276.903333333333,499.018333333333,320.676666666666,27.1483333333333,70.5033333333333,2.555,994.496666666668,32.6325,276.903333333333,499.018333333333,320.676666666666,27.1483333333333,70.5033333333333,2.555,994.496666666668
2016,239,12,30.2275,573.733333333333,337.468333333333,372.27,28.055,65.56,2.33,993.873333333334,30.2275,573.733333333333,337.468333333333,372.27,28.055,65.56,2.33,993.873333333334
2016,239,13,33.351,747.901666666667,235.176666666667,379.77,29.03,62.61,2.11666666666667,992.86,33.351,747.901666666667,235.176666666667,379.77,29.03,62.61,2.11666666666667,992.86
2016,239,14,40.7578333333333,17.955,296.283333333333,135.005,28.8033333333333,63.6566666666667,2.08833333333333,992.466666666667,40.7578333333333,17.955,296.283333333333,135.005,28.8033333333333,63.6566666666667,2.08833333333333,992.466666666667
2016,239,15,50.5478333333333,0.576666666666667,125.6,55.265,27.5616666666667,70.8866666666666,2.68333333333333,992.550000000001,50.5478333333333,0.576666666666667,125.6,55.265,27.5616666666667,70.8866666666666,2.68333333333333,992.550000000001
2016,239,16,61.4705,0.4,39.1483333333333,18.105,25.0116666666667,77.4566666666667,3.135,992.740000000001,61.4705,0.4,39.1483333333333,18.105,25.0116666666667,77.4566666666667,3.135,992.740000000001
2016,239,17,72.8406666666667,0.531666666666666,7.5,4.13,22.7933333333333,86.0966666666666,3.44,992.928333333333,72.8406666666667,0.531666666666666,7.5,4.13,22.7933333333333,86.0966666666666,3.44,992.928333333333
2016,239,18,84.148,0.341666666666667,2.82333333333333,1.39833333333333,21.7016666666667,92.7666666666667,2.50333333333333,993.456666666667,84.148,0.341666666666667,2.82333333333333,1.39833333333333,21.7016666666667,92.7666666666667,2.50333333333333,993.456666666667
2016,239,19,95.4635,0.28,0.216666666666667,0.0866666666666667,21.5516666666667,93.82,1.5,993.62,95.4635,0.28,0.216666666666667,0.0866666666666667,21.5516666666667,93.82,1.5,993.62
2016,239,20,106.044166666667,0.333333333333333,-0.0116666666666667,0,21.7033333333333,94.0066666666666,2.29833333333333,993.528333333334,106.044166666667,0.333333333333333,-0.0116666666666667,0,21.7033333333333,94.0066666666666,2.29833333333333,993.528333333334
2016,239,21,115.482,0.341666666666667,0,0,21.7733333333333,94.6366666666666,2.27333333333333,993.425000000001,115.482,0.341666666666667,0,0,21.7733333333333,94.6366666666666,2.27333333333333,993.425000000001
2016,239,22,123.166,0.33,-0.0116666666666667,0,21.58,94.9266666666666,2.45666666666667,992.99,123.166,0.33,-0.0116666666666667,0,21.58,94.9266666666666,2.45666666666667,992.99
2016,239,23,128.2415,0.406666666666666,-0.0933333333333333,0,21.75,94.5816666666665,0.596666666666667,992.896666666666,128.2415,0.406666666666666,-0.0933333333333333,0,21.75,94.5816666666665,0.596666666666667,992.896666666666
2016,240,0,129.884666666667,0.326666666666667,0,0,21.76,94.3816666666666,1.3,993.093333333334,129.884666666667,0.326666666666667,0,0,21.76,94.3816666666666,1.3,993.093333333334
2016,240,1,127.770166666667,0.395,0,0,21.805,93.7966666666666,2.395,992.495000000001,127.770166666667,0.395,0,0,21.805,93.7966666666666,2.395,992.495000000001
2016,240,2,122.3115,0.356666666666667,-0.196666666666667,0,21.9083333333333,91.8483333333333,5.79666666666667,992.838333333333,122.3115,0.356666666666667,-0.196666666666667,0,21.9083333333333,91.8483333333333,5.79666666666667,992.838333333333
2016,240,3,114.3635,-0.015,-0.305,0,21.4766666666667,91.155,3.86166666666667,992.001666666667,114.3635,-0.015,-0.305,0,21.4766666666667,91.155,3.86166666666667,992.001666666667
2016,240,4,104.756666666667,0.0716666666666667,-0.02,0,21.5416666666667,90.635,2.01666666666667,991.77,104.756666666667,0.0716666666666667,-0.02,0,21.5416666666667,90.635,2.01666666666667,991.77
2016,240,5,94.0196666666667,0.523333333333333,1.34,0.555,21.5566666666667,91.125,1.43333333333333,992.508333333333,94.0196666666667,0.523333333333333,1.34,0.555,21.5566666666667,91.125,1.43333333333333,992.508333333333
2016,240,6,82.7698333333333,0.573333333333334,62.6366666666666,25.395,21.4966666666667,92.7483333333333,1.89166666666667,993.505,82.7698333333333,0.573333333333334,62.6366666666666,25.395,21.4966666666667,92.7483333333333,1.89166666666667,993.505
2016,240,7,71.424,77.7966666666667,185.03,90.19,22.7183333333333,90.1566666666667,2.175,993.768333333333,71.424,77.7966666666667,185.03,90.19,22.7183333333333,90.1566666666667,2.175,993.768333333333
2016,240,8,60.1095,225.818333333333,239.95,155.663333333333,24.1233333333333,85.1483333333333,2.895,993.129999999999,60.1095,225.818333333333,239.95,155.663333333333,24.1233333333333,85.1483333333333,2.895,993.129999999999
2016,240,9,49.3266666666667,499.923333333333,219.075,242.76,25.135,81.48,3.12166666666667,993.128333333332,49.3266666666667,499.923333333333,219.075,242.76,25.135,81.48,3.12166666666667,993.128333333332
2016,240,10,39.8208333333333,680.661666666667,181.893333333333,310.525,26.7116666666667,75.1383333333333,1.92333333333333,992.981666666667,39.8208333333333,680.661666666667,181.893333333333,310.525,26.7116666666667,75.1383333333333,1.92333333333333,992.981666666667
2016,240,11,32.9371666666667,780.293333333333,173.775,365.84,27.895,69.8666666666666,2.32166666666667,992.496666666666,32.9371666666667,780.293333333333,173.775,365.84,27.895,69.8666666666666,2.32166666666667,992.496666666666
2016,240,12,30.5783333333333,700.493333333333,232.808333333333,369.949152542373,28.8,64.3466666666667,3.24,991.901666666668,30.5783333333333,700.493333333333,232.808333333333,369.949152542373,28.8,64.3466666666667,3.24,991.901666666668
2016,240,13,33.7025,659.481666666666,246.616666666667,348.876666666667,29.3066666666667,63.53,3.54833333333333,991.584999999999,33.7025,659.481666666666,246.616666666667,348.876666666667,29.3066666666667,63.53,3.54833333333333,991.584999999999
2016,240,14,41.0823333333333,584.361666666667,232.375,295.895,29.39,62.9616666666667,3.67166666666667,991.301666666667,41.0823333333333,584.361666666667,232.375,295.895,29.39,62.9616666666667,3.67166666666667,991.301666666667
2016,240,15,50.8453333333333,659.186666666667,181.813333333333,263.748333333333,29.5983333333333,61.8666666666667,3.36,991.128333333332,50.8453333333333,659.186666666667,181.813333333333,263.748333333333,29.5983333333333,61.8666666666667,3.36,991.128333333332
2016,240,16,61.7536666666667,435.553333333333,173.623333333333,169.36,29.3633333333334,65.565,3.42333333333333,991.074999999999,61.7536666666667,435.553333333333,173.623333333333,169.36,29.3633333333334,65.565,3.42333333333333,991.074999999999
2016,240,17,73.119,38.3233333333334,51.6816666666667,30.35,27.8883333333333,73.81,2.51333333333333,991.383333333333,73.119,38.3233333333334,51.6816666666667,30.35,27.8883333333333,73.81,2.51333333333333,991.383333333333
2016,240,18,84.4168333333333,0.47,7.24,3.97833333333333,26.24,80.8466666666666,2.52333333333333,992.278333333333,84.4168333333333,0.47,7.24,3.97833333333333,26.24,80.8466666666666,2.52333333333333,992.278333333333
2016,240,19,95.763,0.3,-0.228333333333333,0.065,23.38,79.9066666666667,4.85666666666667,993.091666666666,95.763,0.3,-0.228333333333333,0.065,23.38,79.9066666666667,4.85666666666667,993.091666666666
2016,240,20,106.35,-0.408333333333333,0.0133333333333333,0,24.05,71.6916666666666,3.66166666666667,993.418333333333,106.35,-0.408333333333333,0.0133333333333333,0,24.05,71.6916666666666,3.66166666666667,993.418333333333
2016,240,21,115.809833333333,0.4,-0.121666666666667,0,22.2466666666667,83.3683333333333,1.815,993.328333333333,115.809833333333,0.4,-0.121666666666667,0,22.2466666666667,83.3683333333333,1.815,993.328333333333
2016,240,22,123.513333333333,0.4,-0.055,0,22.0866666666667,84.7,1.50166666666667,993.56,123.513333333333,0.4,-0.055,0,22.0866666666667,84.7,1.50166666666667,993.56
2016,240,23,128.601,0.4,-0.0516666666666667,0,22.1716666666667,83.7866666666667,1.52166666666667,994.193333333333,128.601,0.4,-0.0516666666666667,0,22.1716666666667,83.7866666666667,1.52166666666667,994.193333333333
2016,241,0,130.236166666667,0.391666666666666,-0.335,0,22.8966666666667,79.1033333333333,1.28666666666667,994.556666666665,130.236166666667,0.391666666666666,-0.335,0,22.8966666666667,79.1033333333333,1.28666666666667,994.556666666665
2016,241,1,128.089166666667,0.321666666666667,-0.4,0,22.7183333333333,85.0283333333334,1.73,994.511666666667,128.089166666667,0.321666666666667,-0.4,0,22.7183333333333,85.0283333333334,1.73,994.511666666667
2016,241,2,122.590166666667,0.233333333333333,-0.396666666666666,0,22.5416666666667,89.1283333333333,1.805,994.793333333334,122.590166666667,0.233333333333333,-0.396666666666666,0,22.5416666666667,89.1283333333333,1.805,994.793333333334
2016,241,3,114.600333333333,0.245,-0.4,0,22.3633333333333,90.3516666666667,1.15333333333333,994.654999999999,114.600333333333,0.245,-0.4,0,22.3633333333333,90.3516666666667,1.15333333333333,994.654999999999
2016,241,4,104.961833333333,0.298333333333333,-0.371666666666667,0,21.665,93.39,1.005,994.938333333333,104.961833333333,0.298333333333333,-0.371666666666667,0,21.665,93.39,1.005,994.938333333333
2016,241,5,94.2081666666667,0.888333333333333,8.14666666666667,0.19047619047619,21.2316666666667,94.8133333333333,1.86,995.359999999999,94.2081666666667,0.888333333333333,8.14666666666667,0.19047619047619,21.2316666666667,94.8133333333333,1.86,995.359999999999
2016,241,6,82.9351666666667,128.278333333333,64.535,33.7470588235294,21.9533333333333,93.7833333333333,2.20333333333333,996.036666666666,82.9351666666667,128.278333333333,64.535,33.7470588235294,21.9533333333333,93.7833333333333,2.20333333333333,996.036666666666
2016,241,7,71.5913333333333,7.665,91.4683333333333,39.3683333333333,22.8966666666667,92.935,1.03666666666667,996.566666666666,71.5913333333333,7.665,91.4683333333333,39.3683333333333,22.8966666666667,92.935,1.03666666666667,996.566666666666
2016,241,8,60.2868333333333,0.941666666666667,146.88,63.75,23.7983333333333,91.8516666666667,0.99,996.696666666666,60.2868333333333,0.941666666666667,146.88,63.75,23.7983333333333,91.8516666666667,0.99,996.696666666666
2016,241,9,49.53,109.695,285.486666666667,157.076666666667,25.8483333333333,84.9016666666667,0.705,996.671666666666,49.53,109.695,285.486666666667,157.076666666667,25.8483333333333,84.9016666666667,0.705,996.671666666666
2016,241,10,40.0686666666667,553.641666666667,264.33,301.328333333333,27.9983333333333,76.4383333333333,0.998333333333333,996.953333333333,40.0686666666667,553.641666666667,264.33,301.328333333333,27.9983333333333,76.4383333333333,0.998333333333333,996.953333333333
2016,241,11,33.2445,395.043333333333,301.286666666667,271.858333333333,29.2983333333333,69.605,0.696666666666667,996.63,33.2445,395.043333333333,301.286666666667,271.858333333333,29.2983333333333,69.605,0.696666666666667,996.63
2016,241,12,30.9318333333333,469.195,247.078333333333,290.193333333333,29.7533333333333,63.5866666666667,1.29833333333333,995.931666666667,30.9318333333333,469.195,247.078333333333,290.193333333333,29.7533333333333,63.5866666666667,1.29833333333333,995.931666666667
2016,241,13,34.0568333333333,718.128333333333,194.995,347.12,30.56,56.77,1.81666666666667,995.198333333333,34.0568333333333,718.128333333333,194.995,347.12,30.56,56.77,1.81666666666667,995.198333333333
2016,241,14,41.4101666666667,766.456666666667,210.571666666667,341.278333333333,31.06,54.2883333333333,1.99333333333333,994.6,41.4101666666667,766.456666666667,210.571666666667,341.278333333333,31.06,54.2883333333333,1.99333333333333,994.6
2016,241,15,51.1483333333333,587.526666666667,158.036666666667,232.66,31.135,53.9066666666667,1.55333333333333,994.018333333334,51.1483333333333,587.526666666667,158.036666666667,232.66,31.135,53.9066666666667,1.55333333333333,994.018333333334
2016,241,16,62.0395,364.055,198.495,163.020338983051,31.0883333333333,55.8933333333333,1.27166666666667,994.101666666666,62.0395,364.055,198.495,163.020338983051,31.0883333333333,55.8933333333333,1.27166666666667,994.101666666666
2016,241,17,73.3988333333333,249.996666666667,92.7766666666666,76.54,29.2883333333333,65.84,2.515,994.350000000001,73.3988333333333,249.996666666667,92.7766666666666,76.54,29.2883333333333,65.84,2.515,994.350000000001
2016,241,18,84.6858333333333,168.301666666667,33.75,23.2616666666667,27.2583333333333,74.445,2.62333333333333,994.391666666666,84.6858333333333,168.301666666667,33.75,23.2616666666667,27.2583333333333,74.445,2.62333333333333,994.391666666666
2016,241,19,96.0801666666667,0.4,-1.01770443923973e-16,0.24,25.2883333333333,77.3933333333333,2.12,994.733333333334,96.0801666666667,0.4,-1.01770443923973e-16,0.24,25.2883333333333,77.3933333333333,2.12,994.733333333334
2016,241,20,106.660333333333,0.4,-0.4,0,24.2516666666667,83.025,1.175,995.463333333333,106.660333333333,0.4,-0.4,0,24.2516666666667,83.025,1.175,995.463333333333
2016,241,21,116.139833333333,0.2,-0.318333333333333,0,23.9316666666667,87.7,2.59,996.228333333334,116.139833333333,0.2,-0.318333333333333,0,23.9316666666667,87.7,2.59,996.228333333334
2016,241,22,123.864333333333,0.315,-0.4,0,23.335,91.06,2.805,996.721666666668,123.864333333333,0.315,-0.4,0,23.335,91.06,2.805,996.721666666668
2016,241,23,128.961833333333,0.29,-0.4,0,23.2366666666667,88.1866666666667,2.7,996.891666666668,128.961833333333,0.29,-0.4,0,23.2366666666667,88.1866666666667,2.7,996.891666666668
2016,242,0,130.589,0.203333333333333,-0.4,0,22.8416666666667,87.5066666666667,2.86,996.476666666666,130.589,0.203333333333333,-0.4,0,22.8416666666667,87.5066666666667,2.86,996.476666666666
2016,242,1,128.4115,0.288333333333333,-0.4,0,22.1666666666667,89.7666666666667,2.21833333333333,996.061666666667,128.4115,0.288333333333333,-0.4,0,22.1666666666667,89.7666666666667,2.21833333333333,996.061666666667
2016,242,2,122.869666666667,0.298333333333333,-0.398333333333333,0,21.85,90.9483333333333,1.91,995.971666666667,122.869666666667,0.298333333333333,-0.398333333333333,0,21.85,90.9483333333333,1.91,995.971666666667
2016,242,3,114.838166666667,0.258333333333333,-0.4,0,21.5933333333333,91.8766666666667,2.23,996.036666666666,114.838166666667,0.258333333333333,-0.4,0,21.5933333333333,91.8766666666667,2.23,996.036666666666
2016,242,4,105.166166666667,0.316666666666667,-0.4,0,20.9433333333333,93.9616666666667,1.12666666666667,996.065,105.166166666667,0.316666666666667,-0.4,0,20.9433333333333,93.9616666666667,1.12666666666667,996.065
2016,242,5,94.3971666666667,1.27833333333333,1.38333333333333,0.891666666666667,20.6633333333333,94.7116666666667,1.19666666666667,996.455,94.3971666666667,1.27833333333333,1.38333333333333,0.891666666666667,20.6633333333333,94.7116666666667,1.19666666666667,996.455
2016,242,6,83.0986666666667,209.335,38.285,30.9283333333333,20.9266666666667,93.9816666666666,1.67,997.288333333333,83.0986666666667,209.335,38.285,30.9283333333333,20.9266666666667,93.9816666666666,1.67,997.288333333333
2016,242,7,71.7586666666667,476.785,89.8666666666667,103.098333333333,23.2716666666667,87.165,1.41,997.826666666667,71.7586666666667,476.785,89.8666666666667,103.098333333333,23.2716666666667,87.165,1.41,997.826666666667
2016,242,8,60.4648333333333,575.143333333333,142.416666666667,182.511666666667,25.6383333333333,78.395,1.945,997.958333333333,60.4648333333333,575.143333333333,142.416666666667,182.511666666667,25.6383333333333,78.395,1.945,997.958333333333
2016,242,9,49.7345,650.93,167.108333333333,259.014285714286,26.1866666666667,75.555,3.415,998.186666666666,49.7345,650.93,167.108333333333,259.014285714286,26.1866666666667,75.555,3.415,998.186666666666
2016,242,10,40.3183333333333,744.331666666667,163.498333333333,319.821666666667,27.13,71.2916666666667,3.29166666666667,998.22,40.3183333333333,744.331666666667,163.498333333333,319.821666666667,27.13,71.2916666666667,3.29166666666667,998.22
2016,242,11,33.5556666666667,758.356666666667,191.33,358.496666666667,28.1566666666667,66.955,2.825,998.121666666667,33.5556666666667,758.356666666667,191.33,358.496666666667,28.1566666666667,66.955,2.825,998.121666666667
2016,242,12,31.2888333333333,581.58,248.233333333333,333.163333333333,29.2966666666667,63.4933333333333,1.42,997.641666666667,31.2888333333333,581.58,248.233333333333,333.163333333333,29.2966666666667,63.4933333333333,1.42,997.641666666667
2016,242,13,34.4135,715.425,216.296666666667,353.053333333333,30.06,60.6983333333333,1.37,996.861666666667,34.4135,715.425,216.296666666667,353.053333333333,30.06,60.6983333333333,1.37,996.861666666667
2016,242,14,41.7406666666667,650.911666666667,212.236666666667,298.631666666667,30.275,59.7033333333333,1.985,995.693333333334,41.7406666666667,650.911666666667,212.236666666667,298.631666666667,30.275,59.7033333333333,1.985,995.693333333334
2016,242,15,51.4536666666667,728.931666666667,184.36,274.635,30.49,60.1516666666667,2.23666666666667,994.936666666668,51.4536666666667,728.931666666667,184.36,274.635,30.49,60.1516666666667,2.23666666666667,994.936666666668
2016,242,16,62.329,615.45,117.996666666667,174.829824561404,30.245,59.625,2.31333333333333,994.783333333335,62.329,615.45,117.996666666667,174.829824561404,30.245,59.625,2.31333333333333,994.783333333335
2016,242,17,73.681,313.735,73.4316666666667,71.2783333333333,29.7166666666666,63.4483333333334,1.61166666666667,994.885,73.681,313.735,73.4316666666667,71.2783333333333,29.7166666666666,63.4483333333334,1.61166666666667,994.885
2016,242,18,84.9683333333333,28.955,24.485,13.33,28.8333333333333,67.095,1.125,994.991666666667,84.9683333333333,28.955,24.485,13.33,28.8333333333333,67.095,1.125,994.991666666667
2016,242,19,96.3885,0.469999999999999,-0.113333333333333,0.166666666666667,27.3166666666667,74.89,2.13333333333333,995.009999999999,96.3885,0.469999999999999,-0.113333333333333,0.166666666666667,27.3166666666667,74.89,2.13333333333333,995.009999999999
2016,242,20,106.972666666667,0.4,-0.4,0,26.2166666666667,78.3699999999999,1.055,995.558333333332,106.972666666667,0.4,-0.4,0,26.2166666666667,78.3699999999999,1.055,995.558333333332
2016,242,21,116.473166666667,0.4,-0.4,0,25.0716666666667,84.335,1.3,995.776666666667,116.473166666667,0.4,-0.4,0,25.0716666666667,84.335,1.3,995.776666666667
2016,242,22,124.217333333333,0.4,-0.4,0,24.7683333333333,85.9783333333333,1.55333333333333,995.913333333334,124.217333333333,0.4,-0.4,0,24.7683333333333,85.9783333333333,1.55333333333333,995.913333333334
2016,242,23,129.326,0.4,-0.358333333333333,0,24.165,89.2983333333334,1.42,995.825,129.326,0.4,-0.358333333333333,0,24.165,89.2983333333334,1.42,995.825
2016,243,0,130.944166666667,0.4,-0.4,0,23.675,92.2233333333333,1.05166666666667,996.023333333333,130.944166666667,0.4,-0.4,0,23.675,92.2233333333333,1.05166666666667,996.023333333333
2016,243,1,128.734833333333,0.4,-0.385,0,22.69,93.715,1.75833333333333,995.888333333334,128.734833333333,0.4,-0.385,0,22.69,93.715,1.75833333333333,995.888333333334
2016,243,2,123.1485,0.4,-0.395,0,22.885,93.49,1.49666666666667,995.611666666667,123.1485,0.4,-0.395,0,22.885,93.49,1.49666666666667,995.611666666667
2016,243,3,115.075833333333,0.4,-0.4,0,22.7933333333333,93.4383333333333,1.185,995.121666666666,115.075833333333,0.4,-0.4,0,22.7933333333333,93.4383333333333,1.185,995.121666666666
2016,243,4,105.371333333333,0.4,-0.4,0,22.02,94.3,0.631666666666667,995.288333333334,105.371333333333,0.4,-0.4,0,22.02,94.3,0.631666666666667,995.288333333334
2016,243,5,94.587,0.5,1.44,0.828333333333333,21.5216666666667,95.3550000000001,0.793333333333334,995.578333333332,94.587,0.5,1.44,0.828333333333333,21.5216666666667,95.3550000000001,0.793333333333334,995.578333333332
2016,243,6,83.265,163.905,43.7483333333333,31.4433333333333,21.27,95.35,0.585,995.873333333334,83.265,163.905,43.7483333333333,31.4433333333333,21.27,95.35,0.585,995.873333333334
2016,243,7,71.9283333333333,301.825,114.996666666667,88.4416666666666,22.78,91.8133333333333,3.67,996.170000000001,71.9283333333333,301.825,114.996666666667,88.4416666666666,22.78,91.8133333333333,3.67,996.170000000001
2016,243,8,60.645,607.678333333333,135.421666666667,188.875,23.2033333333333,81.1283333333334,5.11333333333333,995.980000000001,60.645,607.678333333333,135.421666666667,188.875,23.2033333333333,81.1283333333334,5.11333333333333,995.980000000001
2016,243,9,49.9396666666667,542.538333333333,283.498333333333,273.064285714286,25.295,73.5083333333334,3.1,996.089999999999,49.9396666666667,542.538333333333,283.498333333333,273.064285714286,25.295,73.5083333333334,3.1,996.089999999999
2016,243,10,40.5701666666667,207.883333333333,464.003333333333,271.013333333333,26.235,72.76,3.09833333333333,995.873333333334,40.5701666666667,207.883333333333,464.003333333333,271.013333333333,26.235,72.76,3.09833333333333,995.873333333334
2016,243,11,33.8681666666667,55.33,408.415,195.76,26.7816666666667,72.5483333333334,1.62833333333333,994.758333333334,33.8681666666667,55.33,408.415,195.76,26.7816666666667,72.5483333333334,1.62833333333333,994.758333333334
2016,243,12,31.647,0.815,173.751666666667,75.615,26.46,76.035,2.41,993.953333333334,31.647,0.815,173.751666666667,75.615,26.46,76.035,2.41,993.953333333334
2016,243,13,34.773,323.541666666667,298.176666666667,249.241666666667,26.6883333333333,78.24,2.455,993.358333333334,34.773,323.541666666667,298.176666666667,249.241666666667,26.6883333333333,78.24,2.455,993.358333333334
2016,243,14,42.0753333333333,502.188333333334,235.948333333333,271.766666666667,28.3983333333333,68.6233333333333,3.07333333333333,993.041666666667,42.0753333333333,502.188333333334,235.948333333333,271.766666666667,28.3983333333333,68.6233333333333,3.07333333333333,993.041666666667
2016,243,15,51.7621666666667,45.1666666666667,288.813333333333,138.49,27.62,73.3416666666667,4,992.955,51.7621666666667,45.1666666666667,288.813333333333,138.49,27.62,73.3416666666667,4,992.955
2016,243,16,62.6218333333333,16.915,199.113333333333,89.735,26.4116666666667,76.9483333333334,4.19333333333333,992.673333333333,62.6218333333333,16.915,199.113333333333,89.735,26.4116666666667,76.9483333333334,4.19333333333333,992.673333333333
2016,243,17,73.9676666666667,6.67833333333333,86.9583333333333,38.72,25.34,79.33,3.14,992.331666666667,73.9676666666667,6.67833333333333,86.9583333333333,38.72,25.34,79.33,3.14,992.331666666667
2016,243,18,85.2528333333333,31.545,33.62,15.584,24.495,83.2566666666666,2.425,992.046666666667,85.2528333333333,31.545,33.62,15.584,24.495,83.2566666666666,2.425,992.046666666667
2016,243,19,96.6875,0.4,0.0650000000000001,0.163333333333333,23.34,88.6166666666666,2.075,992.483333333333,96.6875,0.4,0.0650000000000001,0.163333333333333,23.34,88.6166666666666,2.075,992.483333333333
2016,243,20,107.288,0.398333333333333,-0.381666666666666,0,22.8783333333333,89.5466666666667,1.01333333333333,992.865000000001,107.288,0.398333333333333,-0.381666666666666,0,22.8783333333333,89.5466666666667,1.01333333333333,992.865000000001
2016,243,21,116.808833333333,0.4,-0.391666666666666,0,22.1233333333333,92.1116666666667,1.30333333333333,992.831666666667,116.808833333333,0.4,-0.391666666666666,0,22.1233333333333,92.1116666666667,1.30333333333333,992.831666666667
2016,243,22,124.5735,0.4,-0.23,0,21.77,93.9483333333333,1.47,992.624999999999,124.5735,0.4,-0.23,0,21.77,93.9483333333333,1.47,992.624999999999
2016,243,23,129.6935,0.4,-0.36,0,21.9583333333334,93.4866666666667,1.75666666666667,992.783333333334,129.6935,0.4,-0.36,0,21.9583333333334,93.4866666666667,1.75666666666667,992.783333333334
2016,244,0,131.301333333333,0.4,-0.395,0,21.9316666666667,93.9,1.31333333333333,992.481666666667,131.301333333333,0.4,-0.395,0,21.9316666666667,93.9,1.31333333333333,992.481666666667
2016,244,1,129.0595,0.361666666666666,-0.32,0,21.4166666666667,94.9383333333334,1.59333333333333,992.219999999999,129.0595,0.361666666666666,-0.32,0,21.4166666666667,94.9383333333334,1.59333333333333,992.219999999999
2016,244,2,123.429,0.4,-0.4,0,21.2433333333333,95.5166666666667,1.66833333333333,991.996666666667,123.429,0.4,-0.4,0,21.2433333333333,95.5166666666667,1.66833333333333,991.996666666667
2016,244,3,115.315166666667,0.191666666666667,-0.268333333333333,0,20.92,96.2899999999999,1.86166666666667,991.643333333333,115.315166666667,0.191666666666667,-0.268333333333333,0,20.92,96.2899999999999,1.86166666666667,991.643333333333
2016,244,4,105.576666666667,0.353333333333333,-0.4,0,21.2716666666667,96.7616666666666,1.23,991.681666666667,105.576666666667,0.353333333333333,-0.4,0,21.2716666666667,96.7616666666666,1.23,991.681666666667
2016,244,5,94.7768333333333,0.4,0.67,0.473333333333333,21.2933333333333,96.975,1.70333333333333,992.028333333332,94.7768333333333,0.4,0.67,0.473333333333333,21.2933333333333,96.975,1.70333333333333,992.028333333332
2016,244,6,83.4311666666667,2.88833333333333,46.385,21.615,21.0133333333333,97.1066666666667,1.37666666666667,992.225,83.4311666666667,2.88833333333333,46.385,21.615,21.0133333333333,97.1066666666667,1.37666666666667,992.225
2016,244,7,72.0978333333333,189.84,150.48,91.425,21.66,96.5166666666667,1.21666666666667,992.148333333333,72.0978333333333,189.84,150.48,91.425,21.66,96.5166666666667,1.21666666666667,992.148333333333
2016,244,8,60.8265,337.62,173.646666666667,149.635,23.0516666666667,87.3933333333333,1.53,991.903333333334,60.8265,337.62,173.646666666667,149.635,23.0516666666667,87.3933333333333,1.53,991.903333333334
2016,244,9,50.1486666666667,193.765,311.935,184.54,24.6516666666667,77.45,1.78166666666667,991.881666666667,50.1486666666667,193.765,311.935,184.54,24.6516666666667,77.45,1.78166666666667,991.881666666667
2016,244,10,40.8251666666667,18.2366666666667,414.61,184.783333333333,25.1533333333333,76.09,2.07,991.928333333334,40.8251666666667,18.2366666666667,414.61,184.783333333333,25.1533333333333,76.09,2.07,991.928333333334
2016,244,11,34.1836666666667,112.98,586.948333333333,297.86724137931,26.5266666666667,70.7566666666667,2.10333333333333,991.435,34.1836666666667,112.98,586.948333333333,297.86724137931,26.5266666666667,70.7566666666667,2.10333333333333,991.435
2016,244,12,32.0083333333333,65.5683333333333,496.646666666667,246.347272727273,27.0733333333333,67.81,2.61,991.041666666667,32.0083333333333,65.5683333333333,496.646666666667,246.347272727273,27.0733333333333,67.81,2.61,991.041666666667
2016,244,13,35.1355,59.9783333333333,352.903333333333,173.386206896552,27.2016666666667,66.0383333333334,3.65833333333333,990.701666666666,35.1355,59.9783333333333,352.903333333333,173.386206896552,27.2016666666667,66.0383333333334,3.65833333333333,990.701666666666
2016,244,14,42.4111666666667,171.545,350.158333333333,207.74,27.2316666666666,63.2583333333333,5.035,990.306666666666,42.4111666666667,171.545,350.158333333333,207.74,27.2316666666666,63.2583333333333,5.035,990.306666666666
2016,244,15,52.074,254.26,329.136666666667,207.368333333333,27.05,62.2266666666667,5.56166666666667,990.181666666666,52.074,254.26,329.136666666667,207.368333333333,27.05,62.2266666666667,5.56166666666667,990.181666666666
2016,244,16,62.918,8.56333333333333,194.66,84.2616666666667,25.8183333333333,68.925,5.49166666666667,990.315,62.918,8.56333333333333,194.66,84.2616666666667,25.8183333333333,68.925,5.49166666666667,990.315
2016,244,17,74.256,30.4216666666667,116.921666666667,51.3566666666667,24.1333333333333,69.4833333333333,5.75666666666667,990.961666666666,74.256,30.4216666666667,116.921666666667,51.3566666666667,24.1333333333333,69.4833333333333,5.75666666666667,990.961666666666
2016,244,18,85.5531666666667,95.1083333333333,41.36,20.585,22.7916666666667,71.545,3.51833333333333,991.273333333334,85.5531666666667,95.1083333333333,41.36,20.585,22.7916666666667,71.545,3.51833333333333,991.273333333334
2016,244,19,96.9885,0.353333333333333,-0.17,0.121666666666667,21.095,76.9433333333333,3.605,991.85,96.9885,0.353333333333333,-0.17,0.121666666666667,21.095,76.9433333333333,3.605,991.85
2016,244,20,107.604666666667,0.298333333333333,-0.4,0,20.1216666666667,73.875,5.25333333333333,992.599999999999,107.604666666667,0.298333333333333,-0.4,0,20.1216666666667,73.875,5.25333333333333,992.599999999999
2016,244,21,117.146,0.378333333333333,-0.4,0,18.54,81.5166666666666,3.65,992.96,117.146,0.378333333333333,-0.4,0,18.54,81.5166666666666,3.65,992.96
2016,244,22,124.932333333333,0.398333333333333,-0.4,0,17.25,86.3833333333333,2.83666666666667,993.250000000001,124.932333333333,0.398333333333333,-0.4,0,17.25,86.3833333333333,2.83666666666667,993.250000000001
2016,244,23,130.063,0.4,-0.4,0,16.1316666666667,89.8183333333334,2.09333333333333,993.273333333333,130.063,0.4,-0.4,0,16.1316666666667,89.8183333333334,2.09333333333333,993.273333333333
2016,245,0,131.660166666667,0.4,-0.4,0,15.465,90.485,1.53833333333333,993.346666666668,131.660166666667,0.4,-0.4,0,15.465,90.485,1.53833333333333,993.346666666668
2016,245,1,129.385,0.395,-0.4,0,14.7,90.9016666666667,2.285,993.11,129.385,0.395,-0.4,0,14.7,90.9016666666667,2.285,993.11
2016,245,2,123.709666666667,0.0516666666666667,-0.4,0,14.5433333333333,89.8116666666667,2.755,992.936666666667,123.709666666667,0.0516666666666667,-0.4,0,14.5433333333333,89.8116666666667,2.755,992.936666666667
2016,245,3,115.552833333333,-0.231666666666667,-0.4,0,14.68,89.92,3.335,992.893333333333,115.552833333333,-0.231666666666667,-0.4,0,14.68,89.92,3.335,992.893333333333
2016,245,4,105.782833333333,-0.278333333333333,-0.398333333333333,0,14.875,90.2733333333333,3.98666666666667,993.385,105.782833333333,-0.278333333333333,-0.398333333333333,0,14.875,90.2733333333333,3.98666666666667,993.385
2016,245,5,94.9675,2.87666666666667,1.28666666666667,0.8,14.7966666666667,90.79,3.52666666666667,993.965,94.9675,2.87666666666667,1.28666666666667,0.8,14.7966666666667,90.79,3.52666666666667,993.965
2016,245,6,83.597,378.725,29.545,36.235,15.0333333333333,89.2633333333333,3.81166666666667,994.436666666666,83.597,378.725,29.545,36.235,15.0333333333333,89.2633333333333,3.81166666666667,994.436666666666
2016,245,7,72.268,680.635,55.9383333333333,110.321666666667,16.8916666666667,82.8783333333333,3.49,994.654999999999,72.268,680.635,55.9383333333333,110.321666666667,16.8916666666667,82.8783333333333,3.49,994.654999999999
2016,245,8,61.009,801.248333333333,70.585,193.256666666667,19.2166666666667,72.1833333333333,4.315,994.855000000001,61.009,801.248333333333,70.585,193.256666666667,19.2166666666667,72.1833333333333,4.315,994.855000000001
2016,245,9,50.3588333333333,888.92,72.8783333333334,270.355,21.0766666666667,61.9783333333333,5.385,995.179999999999,50.3588333333333,888.92,72.8783333333334,270.355,21.0766666666667,61.9783333333333,5.385,995.179999999999
2016,245,10,41.0831666666667,942.188333333334,69.4233333333333,330.198333333333,22.3033333333333,53.0316666666667,5.58833333333333,995.158333333333,41.0831666666667,942.188333333334,69.4233333333333,330.198333333333,22.3033333333333,53.0316666666667,5.58833333333333,995.158333333333
2016,245,11,34.5016666666667,938.68,82.59,362.491666666667,23.0383333333333,49.0483333333333,5.80666666666667,994.883333333335,34.5016666666667,938.68,82.59,362.491666666667,23.0383333333333,49.0483333333333,5.80666666666667,994.883333333335
2016,245,12,32.3723333333333,646.693333333334,226.786666666667,325.328333333333,23.535,45.95,5.595,994.728333333333,32.3723333333333,646.693333333334,226.786666666667,325.328333333333,23.535,45.95,5.595,994.728333333333
2016,245,13,35.5013333333333,475.901666666667,284.853333333333,281.521666666667,23.67,45.6916666666667,5.71333333333333,994.694999999999,35.5013333333333,475.901666666667,284.853333333333,281.521666666667,23.67,45.6916666666667,5.71333333333333,994.694999999999
2016,245,14,42.7521666666667,373.613333333333,307.15,243.795,23.57,48.8,5.775,994.393333333335,42.7521666666667,373.613333333333,307.15,243.795,23.57,48.8,5.775,994.393333333335
2016,245,15,52.3891666666667,580.261666666667,182.368333333333,226.256666666667,23.285,49.8566666666667,5.51333333333333,994.278333333334,52.3891666666667,580.261666666667,182.368333333333,226.256666666667,23.285,49.8566666666667,5.51333333333333,994.278333333334
2016,245,16,63.2171666666667,679.24,92.4533333333334,169.866666666667,23.0516666666667,54.2983333333334,6.59,994.398333333334,63.2171666666667,679.24,92.4533333333334,169.866666666667,23.0516666666667,54.2983333333334,6.59,994.398333333334
2016,245,17,74.5476666666667,590.63,50.6783333333333,85.9966666666667,22.1383333333333,57.555,5.825,994.563333333332,74.5476666666667,590.63,50.6783333333333,85.9966666666667,22.1383333333333,57.555,5.825,994.563333333332
2016,245,18,85.8425,279.185,19.2483333333333,20.6233333333333,20.4833333333333,65.735,4.95833333333333,994.808333333334,85.8425,279.185,19.2483333333333,20.6233333333333,20.4833333333333,65.735,4.95833333333333,994.808333333334
2016,245,19,97.2928333333333,0.333333333333333,-0.161666666666667,0.136666666666667,17.9766666666667,79.255,3.43833333333333,995.448333333333,97.2928333333333,0.333333333333333,-0.161666666666667,0.136666666666667,17.9766666666667,79.255,3.43833333333333,995.448333333333
2016,245,20,107.924666666667,-0.07,-0.4,0,17.3,82.1883333333333,4.045,996.183333333335,107.924666666667,-0.07,-0.4,0,17.3,82.1883333333333,4.045,996.183333333335
2016,245,21,117.486333333333,0.07,-0.4,0,16.425,86.5066666666667,3.545,996.481666666667,117.486333333333,0.07,-0.4,0,16.425,86.5066666666667,3.545,996.481666666667
2016,245,22,125.293333333333,-0.25,-0.4,0,15.875,89.385,3.37666666666667,996.593333333333,125.293333333333,-0.25,-0.4,0,15.875,89.385,3.37666666666667,996.593333333333
2016,245,23,130.435833333333,-0.111666666666667,-0.4,0,15.56,90.035,3.12666666666667,996.508333333333,130.435833333333,-0.111666666666667,-0.4,0,15.56,90.035,3.12666666666667,996.508333333333
2016,246,0,132.022,-0.085,-0.4,0,14.9133333333333,92.3616666666667,2.80166666666667,996.343333333334,132.022,-0.085,-0.4,0,14.9133333333333,92.3616666666667,2.80166666666667,996.343333333334
2016,246,1,129.712333333333,0.0466666666666667,-0.4,0,14.5233333333333,93.0866666666667,2.45,996.368333333334,129.712333333333,0.0466666666666667,-0.4,0,14.5233333333333,93.0866666666667,2.45,996.368333333334
2016,246,2,123.990333333333,-0.0933333333333333,-0.4,0,14.0283333333333,94.2383333333334,2.80833333333333,996.604999999999,123.990333333333,-0.0933333333333333,-0.4,0,14.0283333333333,94.2383333333334,2.80833333333333,996.604999999999
2016,246,3,115.792166666667,-0.165,-0.4,0,13.8666666666667,94.6,2.68,996.883333333333,115.792166666667,-0.165,-0.4,0,13.8666666666667,94.6,2.68,996.883333333333
2016,246,4,105.987666666667,-0.04,-0.4,0,13.5816666666667,94.5516666666666,2.63166666666667,997.029999999999,105.987666666667,-0.04,-0.4,0,13.5816666666667,94.5516666666666,2.63166666666667,997.029999999999
2016,246,5,95.1588333333333,0.00526315789473684,1.06833333333333,0.713333333333333,13.4516666666667,94.0716666666667,2.56666666666667,997.488333333333,95.1588333333333,0.00526315789473684,1.06833333333333,0.713333333333333,13.4516666666667,94.0716666666667,2.56666666666667,997.488333333333
2016,246,6,83.7626666666667,574.12,25.39,36.89,14.0083333333333,92.42,2.17833333333333,997.830000000001,83.7626666666667,574.12,25.39,36.89,14.0083333333333,92.42,2.17833333333333,997.830000000001
2016,246,7,72.4385,701.29,51.2033333333334,112.858333333333,16.3183333333333,84.1,3.56333333333333,998.058333333333,72.4385,701.29,51.2033333333334,112.858333333333,16.3183333333333,84.1,3.56333333333333,998.058333333333
2016,246,8,61.1925,827.771666666667,64.2033333333333,194.361666666667,18.0483333333333,75.645,4.41,998.114999999999,61.1925,827.771666666667,64.2033333333333,194.361666666667,18.0483333333333,75.645,4.41,998.114999999999
2016,246,9,50.5713333333333,905.483333333333,68.8133333333333,270.07,19.545,65.9316666666667,4.70166666666667,998.193333333332,50.5713333333333,905.483333333333,68.8133333333333,270.07,19.545,65.9316666666667,4.70166666666667,998.193333333332
2016,246,10,41.3426666666667,944.516666666667,72.96,327.555,21.0416666666667,53.2066666666667,5.76833333333333,997.923333333333,41.3426666666667,944.516666666667,72.96,327.555,21.0416666666667,53.2066666666667,5.76833333333333,997.923333333333
2016,246,11,34.8231666666667,959.561666666666,80.1233333333334,364.07,21.99,50.5483333333333,6.09333333333333,997.446666666668,34.8231666666667,959.561666666666,80.1233333333334,364.07,21.99,50.5483333333333,6.09333333333333,997.446666666668
2016,246,12,32.7393333333333,926.453333333333,108.196666666667,372.901666666667,22.7183333333333,49.275,5.73166666666667,997.006666666667,32.7393333333333,926.453333333333,108.196666666667,372.901666666667,22.7183333333333,49.275,5.73166666666667,997.006666666667
2016,246,13,35.8688333333333,912.395,148.313333333333,372.491666666667,23.2566666666667,48.7816666666667,5.41,996.545,35.8688333333333,912.395,148.313333333333,372.491666666667,23.2566666666667,48.7816666666667,5.41,996.545
2016,246,14,43.0955,614.016666666667,203.91,275.352542372881,23.3116666666667,49.0683333333333,5.335,996.053333333334,43.0955,614.016666666667,203.91,275.352542372881,23.3116666666667,49.0683333333333,5.335,996.053333333334
2016,246,15,52.707,750.895,161.778333333333,255.633333333333,23.6583333333333,47.0266666666667,4.89166666666667,995.656666666666,52.707,750.895,161.778333333333,255.633333333333,23.6583333333333,47.0266666666667,4.89166666666667,995.656666666666
2016,246,16,63.5183333333333,503.183333333333,120.905,140.625,23.3916666666667,48.575,4.56,995.358333333333,63.5183333333333,503.183333333333,120.905,140.625,23.3916666666667,48.575,4.56,995.358333333333
2016,246,17,74.843,608.576666666667,56.3833333333333,88.6583333333334,23.0266666666667,49.3066666666667,4.37833333333333,995.169999999999,74.843,608.576666666667,56.3833333333333,88.6583333333334,23.0266666666667,49.3066666666667,4.37833333333333,995.169999999999
2016,246,18,86.1475,245.82,19.525,18.015,21.28,56.6016666666666,3.35666666666667,995.003333333333,86.1475,245.82,19.525,18.015,21.28,56.6016666666666,3.35666666666667,995.003333333333
2016,246,19,97.5986666666667,0.406666666666666,-0.271666666666667,0.085,19.155,66.925,2.72666666666667,995.255000000001,97.5986666666667,0.406666666666666,-0.271666666666667,0.085,19.155,66.925,2.72666666666667,995.255000000001
2016,246,20,108.246166666667,0.4,-0.4,0,17.65,74.345,2.66166666666667,995.771666666667,108.246166666667,0.4,-0.4,0,17.65,74.345,2.66166666666667,995.771666666667
2016,246,21,117.828666666667,0.4,-0.4,0,16.815,78.5466666666667,2.685,996.016666666666,117.828666666667,0.4,-0.4,0,16.815,78.5466666666667,2.685,996.016666666666
2016,246,22,125.655333333333,0.248333333333333,-0.398333333333333,0,15.525,86.3583333333333,2.85,996.368333333334,125.655333333333,0.248333333333333,-0.398333333333333,0,15.525,86.3583333333333,2.85,996.368333333334
2016,246,23,130.809833333333,0.316666666666667,-0.398333333333333,0,15.215,90.7733333333333,2.43833333333333,996.348333333334,130.809833333333,0.316666666666667,-0.398333333333333,0,15.215,90.7733333333333,2.43833333333333,996.348333333334
2016,247,0,132.385,0.288333333333333,-0.398333333333333,0,15.4733333333333,89.275,2.165,996.478333333333,132.385,0.288333333333333,-0.398333333333333,0,15.4733333333333,89.275,2.165,996.478333333333
2016,247,1,130.040333333333,-0.183333333333333,-0.335,0,15.6816666666667,83.765,3.02333333333333,996.264999999999,130.040333333333,-0.183333333333333,-0.335,0,15.6816666666667,83.765,3.02333333333333,996.264999999999
2016,247,2,124.272833333333,-0.0833333333333333,-0.4,0,15.725,81.2333333333333,2.81166666666667,996.388333333333,124.272833333333,-0.0833333333333333,-0.4,0,15.725,81.2333333333333,2.81166666666667,996.388333333333
2016,247,3,116.031,0.396666666666666,-0.4,0,15.1916666666667,82.56,2.56166666666667,996.646666666665,116.031,0.396666666666666,-0.4,0,15.1916666666667,82.56,2.56166666666667,996.646666666665
2016,247,4,106.193166666667,0.4,-0.4,0,13.1916666666667,91.1033333333333,2.57833333333333,996.5,106.193166666667,0.4,-0.4,0,13.1916666666667,91.1033333333333,2.57833333333333,996.5
2016,247,5,95.351,0.856666666666667,0.985,0.606666666666667,13.425,90.3716666666667,2.685,996.626666666666,95.351,0.856666666666667,0.985,0.606666666666667,13.425,90.3716666666667,2.685,996.626666666666
2016,247,6,83.929,352.916666666667,27.5316666666667,31.9533333333333,14.2216666666667,87.1483333333334,1.97333333333333,996.996666666666,83.929,352.916666666667,27.5316666666667,31.9533333333333,14.2216666666667,87.1483333333334,1.97333333333333,996.996666666666
2016,247,7,72.6101666666667,668.61,55.6916666666667,105.806666666667,16.2,81.91,3.40833333333333,997.375,72.6101666666667,668.61,55.6916666666667,105.806666666667,16.2,81.91,3.40833333333333,997.375
2016,247,8,61.3783333333333,806.658333333333,70.8833333333333,191.223333333333,17.63,76.7016666666666,4.06666666666667,997.318333333334,61.3783333333333,806.658333333333,70.8833333333333,191.223333333333,17.63,76.7016666666666,4.06666666666667,997.318333333334
2016,247,9,50.7863333333333,873.485,80.965,266.038333333333,19.6,72.7133333333334,3.39333333333333,997.229999999999,50.7863333333333,873.485,80.965,266.038333333333,19.6,72.7133333333334,3.39333333333333,997.229999999999
2016,247,10,41.6053333333333,902.546666666667,90.6833333333333,322.161016949153,21.8716666666667,64.9266666666667,2.78333333333334,997.061666666667,41.6053333333333,902.546666666667,90.6833333333333,322.161016949153,21.8716666666667,64.9266666666667,2.78333333333334,997.061666666667
2016,247,11,35.1463333333333,751.446666666667,175.518333333333,331.607142857143,23.43,55.2583333333333,2.39,996.576666666667,35.1463333333333,751.446666666667,175.518333333333,331.607142857143,23.43,55.2583333333333,2.39,996.576666666667
2016,247,12,33.107,551.955,249.611666666667,301.298305084746,24.08,49.58,3.29166666666667,996.123333333333,33.107,551.955,249.611666666667,301.298305084746,24.08,49.58,3.29166666666667,996.123333333333
2016,247,13,36.239,874.76,154.186666666667,361.806666666667,24.715,45.75,3.74333333333333,995.461666666666,36.239,874.76,154.186666666667,361.806666666667,24.715,45.75,3.74333333333333,995.461666666666
2016,247,14,43.4411666666667,783.708333333333,207.923333333333,326.176666666667,25.1883333333333,43.6633333333333,3.67833333333333,994.788333333333,43.4411666666667,783.708333333333,207.923333333333,326.176666666667,25.1883333333333,43.6633333333333,3.67833333333333,994.788333333333
2016,247,15,53.0271666666667,323.226666666667,224.461666666667,176.298333333333,24.9766666666667,46.565,3.87166666666667,994.466666666667,53.0271666666667,323.226666666667,224.461666666667,176.298333333333,24.9766666666667,46.565,3.87166666666667,994.466666666667
2016,247,16,63.8225,546.535,128.693333333333,154.361666666667,25.065,46.605,4.19833333333333,994.211666666666,63.8225,546.535,128.693333333333,154.361666666667,25.065,46.605,4.19833333333333,994.211666666666
2016,247,17,75.1391666666667,552.463333333333,66.82,84.9916666666667,24.5133333333333,50.21,3.13833333333334,994.176666666665,75.1391666666667,552.463333333333,66.82,84.9916666666667,24.5133333333333,50.21,3.13833333333334,994.176666666665
2016,247,18,86.442,165.92,17.5916666666667,14.2633333333333,22.9183333333333,57.8733333333333,2.13333333333333,994.218333333333,86.442,165.92,17.5916666666667,14.2633333333333,22.9183333333333,57.8733333333333,2.13333333333333,994.218333333333
2016,247,19,97.9075,0.391666666666666,-0.308333333333333,0.0533333333333333,21.5966666666667,62.955,2.26666666666667,994.498333333333,97.9075,0.391666666666666,-0.308333333333333,0.0533333333333333,21.5966666666667,62.955,2.26666666666667,994.498333333333
2016,247,20,108.570666666667,0.4,-0.4,0,20.3883333333333,68.2533333333333,3.07333333333333,994.835000000001,108.570666666667,0.4,-0.4,0,20.3883333333333,68.2533333333333,3.07333333333333,994.835000000001
2016,247,21,118.173166666667,0.328333333333333,-0.4,0,19.5333333333333,71.9683333333333,2.87833333333333,995.208333333333,118.173166666667,0.328333333333333,-0.4,0,19.5333333333333,71.9683333333333,2.87833333333333,995.208333333333
2016,247,22,126.022,0.39,-0.4,0,18.5666666666667,75.75,2.25666666666667,995.393333333333,126.022,0.39,-0.4,0,18.5666666666667,75.75,2.25666666666667,995.393333333333
2016,247,23,131.186833333333,-0.00833333333333334,-0.4,0,17.57,80.2116666666667,2.98666666666667,995.415000000001,131.186833333333,-0.00833333333333334,-0.4,0,17.57,80.2116666666667,2.98666666666667,995.415000000001
2016,248,0,132.75,0.338333333333333,-0.4,0,16.59,84.91,2.90166666666667,995.573333333332,132.75,0.338333333333333,-0.4,0,16.59,84.91,2.90166666666667,995.573333333332
2016,248,1,130.3695,0.25,-0.393333333333333,0,16.5183333333333,85.255,2.4,995.578333333333,130.3695,0.25,-0.393333333333333,0,16.5183333333333,85.255,2.4,995.578333333333
2016,248,2,124.556333333333,0.0716666666666666,-0.378333333333333,0,15.9083333333333,87.1816666666667,2.51666666666667,995.408333333334,124.556333333333,0.0716666666666666,-0.378333333333333,0,15.9083333333333,87.1816666666667,2.51666666666667,995.408333333334
2016,248,3,116.269833333333,-0.0466666666666667,-0.4,0,15.7066666666667,88.2916666666667,2.95166666666667,995.644999999999,116.269833333333,-0.0466666666666667,-0.4,0,15.7066666666667,88.2916666666667,2.95166666666667,995.644999999999
2016,248,4,106.399166666667,-0.06,-0.4,0,15.2633333333333,89.7766666666667,3.16,995.603333333333,106.399166666667,-0.06,-0.4,0,15.2633333333333,89.7766666666667,3.16,995.603333333333
2016,248,5,95.5445,0.288333333333333,1.32666666666667,0.571666666666667,15.3083333333333,88.8266666666667,3.12666666666667,995.833333333334,95.5445,0.288333333333333,1.32666666666667,0.571666666666667,15.3083333333333,88.8266666666667,3.12666666666667,995.833333333334
2016,248,6,84.095,364.32,38.4066666666667,37.2933333333333,15.4033333333333,87.9983333333333,3.12833333333333,996.003333333334,84.095,364.32,38.4066666666667,37.2933333333333,15.4033333333333,87.9983333333333,3.12833333333333,996.003333333334
2016,248,7,72.7833333333333,627.195,72.1783333333333,107.59,17.555,83.15,2.73666666666667,996.556666666666,72.7833333333333,627.195,72.1783333333333,107.59,17.555,83.15,2.73666666666667,996.556666666666
2016,248,8,61.5661666666667,710.52,125.418333333333,191.426666666667,20.2266666666667,72.365,3.205,997.029999999999,61.5661666666667,710.52,125.418333333333,191.426666666667,20.2266666666667,72.365,3.205,997.029999999999
2016,248,9,51.0028333333333,577.635,223.938333333333,246.198333333333,22.8133333333333,63.4416666666667,3.09166666666667,997.09,51.0028333333333,577.635,223.938333333333,246.198333333333,22.8133333333333,63.4416666666667,3.09166666666667,997.09
2016,248,10,41.8698333333333,620.171666666667,258.031666666667,299.946428571429,24.615,54.4316666666667,3.70666666666667,996.793333333333,41.8698333333333,620.171666666667,258.031666666667,299.946428571429,24.615,54.4316666666667,3.70666666666667,996.793333333333
2016,248,11,35.4711666666667,404.138333333333,431.326666666667,323.233928571429,25.3816666666667,46.1166666666667,3.75333333333333,996.198333333334,35.4711666666667,404.138333333333,431.326666666667,323.233928571429,25.3816666666667,46.1166666666667,3.75333333333333,996.198333333334
2016,248,12,33.4773333333333,418.49,460.381666666667,346.527118644068,26.0783333333333,44.0316666666667,3.48666666666667,995.713333333333,33.4773333333333,418.49,460.381666666667,346.527118644068,26.0783333333333,44.0316666666667,3.48666666666667,995.713333333333
2016,248,13,36.6116666666667,536.355,386.1,348.403333333333,26.6366666666667,43.285,3.14166666666667,995.128333333333,36.6116666666667,536.355,386.1,348.403333333333,26.6366666666667,43.285,3.14166666666667,995.128333333333
2016,248,14,43.7896666666667,632.068333333333,394.303333333333,358.303333333333,27.3066666666667,43.635,3.295,994.255,43.7896666666667,632.068333333333,394.303333333333,358.303333333333,27.3066666666667,43.635,3.295,994.255
2016,248,15,53.3511666666667,150.905,373.775,190.013333333333,26.9816666666667,46.275,3.39166666666667,993.946666666667,53.3511666666667,150.905,373.775,190.013333333333,26.9816666666667,46.275,3.39166666666667,993.946666666667
2016,248,16,64.129,434.781666666667,279.8,196.235,27.5183333333333,44.6266666666667,3.47,993.698333333333,64.129,434.781666666667,279.8,196.235,27.5183333333333,44.6266666666667,3.47,993.698333333333
2016,248,17,75.4386666666667,359.333333333333,162.695,95.4933333333333,26.8516666666667,49.675,3.21,993.599999999999,75.4386666666667,359.333333333333,162.695,95.4933333333333,26.8516666666667,49.675,3.21,993.599999999999
2016,248,18,86.7513333333333,183.121666666667,39.1916666666667,22.0733333333333,25.2683333333333,58.3333333333333,2.755,993.710000000001,86.7513333333333,183.121666666667,39.1916666666667,22.0733333333333,25.2683333333333,58.3333333333333,2.755,993.710000000001
2016,248,19,98.2175,0.32,-0.323333333333333,0.04,22.5783333333334,72.2316666666667,3.045,994.1,98.2175,0.32,-0.323333333333333,0.04,22.5783333333334,72.2316666666667,3.045,994.1
2016,248,20,108.896166666667,0.373333333333333,-0.4,0,20.4733333333333,81.6383333333333,3.09,994.758333333335,108.896166666667,0.373333333333333,-0.4,0,20.4733333333333,81.6383333333333,3.09,994.758333333335
2016,248,21,118.520833333333,-0.0633333333333333,-0.4,0,19.6083333333334,84.4483333333333,3.19166666666667,994.875000000001,118.520833333333,-0.0633333333333333,-0.4,0,19.6083333333334,84.4483333333333,3.19166666666667,994.875000000001
2016,248,22,126.389666666667,-0.358333333333333,-0.4,-0.00666666666666667,19.865,84.1000000000001,3.39833333333333,994.828333333334,126.389666666667,-0.358333333333333,-0.4,-0.00666666666666667,19.865,84.1000000000001,3.39833333333333,994.828333333334
2016,248,23,131.564666666667,-0.215,-0.4,0,19.625,85.6216666666667,3.305,994.676666666666,131.564666666667,-0.215,-0.4,0,19.625,85.6216666666667,3.305,994.676666666666
2016,249,0,133.1165,-0.0866666666666667,-0.4,0,19.105,88.0816666666667,2.84666666666667,994.961666666667,133.1165,-0.0866666666666667,-0.4,0,19.105,88.0816666666667,2.84666666666667,994.961666666667
2016,249,1,130.699833333333,-0.115,-0.4,0,18.9166666666667,88.6,3.05666666666667,994.761666666667,130.699833333333,-0.115,-0.4,0,18.9166666666667,88.6,3.05666666666667,994.761666666667
2016,249,2,124.838166666667,0.075,-0.4,0,18.7183333333333,88.94,2.52666666666667,994.78,124.838166666667,0.075,-0.4,0,18.7183333333333,88.94,2.52666666666667,994.78
2016,249,3,116.508833333333,-0.145,-0.4,0,18.66,89.6900000000001,2.79,994.423333333335,116.508833333333,-0.145,-0.4,0,18.66,89.6900000000001,2.79,994.423333333335
2016,249,4,106.605,-0.108333333333333,-0.388333333333333,0,18.7,90.625,2.20333333333333,994.456666666667,106.605,-0.108333333333333,-0.388333333333333,0,18.7,90.625,2.20333333333333,994.456666666667
2016,249,5,95.7386666666667,0.0916666666666667,1.61166666666667,0.555,18.7983333333333,91.455,1.82166666666667,994.790000000001,95.7386666666667,0.0916666666666667,1.61166666666667,0.555,18.7983333333333,91.455,1.82166666666667,994.790000000001
2016,249,6,84.2613333333333,83.1933333333333,56.9116666666667,24.3384615384615,19.1066666666667,91.6733333333333,1.58,995.325000000001,84.2613333333333,83.1933333333333,56.9116666666667,24.3384615384615,19.1066666666667,91.6733333333333,1.58,995.325000000001
2016,249,7,72.9603333333333,125.341666666667,141.951666666667,73.75,21.28,86.24,3.55833333333333,995.460000000001,72.9603333333333,125.341666666667,141.951666666667,73.75,21.28,86.24,3.55833333333333,995.460000000001
2016,249,8,61.7541666666667,228.108333333333,212.083333333333,137.97,23.4866666666667,78.795,4.25166666666667,995.485,61.7541666666667,228.108333333333,212.083333333333,137.97,23.4866666666667,78.795,4.25166666666667,995.485
2016,249,9,51.222,409.358333333333,281.245,230.491666666667,26.0066666666667,69.3016666666667,4.94333333333333,995.410000000001,51.222,409.358333333333,281.245,230.491666666667,26.0066666666667,69.3016666666667,4.94333333333333,995.410000000001
2016,249,10,42.137,549.191666666667,263.433333333333,290.048333333333,27.4916666666667,66.1433333333333,4.81166666666667,995.158333333333,42.137,549.191666666667,263.433333333333,290.048333333333,27.4916666666667,66.1433333333333,4.81166666666667,995.158333333333
2016,249,11,35.7993333333333,779.186666666667,175.423333333333,348.631666666667,29.02,62.78,4.375,994.675,35.7993333333333,779.186666666667,175.423333333333,348.631666666667,29.02,62.78,4.375,994.675
2016,249,12,33.8493333333333,586.208333333334,314.326666666667,340.711666666667,29.9833333333333,60.89,4.915,994.183333333333,33.8493333333333,586.208333333334,314.326666666667,340.711666666667,29.9833333333333,60.89,4.915,994.183333333333
2016,249,13,36.9871666666667,349.65,264.983333333333,236.020338983051,30.495,57.165,5.41,993.413333333333,36.9871666666667,349.65,264.983333333333,236.020338983051,30.495,57.165,5.41,993.413333333333
2016,249,14,44.1398333333333,510.226666666667,236.111666666667,260.022413793104,30.99,54.6216666666667,6.085,992.643333333333,44.1398333333333,510.226666666667,236.111666666667,260.022413793104,30.99,54.6216666666667,6.085,992.643333333333
2016,249,15,53.6765,602.956666666667,166.066666666667,224.778333333333,31.2,53.5916666666667,6.08166666666667,992.353333333334,53.6765,602.956666666667,166.066666666667,224.778333333333,31.2,53.5916666666667,6.08166666666667,992.353333333334
2016,249,16,64.4383333333333,501.213333333333,135.94,150.101666666667,30.9716666666667,56.1633333333333,5.49666666666667,992.144999999999,64.4383333333333,501.213333333333,135.94,150.101666666667,30.9716666666667,56.1633333333333,5.49666666666667,992.144999999999
2016,249,17,75.7388333333333,423.035,75.73,76.7666666666667,30.1666666666667,61.2166666666667,4.54166666666667,992.208333333334,75.7388333333333,423.035,75.73,76.7666666666667,30.1666666666667,61.2166666666667,4.54166666666667,992.208333333334
2016,249,18,87.0625,91.2949999999999,20.2633333333333,12.7666666666667,28.19,71.8733333333333,3.01166666666667,992.476666666666,87.0625,91.2949999999999,20.2633333333333,12.7666666666667,28.19,71.8733333333333,3.01166666666667,992.476666666666
2016,249,19,98.5298333333333,0.4,-0.323333333333333,0.035,25.905,81.2066666666667,2.74666666666667,992.921666666667,98.5298333333333,0.4,-0.323333333333333,0.035,25.905,81.2066666666667,2.74666666666667,992.921666666667
2016,249,20,109.224166666667,0.123333333333333,-0.4,0.015,25.3133333333333,83.1466666666667,3.35166666666667,993.406666666667,109.224166666667,0.123333333333333,-0.4,0.015,25.3133333333333,83.1466666666667,3.35166666666667,993.406666666667
2016,249,21,118.868,0.198333333333333,-0.4,0,24.735,84.5583333333333,3.39333333333333,993.653333333334,118.868,0.198333333333333,-0.4,0,24.735,84.5583333333333,3.39333333333333,993.653333333334
2016,249,22,126.759333333333,0.14,-0.4,0,24.045,86.835,3.18666666666667,994.06,126.759333333333,0.14,-0.4,0,24.045,86.835,3.18666666666667,994.06
2016,249,23,131.945,0.281666666666667,-0.4,0,23.375,89.13,2.96166666666667,994.241666666667,131.945,0.281666666666667,-0.4,0,23.375,89.13,2.96166666666667,994.241666666667
2016,250,0,133.485166666667,0.276666666666667,-0.4,0,22.8266666666666,90.6300000000001,2.43,994.403333333334,133.485166666667,0.276666666666667,-0.4,0,22.8266666666666,90.6300000000001,2.43,994.403333333334
2016,250,1,131.030833333333,0.233333333333333,-0.4,0,22.3616666666667,90.9349999999999,2.60833333333333,994.233333333332,131.030833333333,0.233333333333333,-0.4,0,22.3616666666667,90.9349999999999,2.60833333333333,994.233333333332
2016,250,2,125.122,0.015,-0.4,0,22.1016666666667,91.4383333333333,2.765,994.186666666666,125.122,0.015,-0.4,0,22.1016666666667,91.4383333333333,2.765,994.186666666666
2016,250,3,116.748166666667,0.0883333333333333,-0.4,0,21.8316666666666,92.0116666666667,2.32333333333333,994.188333333333,116.748166666667,0.0883333333333333,-0.4,0,21.8316666666666,92.0116666666667,2.32333333333333,994.188333333333
2016,250,4,106.811166666667,0.0466666666666667,-0.4,0,21.5716666666667,92.7900000000001,2.42833333333333,994.251666666668,106.811166666667,0.0466666666666667,-0.4,0,21.5716666666667,92.7900000000001,2.42833333333333,994.251666666668
2016,250,5,95.933,0.121666666666667,0.478333333333333,0.42,21.35,93.5,2.38166666666667,994.436666666667,95.933,0.121666666666667,0.478333333333333,0.42,21.35,93.5,2.38166666666667,994.436666666667
2016,250,6,84.4266666666667,179.931666666667,31.3916666666667,24.1883333333333,21.5616666666667,93.5133333333333,2.665,994.805000000001,84.4266666666667,179.931666666667,31.3916666666667,24.1883333333333,21.5616666666667,93.5133333333333,2.665,994.805000000001
2016,250,7,73.1338333333333,479.533333333333,80.0833333333333,93.8516666666667,23.535,89.245,3.63666666666667,994.726666666666,73.1338333333333,479.533333333333,80.0833333333333,93.8516666666667,23.535,89.245,3.63666666666667,994.726666666666
2016,250,8,61.9443333333333,640.75,108.098333333333,177.3,26.0033333333333,81.0633333333333,5.18833333333333,994.561666666666,61.9443333333333,640.75,108.098333333333,177.3,26.0033333333333,81.0633333333333,5.18833333333333,994.561666666666
2016,250,9,51.4415,713.968333333334,136.505,252.861666666667,28.0183333333333,73.27,6.50666666666667,994.796666666667,51.4415,713.968333333334,136.505,252.861666666667,28.0183333333333,73.27,6.50666666666667,994.796666666667
2016,250,10,42.4053333333333,653.163333333334,225.53,306.191666666667,29.3233333333333,68.7766666666667,5.79333333333333,994.781666666665,42.4053333333333,653.163333333334,225.53,306.191666666667,29.3233333333333,68.7766666666667,5.79333333333333,994.781666666665
2016,250,11,36.1301666666667,432.261666666667,325.68,290.112068965517,30.3083333333333,63.8333333333333,5.73166666666667,994.400000000001,36.1301666666667,432.261666666667,325.68,290.112068965517,30.3083333333333,63.8333333333333,5.73166666666667,994.400000000001
2016,250,12,34.2238333333333,353.7,301.391666666667,257.735,30.79,61.0666666666667,5.32,993.998333333334,34.2238333333333,353.7,301.391666666667,257.735,30.79,61.0666666666667,5.32,993.998333333334
2016,250,13,37.3636666666667,454.47,279.235,282.608474576271,31.4983333333333,57.2316666666667,5.33,993.475000000001,37.3636666666667,454.47,279.235,282.608474576271,31.4983333333333,57.2316666666667,5.33,993.475000000001
2016,250,14,44.4936666666667,433.171666666667,271.915,259.056666666667,31.7266666666667,55.935,5.59166666666667,992.88,44.4936666666667,433.171666666667,271.915,259.056666666667,31.7266666666667,55.935,5.59166666666667,992.88
2016,250,15,54.0051666666667,427.168333333333,213.258333333333,201.511666666667,31.9583333333333,54.5716666666667,5.585,992.376666666668,54.0051666666667,427.168333333333,213.258333333333,201.511666666667,31.9583333333333,54.5716666666667,5.585,992.376666666668
2016,250,16,64.7495,583.736666666667,125.398333333333,161.828333333333,31.7333333333333,55.81,5.79666666666667,992.043333333334,64.7495,583.736666666667,125.398333333333,161.828333333333,31.7333333333333,55.81,5.79666666666667,992.043333333334
2016,250,17,76.0411666666667,353.308333333333,75.075,69.1866666666667,30.5383333333333,61.8533333333333,5.07666666666667,991.891666666667,76.0411666666667,353.308333333333,75.075,69.1866666666667,30.5383333333333,61.8533333333333,5.07666666666667,991.891666666667
2016,250,18,87.3635,104.508333333333,19.5766666666667,12.97,28.705,70.185,3.985,991.945,87.3635,104.508333333333,19.5766666666667,12.97,28.705,70.185,3.985,991.945
2016,250,19,98.8435,0.39,-0.351666666666667,0.0216666666666667,26.68,80.2933333333333,3.00666666666667,992.261666666667,98.8435,0.39,-0.351666666666667,0.0216666666666667,26.68,80.2933333333333,3.00666666666667,992.261666666667
2016,250,20,109.5535,0.365,-0.4,0,26.0516666666667,82.8,3.28333333333333,992.633333333333,109.5535,0.365,-0.4,0,26.0516666666667,82.8,3.28333333333333,992.633333333333
2016,250,21,119.218833333333,0.326666666666667,-0.4,0,25.375,84.9483333333334,3.63,992.888333333334,119.218833333333,0.326666666666667,-0.4,0,25.375,84.9483333333334,3.63,992.888333333334
2016,250,22,127.1305,0.4,-0.4,0,24.6666666666667,86.34,2.87833333333333,993.063333333332,127.1305,0.4,-0.4,0,24.6666666666667,86.34,2.87833333333333,993.063333333332
2016,250,23,132.327333333333,0.361666666666667,-0.4,0,24.0533333333333,87.3133333333333,2.435,993.398333333334,132.327333333333,0.361666666666667,-0.4,0,24.0533333333333,87.3133333333333,2.435,993.398333333334
2016,251,0,133.854833333333,0.4,-0.4,0,23.4033333333333,88.95,2.42166666666667,993.385000000001,133.854833333333,0.4,-0.4,0,23.4033333333333,88.95,2.42166666666667,993.385000000001
2016,251,1,131.3625,0.356666666666667,-0.4,0,22.805,90.7433333333333,2.565,993.251666666666,131.3625,0.356666666666667,-0.4,0,22.805,90.7433333333333,2.565,993.251666666666
2016,251,2,125.403666666667,0.358333333333333,-0.4,0,22.425,91.9766666666667,2.595,993.356666666668,125.403666666667,0.358333333333333,-0.4,0,22.425,91.9766666666667,2.595,993.356666666668
2016,251,3,116.986333333333,0.26,-0.4,0,22.23,92.645,2.36333333333333,993.199999999999,116.986333333333,0.26,-0.4,0,22.23,92.645,2.36333333333333,993.199999999999
2016,251,4,107.017166666667,0.07,-0.4,0,22.3516666666666,92.5883333333333,2.44333333333333,993.096666666666,107.017166666667,0.07,-0.4,0,22.3516666666666,92.5883333333333,2.44333333333333,993.096666666666
2016,251,5,96.129,0.251666666666667,0.403333333333333,0.365,22.2433333333333,93.04,2.18,993.408333333334,96.129,0.251666666666667,0.403333333333333,0.365,22.2433333333333,93.04,2.18,993.408333333334
2016,251,6,84.5926666666667,217.163333333333,28.1666666666667,25.6183333333333,22.265,93.4116666666667,2.1,993.718333333333,84.5926666666667,217.163333333333,28.1666666666667,25.6183333333333,22.265,93.4116666666667,2.1,993.718333333333
2016,251,7,73.309,538.955,67.8016666666667,97.595,23.9666666666667,89.4916666666667,3.285,993.688333333333,73.309,538.955,67.8016666666667,97.595,23.9666666666667,89.4916666666667,3.285,993.688333333333
2016,251,8,62.135,686.895,92.2166666666667,181.488333333333,26.1166666666667,81.545,5.01333333333333,993.370000000001,62.135,686.895,92.2166666666667,181.488333333333,26.1166666666667,81.545,5.01333333333333,993.370000000001
2016,251,9,51.6641666666667,768.546666666667,105.535,256.451666666667,27.9883333333333,73.5933333333333,4.89333333333333,993.166666666666,51.6641666666667,768.546666666667,105.535,256.451666666667,27.9883333333333,73.5933333333333,4.89333333333333,993.166666666666
2016,251,10,42.6775,806.825,123.103333333333,313.998181818182,29.6333333333333,65.115,4.93166666666667,992.785,42.6775,806.825,123.103333333333,313.998181818182,29.6333333333333,65.115,4.93166666666667,992.785
2016,251,11,36.4613333333333,547.066666666666,239.316666666667,296.969491525424,30.8833333333333,59.34,5.15166666666667,992.283333333334,36.4613333333333,547.066666666666,239.316666666667,296.969491525424,30.8833333333333,59.34,5.15166666666667,992.283333333334
2016,251,12,34.6006666666667,223.626666666667,342.936666666667,229.61,31.285,57.245,5.60166666666666,991.418333333333,34.6006666666667,223.626666666667,342.936666666667,229.61,31.285,57.245,5.60166666666666,991.418333333333
2016,251,13,37.7436666666667,275.908333333333,341.473333333333,242.33,31.62,54.2366666666667,5.94666666666667,990.718333333334,37.7436666666667,275.908333333333,341.473333333333,242.33,31.62,54.2366666666667,5.94666666666667,990.718333333334
2016,251,14,44.8486666666667,581.84,218.341666666667,276.788333333333,31.99,51.225,6.44,989.834999999999,44.8486666666667,581.84,218.341666666667,276.788333333333,31.99,51.225,6.44,989.834999999999
2016,251,15,54.3355,318.315,210.298333333333,172.478333333333,31.505,53.1183333333333,6.85333333333333,989.365,54.3355,318.315,210.298333333333,172.478333333333,31.505,53.1183333333333,6.85333333333333,989.365
2016,251,16,65.0625,226.888333333333,149.338333333333,107.573333333333,31.1533333333333,53.93,6.27333333333333,989.765000000001,65.0625,226.888333333333,149.338333333333,107.573333333333,31.1533333333333,53.93,6.27333333333333,989.765000000001
2016,251,17,76.3458333333333,0.464999999999999,71.2683333333333,30.8833333333333,29.6183333333333,60.9,4.5,989.690000000001,76.3458333333333,0.464999999999999,71.2683333333333,30.8833333333333,29.6183333333333,60.9,4.5,989.690000000001
2016,251,18,87.6776666666667,0.4,7.33,3.24333333333333,27.7416666666667,67.18,3.27166666666667,989.931666666667,87.6776666666667,0.4,7.33,3.24333333333333,27.7416666666667,67.18,3.27166666666667,989.931666666667
2016,251,19,99.1588333333333,0.25,-0.398333333333333,0,26.24,77.7133333333333,3.01166666666667,989.791666666666,99.1588333333333,0.25,-0.398333333333333,0,26.24,77.7133333333333,3.01166666666667,989.791666666666
2016,251,20,109.8845,0.03,-0.4,0,26.525,79.8416666666667,3.65833333333333,989.445,109.8845,0.03,-0.4,0,26.525,79.8416666666667,3.65833333333333,989.445
2016,251,21,119.570666666667,-0.0866666666666667,-0.348333333333333,0,25.595,85.97,2.11666666666667,989.666666666667,119.570666666667,-0.0866666666666667,-0.348333333333333,0,25.595,85.97,2.11666666666667,989.666666666667
2016,251,22,127.504333333333,-0.055,-0.108333333333333,0,25.28,87.22,2.60333333333333,989.458333333333,127.504333333333,-0.055,-0.108333333333333,0,25.28,87.22,2.60333333333333,989.458333333333
2016,251,23,132.711833333333,-0.17,-0.15,0,25.1366666666667,87.07,3.74,988.91,132.711833333333,-0.17,-0.15,0,25.1366666666667,87.07,3.74,988.91
2016,252,0,134.226333333333,-0.233333333333333,-0.231666666666667,0,25.2916666666667,86.115,4.13833333333333,988.981666666666,134.226333333333,-0.233333333333333,-0.231666666666667,0,25.2916666666667,86.115,4.13833333333333,988.981666666666
2016,252,1,131.6955,0.39,-0.373333333333333,0,23.815,87.1483333333333,2.45,988.886666666667,131.6955,0.39,-0.373333333333333,0,23.815,87.1483333333333,2.45,988.886666666667
2016,252,2,125.688833333333,-0.00833333333333333,-0.05,0,23.7733333333333,90.0816666666667,2.145,987.851666666667,125.688833333333,-0.00833333333333333,-0.05,0,23.7733333333333,90.0816666666667,2.145,987.851666666667
2016,252,3,117.225666666667,0.00833333333333333,0,0,24.0366666666667,90.5666666666667,2.55666666666667,987.525000000001,117.225666666667,0.00833333333333333,0,0,24.0366666666667,90.5666666666667,2.55666666666667,987.525000000001
2016,252,4,107.221666666667,-0.005,0,0,24.2466666666667,90.28,3.02666666666667,987.198333333333,107.221666666667,-0.005,0,0,24.2466666666667,90.28,3.02666666666667,987.198333333333
2016,252,5,96.3258333333333,0,0.0666666666666667,0.0666666666666667,24.4916666666667,88.9983333333334,3.79333333333333,987.003333333334,96.3258333333333,0,0.0666666666666667,0.0666666666666667,24.4916666666667,88.9983333333334,3.79333333333333,987.003333333334
2016,252,6,84.7576666666667,0.505,6.73333333333333,2.9,24.3883333333333,89.5216666666667,4.08,987.635000000001,84.7576666666667,0.505,6.73333333333333,2.9,24.3883333333333,89.5216666666667,4.08,987.635000000001
2016,252,7,73.4875,0.135,4.80166666666667,2.71833333333333,23.5066666666667,92.9616666666667,5.36333333333333,988.174999999999,73.4875,0.135,4.80166666666667,2.71833333333333,23.5066666666667,92.9616666666667,5.36333333333333,988.174999999999
2016,252,8,62.3283333333333,-0.02,26.0766666666667,13.0833333333333,23.4716666666667,94.0333333333332,4.69,988.336666666667,62.3283333333333,-0.02,26.0766666666667,13.0833333333333,23.4716666666667,94.0333333333332,4.69,988.336666666667
2016,252,9,51.8885,0.158333333333333,101.908333333333,48.7433333333333,23.9583333333333,93.5116666666667,4.33333333333333,988.95,51.8885,0.158333333333333,101.908333333333,48.7433333333333,23.9583333333333,93.5116666666667,4.33333333333333,988.95
2016,252,10,42.952,0.0516666666666667,103.718333333333,51.5066666666667,23.8516666666667,93.9283333333333,2.31,989.166666666666,42.952,0.0516666666666667,103.718333333333,51.5066666666667,23.8516666666667,93.9283333333333,2.31,989.166666666666
2016,252,11,36.7963333333333,0.523333333333334,167.078333333333,78.36,24.0733333333333,92.8933333333333,3.43,988.615,36.7963333333333,0.523333333333334,167.078333333333,78.36,24.0733333333333,92.8933333333333,3.43,988.615
2016,252,12,34.9785,0.526666666666667,184.758333333333,85.4016666666667,24.1283333333333,90.7250000000001,3.29333333333333,988.778333333333,34.9785,0.526666666666667,184.758333333333,85.4016666666667,24.1283333333333,90.7250000000001,3.29333333333333,988.778333333333
2016,252,13,38.1236666666667,0.443333333333333,164.051666666667,72.945,24.2916666666667,87.86,2.49333333333333,988.339999999999,38.1236666666667,0.443333333333333,164.051666666667,72.945,24.2916666666667,87.86,2.49333333333333,988.339999999999
2016,252,14,45.207,45.9233333333333,366.963333333333,177.653333333333,25.6033333333333,78.8366666666667,4,987.990000000001,45.207,45.9233333333333,366.963333333333,177.653333333333,25.6033333333333,78.8366666666667,4,987.990000000001
2016,252,15,54.6675,69.1,277.48,141.071666666667,25.9566666666667,75.5483333333333,3.845,987.563333333334,54.6675,69.1,277.48,141.071666666667,25.9566666666667,75.5483333333333,3.845,987.563333333334
2016,252,16,65.3783333333333,4.52999999999999,142.281666666667,64.1133333333334,25.4133333333333,78.2466666666667,3.355,987.279999999999,65.3783333333333,4.52999999999999,142.281666666667,64.1133333333334,25.4133333333333,78.2466666666667,3.355,987.279999999999
2016,252,17,76.6545,35.955,83.8483333333333,38.655,24.9616666666667,80.235,2.43,987.593333333333,76.6545,35.955,83.8483333333333,38.655,24.9616666666667,80.235,2.43,987.593333333333
2016,252,18,87.9943333333333,63.0783333333334,17.8783333333333,8.275,24.165,83.8016666666667,2.365,988.068333333334,87.9943333333333,63.0783333333334,17.8783333333333,8.275,24.165,83.8016666666667,2.365,988.068333333334
2016,252,19,99.4761666666667,0.4,-0.38,0,22.6933333333333,90.0066666666667,1.95,988.458333333333,99.4761666666667,0.4,-0.38,0,22.6933333333333,90.0066666666667,1.95,988.458333333333
2016,252,20,110.216166666667,0.375,-0.378333333333333,0,22.2166666666667,92.6333333333333,1.85333333333333,988.259999999999,110.216166666667,0.375,-0.378333333333333,0,22.2166666666667,92.6333333333333,1.85333333333333,988.259999999999
2016,252,21,119.923833333333,0.265,-0.4,0,21.5133333333333,94.4983333333334,2.13833333333333,988.531666666666,119.923833333333,0.265,-0.4,0,21.5133333333333,94.4983333333334,2.13833333333333,988.531666666666
2016,252,22,127.8775,0.193333333333333,-0.42,0,20.89,95.4566666666667,2.18833333333333,988.818333333333,127.8775,0.193333333333333,-0.42,0,20.89,95.4566666666667,2.18833333333333,988.818333333333
2016,252,23,133.098,-0.065,-0.335,0,20.5566666666667,95.955,1.92333333333333,989.198333333333,133.098,-0.065,-0.335,0,20.5566666666667,95.955,1.92333333333333,989.198333333333
2016,253,0,134.598666666667,0.085,-0.4,0,19.2616666666667,96.465,2.02333333333333,989.724999999999,134.598666666667,0.085,-0.4,0,19.2616666666667,96.465,2.02333333333333,989.724999999999
2016,253,1,132.028,-0.14,-0.33,0,19.4,97.0033333333334,1.71166666666667,989.593333333333,132.028,-0.14,-0.33,0,19.4,97.0033333333334,1.71166666666667,989.593333333333
2016,253,2,125.972166666667,0.07,-0.4,0,19.53,97.2066666666667,1.23666666666667,989.671666666667,125.972166666667,0.07,-0.4,0,19.53,97.2066666666667,1.23666666666667,989.671666666667
2016,253,3,117.464666666667,0.306666666666667,-0.4,0,19.2516666666667,97.3266666666667,0.11,989.6,117.464666666667,0.306666666666667,-0.4,0,19.2516666666667,97.3266666666667,0.11,989.6
2016,253,4,107.4285,0.175,-0.393333333333333,0,19.2883333333333,97.4116666666666,1.03666666666667,988.998333333334,107.4285,0.175,-0.393333333333333,0,19.2883333333333,97.4116666666666,1.03666666666667,988.998333333334
2016,253,5,96.5105,0.00833333333333333,0.496666666666667,0.103333333333333,19.3216666666667,97.4983333333333,1.97333333333333,988.923333333334,96.5105,0.00833333333333333,0.496666666666667,0.103333333333333,19.3216666666667,97.4983333333333,1.97333333333333,988.923333333334
2016,253,6,84.936,2.53333333333333,15.4816666666667,6.81851851851852,19.5133333333333,97.3983333333333,1.36333333333333,989.546666666666,84.936,2.53333333333333,15.4816666666667,6.81851851851852,19.5133333333333,97.3983333333333,1.36333333333333,989.546666666666
2016,253,7,73.6646666666667,0.296666666666667,50.07,22.3033333333333,19.8566666666667,97.2833333333333,2.705,990.071666666668,73.6646666666667,0.296666666666667,50.07,22.3033333333333,19.8566666666667,97.2833333333333,2.705,990.071666666668
2016,253,8,62.5233333333333,0.23,86.7016666666667,39.4316666666667,20.3333333333333,97.1733333333333,2.86,989.816666666666,62.5233333333333,0.23,86.7016666666667,39.4316666666667,20.3333333333333,97.1733333333333,2.86,989.816666666666
2016,253,9,52.1155,0.345,115.431666666667,52.4916666666667,21.0083333333333,96.25,3.74333333333333,989.708333333334,52.1155,0.345,115.431666666667,52.4916666666667,21.0083333333333,96.25,3.74333333333333,989.708333333334
2016,253,10,43.2281666666667,0.336666666666667,173.266666666667,80.4933333333334,21.5883333333333,91.705,4.735,988.591666666666,43.2281666666667,0.336666666666667,173.266666666667,80.4933333333334,21.5883333333333,91.705,4.735,988.591666666666
2016,253,11,37.1326666666667,8.425,298.243333333333,138.058333333333,22.4666666666667,84.565,5.13833333333333,987.985,37.1326666666667,8.425,298.243333333333,138.058333333333,22.4666666666667,84.565,5.13833333333333,987.985
2016,253,12,35.3575,15.4983333333333,247.781666666667,118.215,23.29,82.325,3.81166666666667,988.006666666666,35.3575,15.4983333333333,247.781666666667,118.215,23.29,82.325,3.81166666666667,988.006666666666
2016,253,13,38.5061666666667,83.9633333333333,437.361666666667,222.868333333333,24.6666666666667,75.3233333333333,3.56666666666667,987.563333333333,38.5061666666667,83.9633333333333,437.361666666667,222.868333333333,24.6666666666667,75.3233333333333,3.56666666666667,987.563333333333
2016,253,14,45.5663333333333,1.01,122.92,56.0266666666667,25.0766666666667,77.8916666666666,3.65333333333333,986.698333333334,45.5663333333333,1.01,122.92,56.0266666666667,25.0766666666667,77.8916666666666,3.65333333333333,986.698333333334
2016,253,15,55.0033333333333,3.785,77.5566666666667,36.775,25.1516666666667,82.3,2.22,986.13,55.0033333333333,3.785,77.5566666666667,36.775,25.1516666666667,82.3,2.22,986.13
2016,253,16,65.697,0.741666666666666,48.475,22.4533333333333,24.7733333333333,85.1116666666667,3.59166666666667,985.458333333334,65.697,0.741666666666666,48.475,22.4533333333333,24.7733333333333,85.1116666666667,3.59166666666667,985.458333333334
2016,253,17,76.9591666666667,0.326666666666667,55.82,25.535,24.0066666666667,90.2799999999999,3.58166666666667,985.646666666666,76.9591666666667,0.326666666666667,55.82,25.535,24.0066666666667,90.2799999999999,3.58166666666667,985.646666666666
2016,253,18,88.3003333333333,0.323333333333333,11.865,4.955,24.425,90.8283333333333,3.34,985.698333333333,88.3003333333333,0.323333333333333,11.865,4.955,24.425,90.8283333333333,3.34,985.698333333333
2016,253,19,99.7943333333333,0.3,-0.015,0,22.66,92.4383333333333,4.755,986.42,99.7943333333333,0.3,-0.015,0,22.66,92.4383333333333,4.755,986.42
2016,253,20,110.550333333333,0.4,-0.00833333333333333,0,21.285,92.3616666666666,1.03666666666667,986.91,110.550333333333,0.4,-0.00833333333333333,0,21.285,92.3616666666666,1.03666666666667,986.91
2016,253,21,120.277666666667,0.396666666666666,-0.06,0,20.6616666666667,94.1033333333333,1.48666666666667,986.896666666667,120.277666666667,0.396666666666666,-0.06,0,20.6616666666667,94.1033333333333,1.48666666666667,986.896666666667
2016,253,22,128.254333333333,0.25,-0.0166666666666667,0,20.125,95.7083333333333,2.14333333333333,986.763333333334,128.254333333333,0.25,-0.0166666666666667,0,20.125,95.7083333333333,2.14333333333333,986.763333333334
2016,253,23,133.4855,0.248333333333333,-0.085,0,20.1066666666667,96.17,1.03833333333333,986.451666666666,133.4855,0.248333333333333,-0.085,0,20.1066666666667,96.17,1.03833333333333,986.451666666666
2016,254,0,134.972833333333,0.251666666666667,-0.0383333333333333,0,19.9666666666666,96.3833333333334,1.64166666666667,986.373333333333,134.972833333333,0.251666666666667,-0.0383333333333333,0,19.9666666666666,96.3833333333334,1.64166666666667,986.373333333333
2016,254,1,132.362833333333,0.236666666666667,-0.0283333333333333,0,19.7216666666667,96.6683333333333,1.56333333333333,986.781666666666,132.362833333333,0.236666666666667,-0.0283333333333333,0,19.7216666666667,96.6683333333333,1.56333333333333,986.781666666666
2016,254,2,126.254833333333,0.0533333333333334,0,0,19.8633333333333,96.89,0.943333333333333,985.863333333333,126.254833333333,0.0533333333333334,0,0,19.8633333333333,96.89,0.943333333333333,985.863333333333
2016,254,3,117.703166666667,0.0666666666666667,-0.0483333333333333,0,20.1683333333333,97.0066666666667,1.26166666666667,985.655,117.703166666667,0.0666666666666667,-0.0483333333333333,0,20.1683333333333,97.0066666666667,1.26166666666667,985.655
2016,254,4,107.633666666667,0,-0.01,0,20.3283333333333,97,1.42666666666667,986.046666666667,107.633666666667,0,-0.01,0,20.3283333333333,97,1.42666666666667,986.046666666667
2016,254,5,96.696,0.00166666666666667,0,0,20.3266666666667,97.1933333333332,2.66666666666667,986.405000000001,96.696,0.00166666666666667,0,0,20.3266666666667,97.1933333333332,2.66666666666667,986.405000000001
2016,254,6,85.1146666666667,0.08,9.18,4.25833333333333,20.1233333333333,96.6866666666667,4.35833333333333,986.789999999999,85.1146666666667,0.08,9.18,4.25833333333333,20.1233333333333,96.6866666666667,4.35833333333333,986.789999999999
2016,254,7,73.8443333333333,117.688333333333,135.34,73.6183333333333,20.67,91.6783333333333,1.35666666666667,985.956666666667,73.8443333333333,117.688333333333,135.34,73.6183333333333,20.67,91.6783333333333,1.35666666666667,985.956666666667
2016,254,8,62.7188333333333,142.11,212.496666666667,118.005,21.3416666666667,85.97,4.22333333333333,986.545000000001,62.7188333333333,142.11,212.496666666667,118.005,21.3416666666667,85.97,4.22333333333333,986.545000000001
2016,254,9,52.3436666666667,1.17666666666667,148.546666666667,67.58,20.5,89.2516666666667,6.1,987.86,52.3436666666667,1.17666666666667,148.546666666667,67.58,20.5,89.2516666666667,6.1,987.86
2016,254,10,43.5061666666667,316.053333333333,345.366666666667,253.39,21.345,84.3483333333333,5.76166666666667,988.126666666667,43.5061666666667,316.053333333333,345.366666666667,253.39,21.345,84.3483333333333,5.76166666666667,988.126666666667
2016,254,11,37.471,140.765,439.945,242.736666666667,22.6033333333333,72.7,6.96333333333333,988.243333333334,37.471,140.765,439.945,242.736666666667,22.6033333333333,72.7,6.96333333333333,988.243333333334
2016,254,12,35.739,590.376666666667,257.415,321.236666666667,22.8233333333333,65.78,7.64666666666667,988.8,35.739,590.376666666667,257.415,321.236666666667,22.8233333333333,65.78,7.64666666666667,988.8
2016,254,13,38.89,722.868333333333,206.415,326.628333333333,22.76,60.03,7.935,989.061666666666,38.89,722.868333333333,206.415,326.628333333333,22.76,60.03,7.935,989.061666666666
2016,254,14,45.9273333333333,895.178333333333,83.7966666666667,302.348333333333,22.7516666666667,47.9416666666667,8.935,989.015,45.9273333333333,895.178333333333,83.7966666666667,302.348333333333,22.7516666666667,47.9416666666667,8.935,989.015
2016,254,15,55.3401666666667,662.828333333333,123.473333333333,213.963333333333,22.7933333333333,48.1383333333333,8.28666666666667,988.906666666667,55.3401666666667,662.828333333333,123.473333333333,213.963333333333,22.7933333333333,48.1383333333333,8.28666666666667,988.906666666667
2016,254,16,66.0155,704.72,100.908333333333,161.33,22.6666666666667,47.4333333333333,8.26333333333333,989.098333333333,66.0155,704.72,100.908333333333,161.33,22.6666666666667,47.4333333333333,8.26333333333333,989.098333333333
2016,254,17,77.2693333333333,500.52,52.655,67.3783333333333,21.7366666666667,50.4916666666667,6.19,990.471666666667,77.2693333333333,500.52,52.655,67.3783333333333,21.7366666666667,50.4916666666667,6.19,990.471666666667
2016,254,18,88.6196666666667,145.758333333333,13.065,10.06,19.685,61.8166666666667,3.61666666666667,991.496666666666,88.6196666666667,145.758333333333,13.065,10.06,19.685,61.8166666666667,3.61666666666667,991.496666666666
2016,254,19,100.113833333333,0.348333333333333,-0.4,0,17.4466666666667,73.0366666666667,3.69333333333333,992.525,100.113833333333,0.348333333333333,-0.4,0,17.4466666666667,73.0366666666667,3.69333333333333,992.525
2016,254,20,110.885166666667,0.4,-0.4,0,15.8533333333333,80.955,2.80333333333333,993.686666666667,110.885166666667,0.4,-0.4,0,15.8533333333333,80.955,2.80333333333333,993.686666666667
2016,254,21,120.634,0.398333333333333,-0.393333333333333,0,15.3833333333333,83.5583333333333,2.15166666666667,994.335,120.634,0.398333333333333,-0.393333333333333,0,15.3833333333333,83.5583333333333,2.15166666666667,994.335
2016,254,22,128.631833333333,0.338333333333333,-0.4,0,14.8116666666667,84.7283333333334,2.015,994.763333333335,128.631833333333,0.338333333333333,-0.4,0,14.8116666666667,84.7283333333334,2.015,994.763333333335
2016,254,23,133.874,0.398333333333333,-0.4,0,14.0383333333333,88.6683333333333,1.94333333333333,994.781666666667,133.874,0.398333333333333,-0.4,0,14.0383333333333,88.6683333333333,1.94333333333333,994.781666666667
2016,255,0,135.347166666667,0.4,-0.4,0,13.51,90.6033333333333,1.055,994.938333333332,135.347166666667,0.4,-0.4,0,13.51,90.6033333333333,1.055,994.938333333332
2016,255,1,132.696666666667,0.378333333333333,-0.4,0,13.2133333333333,90.8566666666666,1.815,995.293333333334,132.696666666667,0.378333333333333,-0.4,0,13.2133333333333,90.8566666666666,1.815,995.293333333334
2016,255,2,126.538333333333,0.4,-0.4,0,12.64,92.6666666666667,2.31,995.701666666668,126.538333333333,0.4,-0.4,0,12.64,92.6666666666667,2.31,995.701666666668
2016,255,3,117.940833333333,0.293333333333333,-0.4,0,12.1966666666667,93.405,1.92,996.134999999999,117.940833333333,0.293333333333333,-0.4,0,12.1966666666667,93.405,1.92,996.134999999999
2016,255,4,107.839166666667,0.356666666666667,-0.4,0,11.7733333333333,94.65,1.12105263157895,996.431666666666,107.839166666667,0.356666666666667,-0.4,0,11.7733333333333,94.65,1.12105263157895,996.431666666666
2016,255,5,96.8815,0.331666666666667,0.136666666666667,0.23,11.7533333333333,94.9550000000001,0.843636363636364,996.898333333333,96.8815,0.331666666666667,0.136666666666667,0.23,11.7533333333333,94.9550000000001,0.843636363636364,996.898333333333
2016,255,6,85.2816666666667,0.4,21.305,27.5783333333333,12.12,94.79,0.849019607843137,997.531666666666,85.2816666666667,0.4,21.305,27.5783333333333,12.12,94.79,0.849019607843137,997.531666666666
2016,255,7,74.0238333333333,735.535416666667,43.9466666666667,106.481666666667,14.395,88.6066666666667,0.656666666666667,997.95,74.0238333333333,735.535416666667,43.9466666666667,106.481666666667,14.395,88.6066666666667,0.656666666666667,997.95
2016,255,8,62.9156666666667,851.816666666666,54.7266666666667,186.355,17.63,75.0566666666667,1.01454545454545,998.076666666666,62.9156666666667,851.816666666666,54.7266666666667,186.355,17.63,75.0566666666667,1.01454545454545,998.076666666666
2016,255,9,52.5733333333333,914.688333333333,65.6633333333333,262.065,20.7033333333333,58.4816666666667,1.26037735849057,998.058333333334,52.5733333333333,914.688333333333,65.6633333333333,262.065,20.7033333333333,58.4816666666667,1.26037735849057,998.058333333334
2016,255,10,43.787,932.62,82.2016666666666,319.095,21.485,43.5666666666667,1.44166666666667,997.868333333334,43.787,932.62,82.2016666666666,319.095,21.485,43.5666666666667,1.44166666666667,997.868333333334
2016,255,11,37.8115,969.248333333333,69.67,352.886666666667,22.435,40.6466666666667,1.43166666666667,997.510000000001,37.8115,969.248333333333,69.67,352.886666666667,22.435,40.6466666666667,1.43166666666667,997.510000000001
2016,255,12,36.1223333333333,973.63,68.7,361.23,23.1416666666667,38.5483333333333,1.63,996.843333333334,36.1223333333333,973.63,68.7,361.23,23.1416666666667,38.5483333333333,1.63,996.843333333334
2016,255,13,39.2755,966.983333333333,66.805,344.158620689655,23.84,35.1133333333333,1.465,995.886666666666,39.2755,966.983333333333,66.805,344.158620689655,23.84,35.1133333333333,1.465,995.886666666666
2016,255,14,46.2906666666667,936.995,68.3033333333333,303.253333333333,24.52,32.805,1.345,995.293333333333,46.2906666666667,936.995,68.3033333333333,303.253333333333,24.52,32.805,1.345,995.293333333333
2016,255,15,55.6781666666667,889.368333333333,64.6183333333333,239.7,24.9066666666667,31.4533333333333,1.61333333333333,994.693333333333,55.6781666666667,889.368333333333,64.6183333333333,239.7,24.9066666666667,31.4533333333333,1.61333333333333,994.693333333333
2016,255,16,66.337,803.776666666667,53.6066666666667,158.366666666667,24.8666666666667,32.9416666666667,1.26779661016949,994.336666666667,66.337,803.776666666667,53.6066666666667,158.366666666667,24.8666666666667,32.9416666666667,1.26779661016949,994.336666666667
2016,255,17,77.5811666666667,621.881666666667,40.2866666666666,73.2916666666667,24.1483333333333,38.5716666666667,2.03333333333333,994.191666666666,77.5811666666667,621.881666666667,40.2866666666666,73.2916666666667,24.1483333333333,38.5716666666667,2.03333333333333,994.191666666666
2016,255,18,88.9276666666667,173.791666666667,10.99,9.84166666666667,22.2266666666667,46.9183333333333,2.19333333333333,994.198333333332,88.9276666666667,173.791666666667,10.99,9.84166666666667,22.2266666666667,46.9183333333333,2.19333333333333,994.198333333332
2016,255,19,100.434666666667,0.4,-0.4,0,20.7966666666667,49.555,2.79,994.370000000001,100.434666666667,0.4,-0.4,0,20.7966666666667,49.555,2.79,994.370000000001
2016,255,20,111.221166666667,0.343333333333333,-0.4,0,18.1883333333333,63.835,3.14666666666667,994.726666666668,111.221166666667,0.343333333333333,-0.4,0,18.1883333333333,63.835,3.14666666666667,994.726666666668
2016,255,21,120.991333333333,0.371666666666667,-0.4,0,16.87,70.46,3.07,995.113333333332,120.991333333333,0.371666666666667,-0.4,0,16.87,70.46,3.07,995.113333333332
2016,255,22,129.011,0.351666666666667,-0.4,0,15.4566666666667,80.7766666666667,2.56166666666667,995.290000000001,129.011,0.351666666666667,-0.4,0,15.4566666666667,80.7766666666667,2.56166666666667,995.290000000001
2016,255,23,134.265166666667,0.311666666666667,-0.4,0,15.0866666666667,82.785,2.26833333333333,995.151666666666,134.265166666667,0.311666666666667,-0.4,0,15.0866666666667,82.785,2.26833333333333,995.151666666666
2016,256,0,135.723833333333,0.103333333333333,-0.391666666666666,0,14.7633333333333,83.0316666666667,2.265,995.099999999999,135.723833333333,0.103333333333333,-0.391666666666666,0,14.7633333333333,83.0316666666667,2.265,995.099999999999
2016,256,1,133.030833333333,0.396666666666666,-0.4,0,13.845,86.975,1.50333333333333,994.890000000001,133.030833333333,0.396666666666666,-0.4,0,13.845,86.975,1.50333333333333,994.890000000001
2016,256,2,126.821,0.346666666666667,-0.4,0,14,86.765,1.40833333333333,994.709999999999,126.821,0.346666666666667,-0.4,0,14,86.765,1.40833333333333,994.709999999999
2016,256,3,118.1795,0.326666666666667,-0.4,0,13.6983333333333,87.68,1.36333333333333,994.706666666666,118.1795,0.326666666666667,-0.4,0,13.6983333333333,87.68,1.36333333333333,994.706666666666
2016,256,4,108.045166666667,0.316666666666667,-0.4,0,13.2033333333333,87.9733333333333,1.92833333333333,994.730000000001,108.045166666667,0.316666666666667,-0.4,0,13.2033333333333,87.9733333333333,1.92833333333333,994.730000000001
2016,256,5,97.0668333333333,0.34,0.0933333333333331,0.205,13.2316666666667,86.4066666666667,2.06333333333333,994.958333333333,97.0668333333333,0.34,0.0933333333333331,0.205,13.2316666666667,86.4066666666667,2.06333333333333,994.958333333333
2016,256,6,85.461,390.876470588235,19.9116666666667,27.18,13.0716666666667,86.63,1.20666666666667,995.325000000001,85.461,390.876470588235,19.9116666666667,27.18,13.0716666666667,86.63,1.20666666666667,995.325000000001
2016,256,7,74.205,706.463333333333,43.9416666666666,103.755,15.1616666666667,84.865,2.09333333333333,995.49,74.205,706.463333333333,43.9416666666666,103.755,15.1616666666667,84.865,2.09333333333333,995.49
2016,256,8,63.1148333333333,839.873333333333,56.925,183.465,18.1233333333333,76.6016666666667,2.65833333333333,995.471666666667,63.1148333333333,839.873333333333,56.925,183.465,18.1233333333333,76.6016666666667,2.65833333333333,995.471666666667
2016,256,9,52.8061666666667,901.93,65.2333333333333,257.855,21.1933333333333,62.115,3.40833333333333,995.498333333334,52.8061666666667,901.93,65.2333333333333,257.855,21.1933333333333,62.115,3.40833333333333,995.498333333334
2016,256,10,44.0696666666667,930.681666666667,73.915,314.18,23.34,47.2283333333333,4.185,995.14,44.0696666666667,930.681666666667,73.915,314.18,23.34,47.2283333333333,4.185,995.14
2016,256,11,38.1536666666667,956.56,75.1133333333333,349.428333333333,24.1216666666667,42.5783333333333,4.88,994.41,38.1536666666667,956.56,75.1133333333333,349.428333333333,24.1216666666667,42.5783333333333,4.88,994.41
2016,256,12,36.5058333333333,949.39,78.3366666666667,356.295,24.9233333333333,40.545,4.695,993.829999999999,36.5058333333333,949.39,78.3366666666667,356.295,24.9233333333333,40.545,4.695,993.829999999999
2016,256,13,39.6626666666667,935.693333333333,79.7183333333333,338.95,25.36,39.7283333333333,4.56666666666667,993.215,39.6626666666667,935.693333333333,79.7183333333333,338.95,25.36,39.7283333333333,4.56666666666667,993.215
2016,256,14,46.656,911.968333333333,75.5983333333333,297.005,25.7283333333333,38.5266666666667,4.735,992.488333333333,46.656,911.968333333333,75.5983333333333,297.005,25.7283333333333,38.5266666666667,4.735,992.488333333333
2016,256,15,56.0185,873.358333333333,68.045,234.743333333333,25.9483333333333,37.845,4.48166666666667,991.978333333334,56.0185,873.358333333333,68.045,234.743333333333,25.9483333333333,37.845,4.48166666666667,991.978333333334
2016,256,16,66.6595,753.628333333333,63.7916666666667,152.196666666667,25.795,40.4016666666667,3.945,991.808333333334,66.6595,753.628333333333,63.7916666666667,152.196666666667,25.795,40.4016666666667,3.945,991.808333333334
2016,256,17,77.8936666666667,471.276666666667,46.1966666666667,62.0916666666667,24.5733333333333,47.2166666666667,3.54,991.693333333333,77.8936666666667,471.276666666667,46.1966666666667,62.0916666666667,24.5733333333333,47.2166666666667,3.54,991.693333333333
2016,256,18,89.2508333333333,5.11499999999999,8.04,4.595,22.2,58.045,2.96666666666667,991.755000000001,89.2508333333333,5.11499999999999,8.04,4.595,22.2,58.045,2.96666666666667,991.755000000001
2016,256,19,100.756833333333,0.256666666666667,-0.4,0,20.7266666666667,63.3966666666667,3.07666666666667,992.178333333333,100.756833333333,0.256666666666667,-0.4,0,20.7266666666667,63.3966666666667,3.07666666666667,992.178333333333
2016,256,20,111.558,0.4,-0.4,0,19.585,68.965,2.37,992.830000000001,111.558,0.4,-0.4,0,19.585,68.965,2.37,992.830000000001
2016,256,21,121.349,0.273333333333333,-0.4,0,18.1916666666667,75.4533333333333,2.775,993.103333333333,121.349,0.273333333333333,-0.4,0,18.1916666666667,75.4533333333333,2.775,993.103333333333
2016,256,22,129.390833333333,0.335,-0.4,0,17.5433333333333,77.195,2.75166666666667,993.271666666668,129.390833333333,0.335,-0.4,0,17.5433333333333,77.195,2.75166666666667,993.271666666668
2016,256,23,134.6565,0.126666666666667,-0.4,0,16.5516666666667,82.0066666666667,2.69666666666667,993.153333333332,134.6565,0.126666666666667,-0.4,0,16.5516666666667,82.0066666666667,2.69666666666667,993.153333333332
2016,257,0,136.1,0.165,-0.4,0,15.87,84.9466666666667,2.67666666666667,992.886666666667,136.1,0.165,-0.4,0,15.87,84.9466666666667,2.67666666666667,992.886666666667
2016,257,1,133.365833333333,0.381666666666666,-0.396666666666666,0,15.6083333333333,85.76,1.635,992.734999999999,133.365833333333,0.381666666666666,-0.396666666666666,0,15.6083333333333,85.76,1.635,992.734999999999
2016,257,2,127.105333333333,0.4,-0.4,0,15.44,87.0266666666667,2.08666666666667,992.684999999999,127.105333333333,0.4,-0.4,0,15.44,87.0266666666667,2.08666666666667,992.684999999999
2016,257,3,118.417333333333,0.333333333333333,-0.398333333333333,0,14.9816666666667,88.3366666666667,2.46666666666667,992.656666666666,118.417333333333,0.333333333333333,-0.398333333333333,0,14.9816666666667,88.3366666666667,2.46666666666667,992.656666666666
2016,257,4,108.249833333333,0.271666666666667,-0.4,0,14.5833333333333,89.5433333333333,2.34166666666667,992.623333333333,108.249833333333,0.271666666666667,-0.4,0,14.5833333333333,89.5433333333333,2.34166666666667,992.623333333333
2016,257,5,97.2528333333333,0.303333333333333,0.00499999999999985,0.146666666666667,14.4083333333333,90.32,2.31,992.881666666667,97.2528333333333,0.303333333333333,0.00499999999999985,0.146666666666667,14.4083333333333,90.32,2.31,992.881666666667
2016,257,6,85.6411666666667,156.608333333333,19.9816666666667,19.19,14.3666666666667,90.6733333333333,2.06666666666667,993.448333333333,85.6411666666667,156.608333333333,19.9816666666667,19.19,14.3666666666667,90.6733333333333,2.06666666666667,993.448333333333
2016,257,7,74.3873333333333,579.266666666667,72.385,98.3416666666667,16.805,86.0316666666667,2.055,993.838333333334,74.3873333333333,579.266666666667,72.385,98.3416666666667,16.805,86.0316666666667,2.055,993.838333333334
2016,257,8,63.3156666666667,399.146666666667,155.971666666667,145.431666666667,20.1966666666667,71.6333333333333,3.34333333333333,994.181666666667,63.3156666666667,399.146666666667,155.971666666667,145.431666666667,20.1966666666667,71.6333333333333,3.34333333333333,994.181666666667
2016,257,9,53.0398333333333,282.646666666667,237.306666666667,174.116666666667,22.7216666666667,61.59,3.20833333333333,994.606666666667,53.0398333333333,282.646666666667,237.306666666667,174.116666666667,22.7216666666667,61.59,3.20833333333333,994.606666666667
2016,257,10,44.3543333333333,463.54,298.855,272.781666666667,25.1083333333333,56.6733333333333,3.45,994.401666666668,44.3543333333333,463.54,298.855,272.781666666667,25.1083333333333,56.6733333333333,3.45,994.401666666668
2016,257,11,38.4978333333333,495.248333333333,293.981666666667,294.418333333333,26.285,55.9716666666667,3.87666666666667,994.229999999999,38.4978333333333,495.248333333333,293.981666666667,294.418333333333,26.285,55.9716666666667,3.87666666666667,994.229999999999
2016,257,12,36.8915,245.131666666667,378.243333333333,246.906666666667,27.135,55.2366666666667,3.91666666666667,993.903333333335,36.8915,245.131666666667,378.243333333333,246.906666666667,27.135,55.2366666666667,3.91666666666667,993.903333333335
2016,257,13,40.0508333333333,181.048333333333,351.105,211.451666666667,27.3616666666667,54.9533333333333,3.77666666666667,993.596666666667,40.0508333333333,181.048333333333,351.105,211.451666666667,27.3616666666667,54.9533333333333,3.77666666666667,993.596666666667
2016,257,14,47.023,791.276666666667,145.033333333333,293.313333333333,28.7266666666667,47.5083333333333,3.60333333333333,992.891666666667,47.023,791.276666666667,145.033333333333,293.313333333333,28.7266666666667,47.5083333333333,3.60333333333333,992.891666666667
2016,257,15,56.3601666666667,770.621666666667,131.701666666667,238.868333333333,29.7566666666667,41.695,4.22833333333333,992.243333333332,56.3601666666667,770.621666666667,131.701666666667,238.868333333333,29.7566666666667,41.695,4.22833333333333,992.243333333332
2016,257,16,66.9835,615.92,101.255,145.278333333333,29.7016666666667,43.4666666666667,3.82333333333333,991.960000000001,66.9835,615.92,101.255,145.278333333333,29.7016666666667,43.4666666666667,3.82333333333333,991.960000000001
2016,257,17,78.2066666666667,402.256666666667,62.5616666666666,60.6566666666667,29.1283333333333,47.25,2.55166666666666,991.888333333335,78.2066666666667,402.256666666667,62.5616666666666,60.6566666666667,29.1283333333333,47.25,2.55166666666666,991.888333333335
2016,257,18,89.5738333333333,50.2316666666667,12.355,5.87115384615385,25.8083333333333,65.7333333333333,2.33166666666667,992.32,89.5738333333333,50.2316666666667,12.355,5.87115384615385,25.8083333333333,65.7333333333333,2.33166666666667,992.32
2016,257,19,101.078833333333,0.473333333333333,-0.4,0,24.0716666666667,73.8933333333333,2.13333333333333,993.143333333333,101.078833333333,0.473333333333333,-0.4,0,24.0716666666667,73.8933333333333,2.13333333333333,993.143333333333
2016,257,20,111.8955,0.381666666666666,-0.323333333333333,0,23.345,77.5216666666667,0.99,993.861666666667,111.8955,0.381666666666666,-0.323333333333333,0,23.345,77.5216666666667,0.99,993.861666666667
2016,257,21,121.707166666667,0.4,-0.4,0,22.775,79.995,1.55166666666667,994.23,121.707166666667,0.4,-0.4,0,22.775,79.995,1.55166666666667,994.23
2016,257,22,129.772166666667,0.4,-0.371666666666666,0,22.0116666666667,84.5833333333333,1.62666666666667,994.673333333332,129.772166666667,0.4,-0.371666666666666,0,22.0116666666667,84.5833333333333,1.62666666666667,994.673333333332
2016,257,23,135.048333333333,0.298333333333333,-0.26,0,22.13,81.7883333333334,1.715,994.991666666667,135.048333333333,0.298333333333333,-0.26,0,22.13,81.7883333333334,1.715,994.991666666667
2016,258,0,136.4785,0.398333333333333,-0.34,0,21.625,83.7916666666667,1.94333333333333,995.176666666667,136.4785,0.398333333333333,-0.34,0,21.625,83.7916666666667,1.94333333333333,995.176666666667
2016,258,1,133.7015,0.4,-0.4,0,20.6066666666667,89.5,2.72333333333333,995.353333333333,133.7015,0.4,-0.4,0,20.6066666666667,89.5,2.72333333333333,995.353333333333
2016,258,2,127.388,0.4,-0.4,0,20.2616666666667,91.5399999999999,1.325,995.265000000001,127.388,0.4,-0.4,0,20.2616666666667,91.5399999999999,1.325,995.265000000001
2016,258,3,118.654666666667,0.396666666666666,-0.335,0,19.9316666666666,94.0366666666667,3.71166666666667,995.78,118.654666666667,0.396666666666666,-0.335,0,19.9316666666666,94.0366666666667,3.71166666666667,995.78
2016,258,4,108.454666666667,0.398333333333333,-0.14,0,19.5133333333333,95.4266666666666,2.73666666666667,995.718333333333,108.454666666667,0.398333333333333,-0.14,0,19.5133333333333,95.4266666666666,2.73666666666667,995.718333333333
2016,258,5,97.4385,0.313333333333333,0.085,0.0416666666666667,19.37,95.195,1.22666666666667,996.251666666667,97.4385,0.313333333333333,0.085,0.0416666666666667,19.37,95.195,1.22666666666667,996.251666666667
2016,258,6,85.8226666666667,2.83166666666667,17.1116666666667,7.15964912280702,19.515,95.0133333333333,1.86833333333333,996.671666666667,85.8226666666667,2.83166666666667,17.1116666666667,7.15964912280702,19.515,95.0133333333333,1.86833333333333,996.671666666667
2016,258,7,74.5703333333333,0.886666666666666,94.44,40.495,19.885,94.64,2.295,996.973333333333,74.5703333333333,0.886666666666666,94.44,40.495,19.885,94.64,2.295,996.973333333333
2016,258,8,63.5171666666667,0.776666666666667,196.655,84.6166666666667,20.6633333333333,92.0766666666666,3.21,997.514999999999,63.5171666666667,0.776666666666667,196.655,84.6166666666667,20.6633333333333,92.0766666666666,3.21,997.514999999999
2016,258,9,53.2755,9.185,264.621666666667,115.515,21.3433333333333,87.3166666666667,3.90166666666667,997.908333333334,53.2755,9.185,264.621666666667,115.515,21.3433333333333,87.3166666666667,3.90166666666667,997.908333333334
2016,258,10,44.642,18.665,314.523333333333,140.528333333333,22.3183333333333,81.5916666666667,2.29833333333333,997.988333333334,44.642,18.665,314.523333333333,140.528333333333,22.3183333333333,81.5916666666667,2.29833333333333,997.988333333334
2016,258,11,38.8435,128.695,397.928333333333,213.786666666667,23.8533333333333,73.01,2.04833333333333,997.596666666667,38.8435,128.695,397.928333333333,213.786666666667,23.8533333333333,73.01,2.04833333333333,997.596666666667
2016,258,12,37.2771666666667,198.526666666667,381.03,240.748333333333,24.8033333333333,67.345,2.43833333333333,996.995,37.2771666666667,198.526666666667,381.03,240.748333333333,24.8033333333333,67.345,2.43833333333333,996.995
2016,258,13,40.4406666666667,373.116666666667,298.956666666667,254.916666666667,25.6733333333333,61.76,2.95333333333333,996.155,40.4406666666667,373.116666666667,298.956666666667,254.916666666667,25.6733333333333,61.76,2.95333333333333,996.155
2016,258,14,47.3898333333333,167.61,303.031666666667,180.678333333333,26.035,58.8233333333334,3.13,995.556666666667,47.3898333333333,167.61,303.031666666667,180.678333333333,26.035,58.8233333333334,3.13,995.556666666667
2016,258,15,56.7035,33.7066666666667,227.543333333333,107.66,25.9283333333333,59.6583333333333,3.98833333333333,995.376666666667,56.7035,33.7066666666667,227.543333333333,107.66,25.9283333333333,59.6583333333333,3.98833333333333,995.376666666667
2016,258,16,67.3085,385.066666666667,150.14,128.846666666667,25.3683333333333,62.5,5.25833333333333,995.496666666666,67.3085,385.066666666667,150.14,128.846666666667,25.3683333333333,62.5,5.25833333333333,995.496666666666
2016,258,17,78.5211666666667,120.578333333333,67.525,38.8383333333334,24.3483333333333,63.3766666666667,4.15,995.816666666667,78.5211666666667,120.578333333333,67.525,38.8383333333334,24.3483333333333,63.3766666666667,4.15,995.816666666667
2016,258,18,89.884,36.2900000000001,11.045,5.94333333333333,23.1716666666666,67.3416666666667,2.82,995.706666666666,89.884,36.2900000000001,11.045,5.94333333333333,23.1716666666666,67.3416666666667,2.82,995.706666666666
2016,258,19,101.4025,0.4,-0.4,0,21.4433333333333,74.84,2.52833333333333,995.845,101.4025,0.4,-0.4,0,21.4433333333333,74.84,2.52833333333333,995.845
2016,258,20,112.233666666667,0.4,-0.4,0,20.5816666666667,78.7066666666666,2.03166666666667,996.584999999999,112.233666666667,0.4,-0.4,0,20.5816666666667,78.7066666666666,2.03166666666667,996.584999999999
2016,258,21,122.066666666667,0.258333333333333,-0.38,0,19.785,82.5816666666667,2.64166666666667,996.693333333333,122.066666666667,0.258333333333333,-0.38,0,19.785,82.5816666666667,2.64166666666667,996.693333333333
2016,258,22,130.153833333333,0.355,-0.4,0,19.1333333333333,86.4483333333333,2.24166666666667,997.041666666666,130.153833333333,0.355,-0.4,0,19.1333333333333,86.4483333333333,2.24166666666667,997.041666666666
2016,258,23,135.442,0.203333333333333,-0.356666666666667,0,18.61,89.0966666666666,2.24666666666667,997.158333333332,135.442,0.203333333333333,-0.356666666666667,0,18.61,89.0966666666666,2.24666666666667,997.158333333332
2016,259,0,136.8565,-0.251666666666667,-0.3,0,19.39,88.2483333333333,2.935,997.098333333333,136.8565,-0.251666666666667,-0.3,0,19.39,88.2483333333333,2.935,997.098333333333
2016,259,1,134.036666666667,0.0733333333333333,-0.4,0,18.9816666666667,90.16,3.15833333333333,996.839999999999,134.036666666667,0.0733333333333333,-0.4,0,18.9816666666667,90.16,3.15833333333333,996.839999999999
2016,259,2,127.67,0.101666666666667,-0.4,0,18.455,92.17,2.50666666666667,996.733333333332,127.67,0.101666666666667,-0.4,0,18.455,92.17,2.50666666666667,996.733333333332
2016,259,3,118.891166666667,4.62592926927149e-19,-0.376666666666667,0,18.0383333333333,93.6083333333333,2.32,996.908333333334,118.891166666667,4.62592926927149e-19,-0.376666666666667,0,18.0383333333333,93.6083333333333,2.32,996.908333333334
2016,259,4,108.659666666667,0.0266666666666667,-0.385,0,17.8233333333333,94.5716666666667,2.32666666666667,996.836666666667,108.659666666667,0.0266666666666667,-0.385,0,17.8233333333333,94.5716666666667,2.32666666666667,996.836666666667
2016,259,5,97.624,0.00166666666666667,-0.128333333333334,0.0666666666666667,17.7933333333333,94.74,2.81833333333333,996.831666666668,97.624,0.00166666666666667,-0.128333333333334,0.0666666666666667,17.7933333333333,94.74,2.81833333333333,996.831666666668
2016,259,6,86.0041666666667,17.3283333333333,36.8216666666667,15.4466666666667,17.7266666666667,94.655,2.405,997.295,86.0041666666667,17.3283333333333,36.8216666666667,15.4466666666667,17.7266666666667,94.655,2.405,997.295
2016,259,7,74.7543333333333,34.9566666666667,114.241666666667,53.3583333333333,18.2566666666667,92.995,3.47,997.488333333333,74.7543333333333,34.9566666666667,114.241666666667,53.3583333333333,18.2566666666667,92.995,3.47,997.488333333333
2016,259,8,63.7211666666667,187.96,205.086666666667,126.728333333333,19.1016666666667,89.0716666666666,4.17333333333333,997.423333333334,63.7211666666667,187.96,205.086666666667,126.728333333333,19.1016666666667,89.0716666666666,4.17333333333333,997.423333333334
2016,259,9,53.514,131.283333333333,318.39,170.421666666667,20.8866666666667,81.9133333333333,3.42833333333333,997.431666666667,53.514,131.283333333333,318.39,170.421666666667,20.8866666666667,81.9133333333333,3.42833333333333,997.431666666667
2016,259,10,44.9295,457.463333333333,242.003333333333,248.715,23.1383333333333,73.4,3.215,997.111666666667,44.9295,457.463333333333,242.003333333333,248.715,23.1383333333333,73.4,3.215,997.111666666667
2016,259,11,39.1908333333333,635.973333333333,230.011666666667,315.898333333333,25.5133333333333,63.4783333333333,3.18,996.385,39.1908333333333,635.973333333333,230.011666666667,315.898333333333,25.5133333333333,63.4783333333333,3.18,996.385
2016,259,12,37.665,393.605,297.41,256.509259259259,26.665,58.1133333333333,2.84833333333333,995.536666666667,37.665,393.605,297.41,256.509259259259,26.665,58.1133333333333,2.84833333333333,995.536666666667
2016,259,13,40.8305,325.376666666667,314.305,237.056666666667,26.94,57.315,3.24,994.543333333333,40.8305,325.376666666667,314.305,237.056666666667,26.94,57.315,3.24,994.543333333333
2016,259,14,47.7585,445.038333333333,274.816666666667,248.037288135593,27.7083333333333,53.545,3.41,993.66,47.7585,445.038333333333,274.816666666667,248.037288135593,27.7083333333333,53.545,3.41,993.66
2016,259,15,57.0476666666667,241.615,163.32,126.613559322034,27.565,53.4133333333333,3.42666666666667,993.111666666667,57.0476666666667,241.615,163.32,126.613559322034,27.565,53.4133333333333,3.42666666666667,993.111666666667
2016,259,16,67.6348333333333,24.2683333333333,113.683333333333,55.5666666666667,27.3283333333333,54.89,2.93,993.086666666666,67.6348333333333,24.2683333333333,113.683333333333,55.5666666666667,27.3283333333333,54.89,2.93,993.086666666666
2016,259,17,78.8356666666667,16.6866666666667,51.5966666666667,23.2224137931035,26.3633333333333,60.2,2.61,993.2,78.8356666666667,16.6866666666667,51.5966666666667,23.2224137931035,26.3633333333333,60.2,2.61,993.2
2016,259,18,90.2103333333333,18.3633333333334,12.6383333333333,5.69333333333333,24.8683333333333,67.43,2.88,993.148333333333,90.2103333333333,18.3633333333334,12.6383333333333,5.69333333333333,24.8683333333333,67.43,2.88,993.148333333333
2016,259,19,101.726166666667,0.3,-0.4,0,22.6166666666667,78.0333333333333,2.76833333333333,993.236666666667,101.726166666667,0.3,-0.4,0,22.6166666666667,78.0333333333333,2.76833333333333,993.236666666667
2016,259,20,112.571333333333,0.336666666666667,-0.4,0,21.4783333333333,82.7783333333333,2.70833333333333,993.298333333334,112.571333333333,0.336666666666667,-0.4,0,21.4783333333333,82.7783333333333,2.70833333333333,993.298333333334
2016,259,21,122.426166666667,0.0749999999999999,-0.398333333333333,0,20.9633333333333,84.6466666666667,2.65833333333333,993.213333333333,122.426166666667,0.0749999999999999,-0.398333333333333,0,20.9633333333333,84.6466666666667,2.65833333333333,993.213333333333
2016,259,22,130.536,-0.141666666666667,-0.4,0,21.1566666666667,84.2233333333333,2.91833333333333,993.32,130.536,-0.141666666666667,-0.4,0,21.1566666666667,84.2233333333333,2.91833333333333,993.32
2016,259,23,135.836,0.136666666666667,-0.4,0,20.9233333333333,85.0833333333333,3.085,993.043333333333,135.836,0.136666666666667,-0.4,0,20.9233333333333,85.0833333333333,3.085,993.043333333333
2016,260,0,137.236,0.16,-0.4,0,20.4916666666667,86.9166666666666,3.075,992.605,137.236,0.16,-0.4,0,20.4916666666667,86.9166666666666,3.075,992.605
2016,260,1,134.371833333333,0.208333333333333,-0.4,0,19.9883333333333,88.73,3.06166666666667,992.341666666667,134.371833333333,0.208333333333333,-0.4,0,19.9883333333333,88.73,3.06166666666667,992.341666666667
2016,260,2,127.953,0.0716666666666666,-0.4,0,19.56,90.3633333333334,2.93166666666667,992.228333333333,127.953,0.0716666666666666,-0.4,0,19.56,90.3633333333334,2.93166666666667,992.228333333333
2016,260,3,119.129166666667,0.105,-0.4,0,19.1766666666667,91.5183333333333,3.20333333333333,991.841666666666,119.129166666667,0.105,-0.4,0,19.1766666666667,91.5183333333333,3.20333333333333,991.841666666666
2016,260,4,108.8655,-0.0666666666666667,-0.4,0,19.0933333333333,91.6266666666666,3.51833333333333,991.593333333332,108.8655,-0.0666666666666667,-0.4,0,19.0933333333333,91.6266666666666,3.51833333333333,991.593333333332
2016,260,5,97.8101666666667,0.02,-0.0783333333333334,0.045,18.8466666666667,92.285,2.85833333333333,991.861666666667,97.8101666666667,0.02,-0.0783333333333334,0.045,18.8466666666667,92.285,2.85833333333333,991.861666666667
2016,260,6,86.1861666666667,6.26833333333333,20.0583333333333,9.38490566037736,19.1616666666667,91.48,2.45333333333333,992.445,86.1861666666667,6.26833333333333,20.0583333333333,9.38490566037736,19.1616666666667,91.48,2.45333333333333,992.445
2016,260,7,74.9396666666667,11.1133333333333,100.678333333333,45.11,20.12,88.3366666666667,3.31833333333333,992.146666666666,74.9396666666667,11.1133333333333,100.678333333333,45.11,20.12,88.3366666666667,3.31833333333333,992.146666666666
2016,260,8,63.9256666666667,18.5783333333334,191.975,87.8,22.0883333333333,81.1483333333333,3.59,991.896666666667,63.9256666666667,18.5783333333334,191.975,87.8,22.0883333333333,81.1483333333333,3.59,991.896666666667
2016,260,9,53.7538333333333,12.39,227.123333333333,104.523333333333,23.715,75.55,4.195,991.808333333334,53.7538333333333,12.39,227.123333333333,104.523333333333,23.715,75.55,4.195,991.808333333334
2016,260,10,45.2205,0.53,83.73,41.33,23.395,78.5316666666667,4.5,992.106666666667,45.2205,0.53,83.73,41.33,23.395,78.5316666666667,4.5,992.106666666667
2016,260,11,39.5396666666667,0.351666666666667,70.9466666666667,36.9583333333333,21.4,91.91,3.83,992.179999999999,39.5396666666667,0.351666666666667,70.9466666666667,36.9583333333333,21.4,91.91,3.83,992.179999999999
2016,260,12,38.0543333333333,0.398333333333333,136.198333333333,65.9716666666666,21.48,92.9266666666667,3.82666666666667,991.643333333333,38.0543333333333,0.398333333333333,136.198333333333,65.9716666666666,21.48,92.9266666666667,3.82666666666667,991.643333333333
2016,260,13,41.222,0.196666666666667,124.13,60.2,21.4933333333333,91.8216666666667,4.94,990.409999999999,41.222,0.196666666666667,124.13,60.2,21.4933333333333,91.8216666666667,4.94,990.409999999999
2016,260,14,48.1278333333333,148.951666666667,295.09,174.106666666667,22.2033333333333,89.575,5.3,988.798333333334,48.1278333333333,148.951666666667,295.09,174.106666666667,22.2033333333333,89.575,5.3,988.798333333334
2016,260,15,57.3925,575.001666666667,168.591666666667,211.785,24.105,77.98,5.87166666666667,987.946666666667,57.3925,575.001666666667,168.591666666667,211.785,24.105,77.98,5.87166666666667,987.946666666667
2016,260,16,67.9611666666667,67.5966666666667,161.7,82.5916666666667,24.4383333333333,76.4816666666667,4.44666666666667,988.066666666666,67.9611666666667,67.5966666666667,161.7,82.5916666666667,24.4383333333333,76.4816666666667,4.44666666666667,988.066666666666
2016,260,17,79.1511666666667,1.38666666666667,59.5916666666667,26.4883333333333,24.0366666666667,79.6083333333333,2.94833333333333,988.263333333333,79.1511666666667,1.38666666666667,59.5916666666667,26.4883333333333,24.0366666666667,79.6083333333333,2.94833333333333,988.263333333333
2016,260,18,90.5368333333333,0.4,4.20666666666667,1.94333333333333,23.195,84.475,1.96,989.001666666667,90.5368333333333,0.4,4.20666666666667,1.94333333333333,23.195,84.475,1.96,989.001666666667
2016,260,19,102.051,0.4,-0.4,0,22.245,88.8333333333333,2.455,989.850000000001,102.051,0.4,-0.4,0,22.245,88.8333333333333,2.455,989.850000000001
2016,260,20,112.910333333333,-0.126666666666667,-0.211666666666667,0,22.25,90.3433333333333,3.78333333333333,990.315,112.910333333333,-0.126666666666667,-0.211666666666667,0,22.25,90.3433333333333,3.78333333333333,990.315
2016,260,21,122.786166666667,-0.233333333333333,-0.383333333333333,0,22.145,90.875,3.01,990.23,122.786166666667,-0.233333333333333,-0.383333333333333,0,22.145,90.875,3.01,990.23
2016,260,22,130.919333333333,-0.0983333333333333,-0.336666666666667,0,21.7383333333333,93.705,2.26666666666667,989.913333333334,130.919333333333,-0.0983333333333333,-0.336666666666667,0,21.7383333333333,93.705,2.26666666666667,989.913333333334
2016,260,23,136.231833333333,0.0783333333333333,-0.34,0,21.3066666666667,93.6866666666667,2.41333333333333,989.713333333333,136.231833333333,0.0783333333333333,-0.34,0,21.3066666666667,93.6866666666667,2.41333333333333,989.713333333333
2016,261,0,137.615,0.115,-0.365,0,20.8416666666666,93.9566666666666,2.71333333333333,989.236666666667,137.615,0.115,-0.365,0,20.8416666666666,93.9566666666666,2.71333333333333,989.236666666667
2016,261,1,134.706666666667,0.108333333333333,-0.22,0,20.4416666666667,93.5183333333333,2.62166666666667,988.905,134.706666666667,0.108333333333333,-0.22,0,20.4416666666667,93.5183333333333,2.62166666666667,988.905
2016,261,2,128.234333333333,0.378333333333333,-0.0116666666666667,0,20.05,94.2566666666667,0.595,988.618333333334,128.234333333333,0.378333333333333,-0.0116666666666667,0,20.05,94.2566666666667,0.595,988.618333333334
2016,261,3,119.365333333333,0.398333333333333,0,0,19.9133333333333,94.385,0.603333333333333,988.138333333333,119.365333333333,0.398333333333333,0,0,19.9133333333333,94.385,0.603333333333333,988.138333333333
2016,261,4,109.0695,0.4,0,0,19.77,94.65,1.605,988.196666666667,109.0695,0.4,0,0,19.77,94.65,1.605,988.196666666667
2016,261,5,97.9976666666667,0.255,0.04,0.00166666666666667,19.9483333333333,92.7483333333333,1.80333333333333,988.403333333334,97.9976666666667,0.255,0.04,0.00166666666666667,19.9483333333333,92.7483333333333,1.80333333333333,988.403333333334
2016,261,6,86.3691666666667,0.005,6.31166666666667,2.83,20.05,95.6049999999999,2.1,988.945,86.3691666666667,0.005,6.31166666666667,2.83,20.05,95.6049999999999,2.1,988.945
2016,261,7,75.1255,2.30333333333333,48.7233333333333,22.06,20.3316666666667,95.3333333333333,2.30166666666667,989.325000000001,75.1255,2.30333333333333,48.7233333333333,22.06,20.3316666666667,95.3333333333333,2.30166666666667,989.325000000001
2016,261,8,64.1315,25.6366666666667,170.965,79.6966666666667,20.945,91.4933333333333,2.25666666666667,989.453333333333,64.1315,25.6366666666667,170.965,79.6966666666667,20.945,91.4933333333333,2.25666666666667,989.453333333333
2016,261,9,53.9956666666667,577.386666666667,187.643333333333,235.735593220339,22.4933333333333,81.0416666666667,3.06166666666667,989.729999999999,53.9956666666667,577.386666666667,187.643333333333,235.735593220339,22.4933333333333,81.0416666666667,3.06166666666667,989.729999999999
2016,261,10,45.513,503.26,257.856666666667,266.823333333333,23.7,70.33,4.71833333333334,989.708333333332,45.513,503.26,257.856666666667,266.823333333333,23.7,70.33,4.71833333333334,989.708333333332
2016,261,11,39.8898333333333,588.768333333333,251.241666666667,306.836666666667,24.325,65.8766666666667,5.13666666666667,989.538333333333,39.8898333333333,588.768333333333,251.241666666667,306.836666666667,24.325,65.8766666666667,5.13666666666667,989.538333333333
2016,261,12,38.4443333333333,764.353333333333,215.99,353.313333333333,25.0266666666667,61.145,5.14166666666667,989.293333333333,38.4443333333333,764.353333333333,215.99,353.313333333333,25.0266666666667,61.145,5.14166666666667,989.293333333333
2016,261,13,41.6141666666667,586.938333333333,216.156666666667,284.363333333333,25.67,57.245,4.59666666666667,988.714999999999,41.6141666666667,586.938333333333,216.156666666667,284.363333333333,25.67,57.245,4.59666666666667,988.714999999999
2016,261,14,48.4986666666667,653.35,175.088333333333,263.535,26.315,51.5483333333333,4.74166666666667,988.398333333334,48.4986666666667,653.35,175.088333333333,263.535,26.315,51.5483333333333,4.74166666666667,988.398333333334
2016,261,15,57.7395,479.741666666667,155.625,177.787931034483,26.4533333333333,49.19,4.25,988.378333333334,57.7395,479.741666666667,155.625,177.787931034483,26.4533333333333,49.19,4.25,988.378333333334
2016,261,16,68.2891666666667,562.34,87.1666666666667,126.243333333333,26.515,47.2333333333333,4.31833333333333,988.426666666667,68.2891666666667,562.34,87.1666666666667,126.243333333333,26.515,47.2333333333333,4.31833333333333,988.426666666667
2016,261,17,79.4676666666667,456.126666666666,49.0516666666666,56.3433333333333,26.07,47.9533333333333,3.155,988.486666666666,79.4676666666667,456.126666666666,49.0516666666666,56.3433333333333,26.07,47.9533333333333,3.155,988.486666666666
2016,261,18,90.8505,62.1016666666667,7.5,4.83166666666667,24.1583333333333,56.0466666666667,1.81666666666667,988.644999999999,90.8505,62.1016666666667,7.5,4.83166666666667,24.1583333333333,56.0466666666667,1.81666666666667,988.644999999999
2016,261,19,102.3755,0.4,-0.4,0,22.16,67.6066666666667,2.58,989,102.3755,0.4,-0.4,0,22.16,67.6066666666667,2.58,989
2016,261,20,113.2505,0.391666666666666,-0.4,0,20.7233333333333,74.1283333333333,2.87333333333333,989.511666666666,113.2505,0.391666666666666,-0.4,0,20.7233333333333,74.1283333333333,2.87333333333333,989.511666666666
2016,261,21,123.147,0.31,-0.4,0,19.0816666666667,80.96,2.81666666666667,989.795,123.147,0.31,-0.4,0,19.0816666666667,80.96,2.81666666666667,989.795
2016,261,22,131.302666666667,0.065,-0.396666666666666,0,18.3133333333333,87.1766666666667,2.72833333333333,990.106666666666,131.302666666667,0.065,-0.396666666666666,0,18.3133333333333,87.1766666666667,2.72833333333333,990.106666666666
2016,261,23,136.626833333333,-0.386666666666666,-0.391666666666666,0,18.6883333333333,87.5383333333333,3.04333333333333,990.104999999999,136.626833333333,-0.386666666666666,-0.391666666666666,0,18.6883333333333,87.5383333333333,3.04333333333333,990.104999999999
2016,262,0,137.995166666667,-0.155,-0.4,0,18.675,88.2716666666667,3.135,990.031666666666,137.995166666667,-0.155,-0.4,0,18.675,88.2716666666667,3.135,990.031666666666
2016,262,1,135.042666666667,0.303333333333333,-0.4,0,18.1766666666667,90.4666666666666,2.71,989.853333333334,135.042666666667,0.303333333333333,-0.4,0,18.1766666666667,90.4666666666666,2.71,989.853333333334
2016,262,2,128.515833333333,0.215,-0.4,0,17.7533333333333,91.6816666666667,2.26833333333333,989.616666666666,128.515833333333,0.215,-0.4,0,17.7533333333333,91.6816666666667,2.26833333333333,989.616666666666
2016,262,3,119.601666666667,0.293333333333333,-0.393333333333333,0,17.5183333333333,92.2416666666667,1.03333333333333,989.375000000001,119.601666666667,0.293333333333333,-0.393333333333333,0,17.5183333333333,92.2416666666667,1.03333333333333,989.375000000001
2016,262,4,109.273333333333,0.283333333333333,-0.178333333333333,0,17.2366666666667,93.01,1.25833333333333,989.523333333333,109.273333333333,0.283333333333333,-0.178333333333333,0,17.2366666666667,93.01,1.25833333333333,989.523333333333
2016,262,5,98.1841666666667,0.391666666666666,-0.191666666666667,0.0383333333333333,17.5366666666667,92.5033333333334,1.59833333333333,989.726666666667,98.1841666666667,0.391666666666666,-0.191666666666667,0.0383333333333333,17.5366666666667,92.5033333333334,1.59833333333333,989.726666666667
2016,262,6,86.5521666666667,133.053333333333,22.59,15.935,17.8333333333333,91.5933333333333,1.11333333333333,989.885,86.5521666666667,133.053333333333,22.59,15.935,17.8333333333333,91.5933333333333,1.11333333333333,989.885
2016,262,7,75.3123333333333,518.6,58.5333333333333,85.7216666666667,18.5933333333333,89.685,1.04166666666667,990.183333333332,75.3123333333333,518.6,58.5333333333333,85.7216666666667,18.5933333333333,89.685,1.04166666666667,990.183333333332
2016,262,8,64.3393333333333,541.205,111.051666666667,144.966666666667,20.9,77.8966666666667,1.86,990.37,64.3393333333333,541.205,111.051666666667,144.966666666667,20.9,77.8966666666667,1.86,990.37
2016,262,9,54.2383333333333,792.351666666667,102.53,241.921666666667,23.2516666666667,55.9416666666667,2.86666666666667,990.838333333334,54.2383333333333,792.351666666667,102.53,241.921666666667,23.2516666666667,55.9416666666667,2.86666666666667,990.838333333334
2016,262,10,45.808,800.416666666667,131.833333333333,293.586666666667,24.5466666666667,43.82,2.51833333333333,990.699999999999,45.808,800.416666666667,131.833333333333,293.586666666667,24.5466666666667,43.82,2.51833333333333,990.699999999999
2016,262,11,40.2408333333333,833.975,121.321666666667,324.428333333333,25.6866666666667,37.48,2.23,990.441666666667,40.2408333333333,833.975,121.321666666667,324.428333333333,25.6866666666667,37.48,2.23,990.441666666667
2016,262,12,38.8333333333333,631.786666666667,213.128333333333,301.671666666667,26.4433333333333,34.1033333333333,1.87333333333333,989.915000000001,38.8333333333333,631.786666666667,213.128333333333,301.671666666667,26.4433333333333,34.1033333333333,1.87333333333333,989.915000000001
2016,262,13,42.007,488.496666666667,244.803333333333,259.606666666667,27.3583333333333,30.8166666666667,1.18333333333333,989.283333333333,42.007,488.496666666667,244.803333333333,259.606666666667,27.3583333333333,30.8166666666667,1.18333333333333,989.283333333333
2016,262,14,48.8711666666667,598.248333333333,166.303333333333,236.971666666667,27.9,28.5783333333333,1.615,988.755,48.8711666666667,598.248333333333,166.303333333333,236.971666666667,27.9,28.5783333333333,1.615,988.755
2016,262,15,58.0861666666667,835.258333333333,76.01,219.863333333333,28.4383333333333,27.05,1.64833333333333,988.305,58.0861666666667,835.258333333333,76.01,219.863333333333,28.4383333333333,27.05,1.64833333333333,988.305
2016,262,16,68.618,735.03,60.7966666666667,138.295,28.3133333333333,26.9866666666667,1.88666666666667,987.953333333333,68.618,735.03,60.7966666666667,138.295,28.3133333333333,26.9866666666667,1.88666666666667,987.953333333333
2016,262,17,79.7838333333333,506.866666666667,39.9316666666667,55.2716666666667,27.6866666666667,29.28,1.98833333333333,988.34,79.7838333333333,506.866666666667,39.9316666666667,55.2716666666667,27.6866666666667,29.28,1.98833333333333,988.34
2016,262,18,91.1778333333333,68.5349999999999,6.53833333333334,4.37333333333333,26.4633333333333,31.72,1.35,988.89,91.1778333333333,68.5349999999999,6.53833333333334,4.37333333333333,26.4633333333333,31.72,1.35,988.89
2016,262,19,102.700166666667,0.4,-0.428333333333333,0,22.705,48.68,2.08666666666667,989.785,102.700166666667,0.4,-0.428333333333333,0,22.705,48.68,2.08666666666667,989.785
2016,262,20,113.59,0.4,-0.4,0,21.3166666666667,55.9966666666667,2.33157894736842,990.283333333333,113.59,0.4,-0.4,0,21.3166666666667,55.9966666666667,2.33157894736842,990.283333333333
2016,262,21,123.507833333333,0.4,-0.4,0,19.61,65.32,0.488888888888889,990.406666666667,123.507833333333,0.4,-0.4,0,19.61,65.32,0.488888888888889,990.406666666667
2016,262,22,131.687333333333,0.396666666666666,-0.4,0,18.535,70.4383333333333,0.278947368421053,990.721666666668,131.687333333333,0.396666666666666,-0.4,0,18.535,70.4383333333333,0.278947368421053,990.721666666668
2016,262,23,137.0235,0.303333333333333,-0.396666666666666,0,17.9233333333333,73.2316666666667,0.673684210526316,991.033333333333,137.0235,0.303333333333333,-0.396666666666666,0,17.9233333333333,73.2316666666667,0.673684210526316,991.033333333333
2016,263,0,138.3755,0.331666666666667,-0.4,0,17.45,75.0133333333333,0.480769230769231,990.993333333333,138.3755,0.331666666666667,-0.4,0,17.45,75.0133333333333,0.480769230769231,990.993333333333
2016,263,1,135.378333333333,0.391666666666666,-0.378333333333333,0,16.6716666666667,79.2166666666667,0.304166666666667,990.911666666668,135.378333333333,0.391666666666666,-0.378333333333333,0,16.6716666666667,79.2166666666667,0.304166666666667,990.911666666668
2016,263,2,128.796833333333,0.366666666666666,-0.4,0,16.5583333333333,79.42,0.215384615384615,990.948333333333,128.796833333333,0.366666666666666,-0.4,0,16.5583333333333,79.42,0.215384615384615,990.948333333333
2016,263,3,119.836333333333,0.216666666666667,-0.395,0,15.4516666666667,86.1583333333333,0.348484848484849,991.33,119.836333333333,0.216666666666667,-0.395,0,15.4516666666667,86.1583333333333,0.348484848484849,991.33
2016,263,4,109.478666666667,0.26,-0.398333333333333,0,15.2933333333333,86.66,0.951666666666667,991.791666666667,109.478666666667,0.26,-0.398333333333333,0,15.2933333333333,86.66,0.951666666666667,991.791666666667
2016,263,5,98.3693333333333,0.135,-0.188333333333333,0.0516666666666667,14.885,87.9666666666667,1.405,992.156666666666,98.3693333333333,0.135,-0.188333333333333,0.0516666666666667,14.885,87.9666666666667,1.405,992.156666666666
2016,263,6,86.737,248.885714285714,18.4083333333333,19.335,14.685,87.525,1.51666666666667,992.573333333333,86.737,248.885714285714,18.4083333333333,19.335,14.685,87.525,1.51666666666667,992.573333333333
2016,263,7,75.5008333333333,632.525,48.18,92.66,16.1583333333333,86.9066666666667,1.665,993.295,75.5008333333333,632.525,48.18,92.66,16.1583333333333,86.9066666666667,1.665,993.295
2016,263,8,64.5491666666667,798.895,62.325,171.846666666667,18.8716666666667,79.9133333333334,1.81333333333333,993.336666666668,64.5491666666667,798.895,62.325,171.846666666667,18.8716666666667,79.9133333333334,1.81333333333333,993.336666666668
2016,263,9,54.4838333333333,877.921666666667,69.1016666666667,246.291666666667,22.9866666666667,61.0833333333333,1.80833333333333,993.501666666666,54.4838333333333,877.921666666667,69.1016666666667,246.291666666667,22.9866666666667,61.0833333333333,1.80833333333333,993.501666666666
2016,263,10,46.1041666666667,917.596666666666,73.2933333333333,302.09,25.875,43.995,2.64833333333333,993.251666666665,46.1041666666667,917.596666666666,73.2933333333333,302.09,25.875,43.995,2.64833333333333,993.251666666665
2016,263,11,40.5938333333333,937.525,74.9,335.576666666667,27.4533333333333,34.8766666666667,4.03833333333333,992.818333333334,40.5938333333333,937.525,74.9,335.576666666667,27.4533333333333,34.8766666666667,4.03833333333333,992.818333333334
2016,263,12,39.2243333333333,939.93,76.475,342.993333333333,28.5583333333333,30.55,4.39,992.420000000001,39.2243333333333,939.93,76.475,342.993333333333,28.5583333333333,30.55,4.39,992.420000000001
2016,263,13,42.4003333333333,926.158333333333,76.6883333333333,324.663333333333,29.325,29.195,4.52666666666667,991.935000000001,42.4003333333333,926.158333333333,76.6883333333333,324.663333333333,29.325,29.195,4.52666666666667,991.935000000001
2016,263,14,49.2433333333333,895.096666666667,74.7716666666667,281.388333333333,29.945,27.5483333333333,4.08166666666667,991.595,49.2433333333333,895.096666666667,74.7716666666667,281.388333333333,29.945,27.5483333333333,4.08166666666667,991.595
2016,263,15,58.4346666666667,840.926666666667,68.9466666666666,216.77,30.025,28,4.215,990.868333333333,58.4346666666667,840.926666666667,68.9466666666666,216.77,30.025,28,4.215,990.868333333333
2016,263,16,68.9476666666667,748.936666666667,57.3533333333333,137.316666666667,29.6833333333333,27.955,4.84333333333333,990.549999999999,68.9476666666667,748.936666666667,57.3533333333333,137.316666666667,29.6833333333333,27.955,4.84333333333333,990.549999999999
2016,263,17,80.1008333333333,514.168333333333,38.1283333333333,54.15,28.24,34.115,3.75333333333333,990.925000000001,80.1008333333333,514.168333333333,38.1283333333333,54.15,28.24,34.115,3.75333333333333,990.925000000001
2016,263,18,91.506,27.5333333333334,4.36166666666667,3.08833333333333,24.8166666666667,49.925,3.11166666666667,991.440000000001,91.506,27.5333333333334,4.36166666666667,3.08833333333333,24.8166666666667,49.925,3.11166666666667,991.440000000001
2016,263,19,103.025166666667,0.4,-0.4,0,21.9733333333333,63.5583333333334,3.315,991.966666666667,103.025166666667,0.4,-0.4,0,21.9733333333333,63.5583333333334,3.315,991.966666666667
2016,263,20,113.928,0.348333333333333,-0.4,0,20.6766666666667,70.795,2.49,992.408333333333,113.928,0.348333333333333,-0.4,0,20.6766666666667,70.795,2.49,992.408333333333
2016,263,21,123.867666666667,0.296666666666667,-0.4,0,20.3316666666667,73.3366666666667,2.61833333333333,993.065,123.867666666667,0.296666666666667,-0.4,0,20.3316666666667,73.3366666666667,2.61833333333333,993.065
2016,263,22,132.071666666667,0.345,-0.4,0.00333333333333333,19.61,77.7333333333333,2.27333333333333,993.278333333334,132.071666666667,0.345,-0.4,0.00333333333333333,19.61,77.7333333333333,2.27333333333333,993.278333333334
2016,263,23,137.4205,0.4,-0.4,0,19.155,80.3633333333333,2.24666666666667,993.793333333334,137.4205,0.4,-0.4,0,19.155,80.3633333333333,2.24666666666667,993.793333333334
2016,264,0,138.756333333333,0.4,-0.4,0,18.915,82.3483333333334,1.84666666666667,994.133333333334,138.756333333333,0.4,-0.4,0,18.915,82.3483333333334,1.84666666666667,994.133333333334
2016,264,1,135.713166666667,0.296666666666667,-0.38,0,18.8333333333333,83.095,2.13333333333333,994.25,135.713166666667,0.296666666666667,-0.38,0,18.8333333333333,83.095,2.13333333333333,994.25
2016,264,2,129.076833333333,0.191666666666667,-0.386666666666666,0,18.505,84.4766666666667,2.48666666666667,994.056666666666,129.076833333333,0.191666666666667,-0.386666666666666,0,18.505,84.4766666666667,2.48666666666667,994.056666666666
2016,264,3,120.0715,0.4,-0.4,0,18.3,85.8133333333333,2.16333333333333,994.193333333332,120.0715,0.4,-0.4,0,18.3,85.8133333333333,2.16333333333333,994.193333333332
2016,264,4,109.682,0.393333333333333,-0.4,0,17.7766666666667,87.8933333333334,2.205,994.363333333333,109.682,0.393333333333333,-0.4,0,17.7766666666667,87.8933333333334,2.205,994.363333333333
2016,264,5,98.5578333333333,0.338333333333333,-0.103333333333333,0.045,17.115,90.18,2.23,994.815000000001,98.5578333333333,0.338333333333333,-0.103333333333333,0.045,17.115,90.18,2.23,994.815000000001
2016,264,6,86.9213333333333,47.7833333333333,16.1216666666667,9.55,17.115,90.5566666666666,2.22333333333333,995.161666666667,86.9213333333333,47.7833333333333,16.1216666666667,9.55,17.115,90.5566666666666,2.22333333333333,995.161666666667
2016,264,7,75.6895,349.995,106.831666666667,81.5333333333333,19.4516666666667,86.1716666666667,1.795,995.485,75.6895,349.995,106.831666666667,81.5333333333333,19.4516666666667,86.1716666666667,1.795,995.485
2016,264,8,64.759,632.073333333333,150.325,178.603333333333,23.6883333333333,72.2683333333333,2.61833333333333,995.453333333333,64.759,632.073333333333,150.325,178.603333333333,23.6883333333333,72.2683333333333,2.61833333333333,995.453333333333
2016,264,9,54.7301666666667,420.536666666667,261.491666666667,219.26724137931,26.21,64.44,1.92,995.593333333332,54.7301666666667,420.536666666667,261.491666666667,219.26724137931,26.21,64.44,1.92,995.593333333332
2016,264,10,46.402,791.758333333333,152.846666666667,301.073333333333,28.2716666666667,57.7166666666667,1.375,995.393333333334,46.402,791.758333333333,152.846666666667,301.073333333333,28.2716666666667,57.7166666666667,1.375,995.393333333334
2016,264,11,40.9478333333333,683.47,177.801666666667,298.352542372881,29.7016666666667,51.115,1.535,994.741666666666,40.9478333333333,683.47,177.801666666667,298.352542372881,29.7016666666667,51.115,1.535,994.741666666666
2016,264,12,39.6161666666667,745.478333333333,250.663333333333,355.248333333333,30.6166666666667,46.9433333333333,2.30833333333333,994.265,39.6161666666667,745.478333333333,250.663333333333,355.248333333333,30.6166666666667,46.9433333333333,2.30833333333333,994.265
2016,264,13,42.7936666666667,218.068333333333,290.636666666667,194.842372881356,30.8566666666667,44.2633333333333,2.08333333333333,993.753333333333,42.7936666666667,218.068333333333,290.636666666667,194.842372881356,30.8566666666667,44.2633333333333,2.08333333333333,993.753333333333
2016,264,14,49.6163333333333,470.448333333333,186.176666666667,208.898305084746,31.2966666666667,42.08,2.17166666666667,993.291666666666,49.6163333333333,470.448333333333,186.176666666667,208.898305084746,31.2966666666667,42.08,2.17166666666667,993.291666666666
2016,264,15,58.7828333333333,480.401666666667,140.493333333333,167.186666666667,31.7483333333333,40.2866666666667,1.52333333333333,993.045,58.7828333333333,480.401666666667,140.493333333333,167.186666666667,31.7483333333333,40.2866666666667,1.52333333333333,993.045
2016,264,16,69.2778333333333,105.616666666667,76.8983333333333,55.015,30.6983333333333,43.605,1.745,993.148333333332,69.2778333333333,105.616666666667,76.8983333333333,55.015,30.6983333333333,43.605,1.745,993.148333333332
2016,264,17,80.417,199.753333333333,43.42,31.91,29.8033333333333,47.78,2.11333333333333,993.348333333334,80.417,199.753333333333,43.42,31.91,29.8033333333333,47.78,2.11333333333333,993.348333333334
2016,264,18,91.8218333333333,19.9083333333334,4.99000000000001,2.95166666666667,27.995,56.7166666666666,2.75833333333333,993.558333333332,91.8218333333333,19.9083333333334,4.99000000000001,2.95166666666667,27.995,56.7166666666666,2.75833333333333,993.558333333332
2016,264,19,103.35,0.388333333333333,-0.4,0,25.3316666666667,67.2616666666666,2.82333333333334,994.433333333334,103.35,0.388333333333333,-0.4,0,25.3316666666667,67.2616666666666,2.82333333333334,994.433333333334
2016,264,20,114.268,0.4,-0.4,0,23.4,75.32,2.91,995.059999999999,114.268,0.4,-0.4,0,23.4,75.32,2.91,995.059999999999
2016,264,21,124.2285,0.286666666666667,-0.4,0,22.4166666666667,76.9783333333333,2.85,995.06,124.2285,0.286666666666667,-0.4,0,22.4166666666667,76.9783333333333,2.85,995.06
2016,264,22,132.456666666667,0.358333333333333,-0.4,0,21.53,79.6183333333333,2.52166666666667,995.119999999999,132.456666666667,0.358333333333333,-0.4,0,21.53,79.6183333333333,2.52166666666667,995.119999999999
2016,264,23,137.818,0.38,-0.4,0,20.9683333333333,80.4783333333333,2.2,995.235,137.818,0.38,-0.4,0,20.9683333333333,80.4783333333333,2.2,995.235
2016,265,0,139.137,0.4,-0.4,0,19.8383333333333,84.2666666666667,1.65333333333333,994.861666666668,139.137,0.4,-0.4,0,19.8383333333333,84.2666666666667,1.65333333333333,994.861666666668
2016,265,1,136.047,0.4,-0.4,0,19.615,84.6266666666667,1.92833333333333,994.890000000001,136.047,0.4,-0.4,0,19.615,84.6266666666667,1.92833333333333,994.890000000001
2016,265,2,129.357166666667,0.393333333333333,-0.4,0,19.345,84.585,2.345,994.836666666666,129.357166666667,0.393333333333333,-0.4,0,19.345,84.585,2.345,994.836666666666
2016,265,3,120.3055,0.37,-0.4,0,18.5166666666667,85.835,2.445,994.870000000001,120.3055,0.37,-0.4,0,18.5166666666667,85.835,2.445,994.870000000001
2016,265,4,109.886166666667,0.223333333333333,-0.4,0,18.1183333333333,86.7133333333333,2.66166666666667,995.509999999999,109.886166666667,0.223333333333333,-0.4,0,18.1183333333333,86.7133333333333,2.66166666666667,995.509999999999
2016,265,5,98.7436666666667,0.371666666666666,-0.238333333333333,0.0333333333333333,17.9,85.865,2.55166666666667,995.793333333334,98.7436666666667,0.371666666666666,-0.238333333333333,0.0333333333333333,17.9,85.865,2.55166666666667,995.793333333334
2016,265,6,87.1065,158.786666666667,26.105,17.2233333333333,17.985,84.54,2.22833333333333,996.166666666667,87.1065,158.786666666667,26.105,17.2233333333333,17.985,84.54,2.22833333333333,996.166666666667
2016,265,7,75.8798333333333,164.521666666667,90.7616666666667,54.59,18.935,84.5466666666667,1.92166666666667,996.516666666666,75.8798333333333,164.521666666667,90.7616666666667,54.59,18.935,84.5466666666667,1.92166666666667,996.516666666666
2016,265,8,64.9715,574.195,143.11,165.116666666667,22.8516666666667,68.0833333333333,1.79,997.179999999999,64.9715,574.195,143.11,165.116666666667,22.8516666666667,68.0833333333333,1.79,997.179999999999
2016,265,9,54.9783333333333,563.175,146.59,204.888333333333,26.055,53.54,1.19833333333333,997.723333333334,54.9783333333333,563.175,146.59,204.888333333333,26.055,53.54,1.19833333333333,997.723333333334
2016,265,10,46.701,833.13,108.291666666667,291.8,27.9733333333333,45.0983333333333,1.97666666666667,996.971666666667,46.701,833.13,108.291666666667,291.8,27.9733333333333,45.0983333333333,1.97666666666667,996.971666666667
2016,265,11,41.3031666666667,866.228333333333,112.391666666667,326.385,29.19,38.2416666666667,3.06166666666667,996.1,41.3031666666667,866.228333333333,112.391666666667,326.385,29.19,38.2416666666667,3.06166666666667,996.1
2016,265,12,40.0078333333333,847.931666666667,125.868333333333,332.88,30.215,34.3716666666667,2.99666666666667,995.546666666666,40.0078333333333,847.931666666667,125.868333333333,332.88,30.215,34.3716666666667,2.99666666666667,995.546666666666
2016,265,13,43.1876666666667,809.456666666666,127.69,309.521666666667,30.9816666666667,30.5583333333333,2.385,995.148333333332,43.1876666666667,809.456666666666,127.69,309.521666666667,30.9816666666667,30.5583333333333,2.385,995.148333333332
2016,265,14,49.9891666666667,481.203333333333,210.586666666667,227.451666666667,31.185,30.265,2.36166666666667,995.201666666666,49.9891666666667,481.203333333333,210.586666666667,227.451666666667,31.185,30.265,2.36166666666667,995.201666666666
2016,265,15,59.1315,284.33,252.018333333333,166.808333333333,31.1116666666667,30.1716666666667,3.065,995.068333333333,59.1315,284.33,252.018333333333,166.808333333333,31.1116666666667,30.1716666666667,3.065,995.068333333333
2016,265,16,69.6071666666667,475.148333333333,176.923333333333,144.645,31.1483333333333,29.9366666666667,3.79166666666667,994.311666666667,69.6071666666667,475.148333333333,176.923333333333,144.645,31.1483333333333,29.9366666666667,3.79166666666667,994.311666666667
2016,265,17,80.7335,187.931666666667,60.2166666666667,38.855,27.905,53.7866666666667,4.98666666666667,993.995,80.7335,187.931666666667,60.2166666666667,38.855,27.905,53.7866666666667,4.98666666666667,993.995
2016,265,18,92.1501666666667,1.24833333333334,4.16666666666667,2.09,25.485,63.6116666666667,3.11,993.596666666667,92.1501666666667,1.24833333333334,4.16666666666667,2.09,25.485,63.6116666666667,3.11,993.596666666667
2016,265,19,103.6745,0.388333333333333,-0.401666666666666,0,23.9816666666667,66.4816666666666,2.82,993.228333333335,103.6745,0.388333333333333,-0.401666666666666,0,23.9816666666667,66.4816666666666,2.82,993.228333333335
2016,265,20,114.606,0.4,-0.4,0,22.165,67.2183333333333,2.29333333333333,993.371666666667,114.606,0.4,-0.4,0,22.165,67.2183333333333,2.29333333333333,993.371666666667
2016,265,21,124.5885,0.26,-0.29,0,20.9866666666667,72.235,1.97666666666667,993.569999999999,124.5885,0.26,-0.29,0,20.9866666666667,72.235,1.97666666666667,993.569999999999
2016,265,22,132.8395,0.19,-0.4,0,20.765,73.9216666666667,2.92166666666667,993.991666666667,132.8395,0.19,-0.4,0,20.765,73.9216666666667,2.92166666666667,993.991666666667
2016,265,23,138.215333333333,0.333333333333333,-0.4,0,20.0533333333333,76.525,2.28833333333333,993.811666666668,138.215333333333,0.333333333333333,-0.4,0,20.0533333333333,76.525,2.28833333333333,993.811666666668
2016,266,0,139.517666666667,0.213333333333333,-0.363333333333333,0,19.7333333333333,76.6883333333333,2.605,993.704999999999,139.517666666667,0.213333333333333,-0.363333333333333,0,19.7333333333333,76.6883333333333,2.605,993.704999999999
2016,266,1,136.381,0.4,-0.4,0,18.9033333333333,80.2533333333333,1.38333333333333,993.968333333334,136.381,0.4,-0.4,0,18.9033333333333,80.2533333333333,1.38333333333333,993.968333333334
2016,266,2,129.6355,0.386666666666666,-0.4,0,18.4533333333333,82.56,1.83833333333333,993.736666666665,129.6355,0.386666666666666,-0.4,0,18.4533333333333,82.56,1.83833333333333,993.736666666665
2016,266,3,120.540166666667,0.333333333333333,-0.4,0,17.7633333333333,85.475,1.82280701754386,993.604999999999,120.540166666667,0.333333333333333,-0.4,0,17.7633333333333,85.475,1.82280701754386,993.604999999999
2016,266,4,110.0895,0.268333333333333,-0.4,0,17.595,85.41,2.28181818181818,993.591666666666,110.0895,0.268333333333333,-0.4,0,17.595,85.41,2.28181818181818,993.591666666666
2016,266,5,98.9323333333333,0.135,-0.248333333333334,0.0233333333333333,17.5816666666667,86.205,2.23559322033898,993.706666666665,98.9323333333333,0.135,-0.248333333333334,0.0233333333333333,17.5816666666667,86.205,2.23559322033898,993.706666666665
2016,266,6,87.2913333333333,167.808333333333,17.44,15.6866666666667,17.5133333333333,85.57,2.95166666666667,993.693333333333,87.2913333333333,167.808333333333,17.44,15.6866666666667,17.5133333333333,85.57,2.95166666666667,993.693333333333
2016,266,7,76.0711666666667,580.39,51.6483333333333,82.9883333333333,19.275,81.9533333333333,1.78333333333333,994.081666666666,76.0711666666667,580.39,51.6483333333333,82.9883333333333,19.275,81.9533333333333,1.78333333333333,994.081666666666
2016,266,8,65.1846666666667,750.551666666667,69.8333333333333,171.691111111111,22.4883333333333,70.7933333333333,2.625,994.204999999999,65.1846666666667,750.551666666667,69.8333333333333,171.691111111111,22.4883333333333,70.7933333333333,2.625,994.204999999999
2016,266,9,55.2283333333333,836.895,79.9733333333333,235.905405405405,26.3333333333333,52.5233333333333,3.51166666666667,993.985,55.2283333333333,836.895,79.9733333333333,235.905405405405,26.3333333333333,52.5233333333333,3.51166666666667,993.985
2016,266,10,47.002,870.175,97.6066666666666,295.276666666667,28.5866666666667,43.0216666666667,4.10166666666667,993.563333333333,47.002,870.175,97.6066666666666,295.276666666667,28.5866666666667,43.0216666666667,4.10166666666667,993.563333333333
2016,266,11,41.659,841.588333333333,122.586666666667,321.576666666667,29.9016666666667,35.7033333333333,4.515,992.718333333334,41.659,841.588333333333,122.586666666667,321.576666666667,29.9016666666667,35.7033333333333,4.515,992.718333333334
2016,266,12,40.4008333333333,819.053333333333,181.586666666667,344.228333333333,31.0233333333333,31.25,4.125,991.811666666667,40.4008333333333,819.053333333333,181.586666666667,344.228333333333,31.0233333333333,31.25,4.125,991.811666666667
2016,266,13,43.5813333333333,326.57,378.233333333333,265.703333333333,31.54,29.6466666666667,3.94666666666667,990.883333333333,43.5813333333333,326.57,378.233333333333,265.703333333333,31.54,29.6466666666667,3.94666666666667,990.883333333333
2016,266,14,50.3626666666667,263.736666666667,377.085,233.776666666667,31.7383333333333,29.6333333333333,4.36833333333333,990.42,50.3626666666667,263.736666666667,377.085,233.776666666667,31.7383333333333,29.6333333333333,4.36833333333333,990.42
2016,266,15,59.4808333333333,219.088333333333,272.081666666667,165.865,31.5816666666667,31.8033333333333,4.30333333333333,989.931666666668,59.4808333333333,219.088333333333,272.081666666667,165.865,31.5816666666667,31.8033333333333,4.30333333333333,989.931666666668
2016,266,16,69.9375,2.97833333333334,131.171666666667,56.4683333333333,30.4483333333333,34.5,3.49,989.800000000001,69.9375,2.97833333333334,131.171666666667,56.4683333333333,30.4483333333333,34.5,3.49,989.800000000001
2016,266,17,81.0495,68.64,83.835,37.8109090909091,29.2966666666667,39.5916666666667,2.96833333333333,989.98,81.0495,68.64,83.835,37.8109090909091,29.2966666666667,39.5916666666667,2.96833333333333,989.98
2016,266,18,92.4785,11.03,7.57166666666668,2.43636363636364,27.3633333333333,44.0783333333333,2.92666666666667,990.251666666667,92.4785,11.03,7.57166666666668,2.43636363636364,27.3633333333333,44.0783333333333,2.92666666666667,990.251666666667
2016,266,19,103.998166666667,0.393333333333333,-0.4,0,25.7616666666667,49.9166666666667,2.49833333333333,990.878333333333,103.998166666667,0.393333333333333,-0.4,0,25.7616666666667,49.9166666666667,2.49833333333333,990.878333333333
2016,266,20,114.944,0.4,-0.4,0,23.6533333333333,59.9866666666667,2.30666666666667,991.175,114.944,0.4,-0.4,0,23.6533333333333,59.9866666666667,2.30666666666667,991.175
2016,266,21,124.948833333333,0.4,-0.4,0,23.5383333333333,61.2833333333333,2.60833333333333,991.636666666665,124.948833333333,0.4,-0.4,0,23.5383333333333,61.2833333333333,2.60833333333333,991.636666666665
2016,266,22,133.224166666667,0.36,-0.4,0,22.2133333333333,68.625,2.91333333333333,991.671666666666,133.224166666667,0.36,-0.4,0,22.2133333333333,68.625,2.91333333333333,991.671666666666
2016,266,23,138.612833333333,0.4,-0.4,0,20.8283333333333,76.525,1.69833333333333,991.721666666667,138.612833333333,0.4,-0.4,0,20.8283333333333,76.525,1.69833333333333,991.721666666667
2016,267,0,139.899,0.4,-0.395,0,20.3683333333333,79.7883333333334,1.365,991.781666666666,139.899,0.4,-0.395,0,20.3683333333333,79.7883333333334,1.365,991.781666666666
2016,267,1,136.715,0.395,-0.4,0,20.2983333333333,81.9783333333333,2.45,991.840000000001,136.715,0.395,-0.4,0,20.2983333333333,81.9783333333333,2.45,991.840000000001
2016,267,2,129.914166666667,0.4,-0.396666666666666,0,19.22,86.3666666666666,0.758333333333333,992.133333333333,129.914166666667,0.4,-0.396666666666666,0,19.22,86.3666666666666,0.758333333333333,992.133333333333
2016,267,3,120.773666666667,0.388333333333333,-0.396666666666666,0,18.6816666666667,88.9383333333333,0.751666666666667,992.186666666667,120.773666666667,0.388333333333333,-0.396666666666666,0,18.6816666666667,88.9383333333333,0.751666666666667,992.186666666667
2016,267,4,110.2925,0.4,-0.4,0,18.1666666666667,91.5,0.2,992.43,110.2925,0.4,-0.4,0,18.1666666666667,91.5,0.2,992.43
2016,267,5,99.119,0.376666666666666,-0.285,0.0216666666666667,17.9116666666667,92.565,0.415,992.835,99.119,0.376666666666666,-0.285,0.0216666666666667,17.9116666666667,92.565,0.415,992.835
2016,267,6,87.4783333333333,100.731666666667,21.6633333333333,14.3483333333333,18.0033333333333,93.2416666666666,1.08333333333333,993.438333333332,87.4783333333333,100.731666666667,21.6633333333333,14.3483333333333,18.0033333333333,93.2416666666666,1.08333333333333,993.438333333332
2016,267,7,76.2633333333333,395.156666666667,78.3733333333333,74.645,20.1183333333333,87.3133333333333,0.591666666666667,993.679999999998,76.2633333333333,395.156666666667,78.3733333333333,74.645,20.1183333333333,87.3133333333333,0.591666666666667,993.679999999998
2016,267,8,65.3996666666667,632.986666666667,118.946666666667,162.041666666667,23.25,75.9516666666667,1.41166666666667,993.691666666666,65.3996666666667,632.986666666667,118.946666666667,162.041666666667,23.25,75.9516666666667,1.41166666666667,993.691666666666
2016,267,9,55.4803333333333,681.058333333334,124.613333333333,220.37,26.9383333333333,59.165,1.405,993.641666666666,55.4803333333333,681.058333333334,124.613333333333,220.37,26.9383333333333,59.165,1.405,993.641666666666
2016,267,10,47.3048333333333,783.223333333333,135.271666666667,286.386666666667,28.7583333333333,49.0466666666667,1.71166666666667,993.366666666667,47.3048333333333,783.223333333333,135.271666666667,286.386666666667,28.7583333333333,49.0466666666667,1.71166666666667,993.366666666667
2016,267,11,42.0165,739.058333333333,179.245,317.728333333333,29.7416666666667,44.3166666666667,1.63833333333333,992.906666666667,42.0165,739.058333333333,179.245,317.728333333333,29.7416666666667,44.3166666666667,1.63833333333333,992.906666666667
2016,267,12,40.7931666666667,619.395,212.941666666667,294.248275862069,30.5866666666667,40.2133333333333,1.71666666666667,992.548333333334,40.7931666666667,619.395,212.941666666667,294.248275862069,30.5866666666667,40.2133333333333,1.71666666666667,992.548333333334
2016,267,13,43.9763333333333,796.588333333333,169.681666666667,316.461016949153,31.1833333333333,36.3583333333333,2.03666666666667,991.568333333333,43.9763333333333,796.588333333333,169.681666666667,316.461016949153,31.1833333333333,36.3583333333333,2.03666666666667,991.568333333333
2016,267,14,50.737,587.581666666667,173.08,238.108333333333,31.8333333333333,33.2233333333333,1.69833333333333,990.809999999999,50.737,587.581666666667,173.08,238.108333333333,31.8333333333333,33.2233333333333,1.69833333333333,990.809999999999
2016,267,15,59.8305,311.028333333333,198.606666666667,155.187719298246,31.6733333333333,33.3416666666667,0.94,990.609999999999,59.8305,311.028333333333,198.606666666667,155.187719298246,31.6733333333333,33.3416666666667,0.94,990.609999999999
2016,267,16,70.2678333333333,403.915,163.481666666667,119.485,32.0983333333333,31.3983333333333,1.245,990.599999999999,70.2678333333333,403.915,163.481666666667,119.485,32.0983333333333,31.3983333333333,1.245,990.599999999999
2016,267,17,81.3646666666667,262.915,78.9216666666667,56.2914893617022,31.5783333333333,33.915,2.05333333333333,990.780000000001,81.3646666666667,262.915,78.9216666666667,56.2914893617022,31.5783333333333,33.915,2.05333333333333,990.780000000001
2016,267,18,92.7941666666667,6.91499999999999,5.76166666666667,1.3622641509434,28.65,51.5533333333333,3.385,991.363333333333,92.7941666666667,6.91499999999999,5.76166666666667,1.3622641509434,28.65,51.5533333333333,3.385,991.363333333333
2016,267,19,104.321666666667,0.396666666666666,-0.448333333333333,0,26.3133333333333,61.0183333333333,1.88166666666667,991.813333333334,104.321666666667,0.396666666666666,-0.448333333333333,0,26.3133333333333,61.0183333333333,1.88166666666667,991.813333333334
2016,267,20,115.281666666667,0.306666666666667,-0.4,0,23.845,72.3033333333333,2.94833333333333,992.316666666667,115.281666666667,0.306666666666667,-0.4,0,23.845,72.3033333333333,2.94833333333333,992.316666666667
2016,267,21,125.307333333333,0.123333333333333,-0.4,0,23.685,76.5516666666667,3.91333333333333,992.845,125.307333333333,0.123333333333333,-0.4,0,23.685,76.5516666666667,3.91333333333333,992.845
2016,267,22,133.608333333333,0.311666666666667,-0.4,0,22.6666666666667,82.5883333333334,3.21333333333333,993.281666666668,133.608333333333,0.311666666666667,-0.4,0,22.6666666666667,82.5883333333334,3.21333333333333,993.281666666668
2016,267,23,139.010833333333,0.376666666666666,-0.4,0,22.0066666666667,85.52,3.39833333333333,993.611666666665,139.010833333333,0.376666666666666,-0.4,0,22.0066666666667,85.52,3.39833333333333,993.611666666665
2016,268,0,140.28,0.31,-0.4,0,21.1433333333333,88.7416666666666,2.72166666666667,993.746666666668,140.28,0.31,-0.4,0,21.1433333333333,88.7416666666666,2.72166666666667,993.746666666668
2016,268,1,137.048,0.4,-0.398333333333333,0,20.53,90.5616666666667,1.875,993.814999999999,137.048,0.4,-0.398333333333333,0,20.53,90.5616666666667,1.875,993.814999999999
2016,268,2,130.191333333333,0.35,-0.398333333333333,0,20.0683333333333,91.5916666666667,1.705,993.596666666666,130.191333333333,0.35,-0.398333333333333,0,20.0683333333333,91.5916666666667,1.705,993.596666666666
2016,268,3,121.006166666667,0.4,-0.396666666666666,0,19.1783333333333,93.7233333333333,1.26,993.765000000001,121.006166666667,0.4,-0.396666666666666,0,19.1783333333333,93.7233333333333,1.26,993.765000000001
2016,268,4,110.496,0.4,-0.383333333333333,0,18.9016666666667,94.7616666666667,1.06,994.218333333334,110.496,0.4,-0.383333333333333,0,18.9016666666667,94.7616666666667,1.06,994.218333333334
2016,268,5,99.3068333333333,0.203333333333333,-0.275,0.0133333333333333,18.4083333333333,95.37,2.075,994.755000000001,99.3068333333333,0.203333333333333,-0.275,0.0133333333333333,18.4083333333333,95.37,2.075,994.755000000001
2016,268,6,87.6653333333333,6.23833333333333,21.9566666666667,10.3416666666667,18.7633333333333,95.2883333333333,2.15333333333333,995.245000000001,87.6653333333333,6.23833333333333,21.9566666666667,10.3416666666667,18.7633333333333,95.2883333333333,2.15333333333333,995.245000000001
2016,268,7,76.4565,51.6166666666667,113.956666666667,55.275,19.65,94.5533333333334,2.89166666666667,995.743333333334,76.4565,51.6166666666667,113.956666666667,55.275,19.65,94.5533333333334,2.89166666666667,995.743333333334
2016,268,8,65.616,257.913333333333,196.535,133.625,20.78,89.445,3.065,995.971666666667,65.616,257.913333333333,196.535,133.625,20.78,89.445,3.065,995.971666666667
2016,268,9,55.7343333333333,673.555,141.71,223.021666666667,23.12,78.4716666666667,2.535,995.743333333332,55.7343333333333,673.555,141.71,223.021666666667,23.12,78.4716666666667,2.535,995.743333333332
2016,268,10,47.6085,758.596666666667,139.281666666667,279.661666666667,26.0816666666667,64.8483333333333,1.69,995.336666666666,47.6085,758.596666666667,139.281666666667,279.661666666667,26.0816666666667,64.8483333333333,1.69,995.336666666666
2016,268,11,42.3748333333333,758.02,161.628333333333,310.643333333333,28.5266666666667,55.4716666666667,1.34666666666667,994.901666666667,42.3748333333333,758.02,161.628333333333,310.643333333333,28.5266666666667,55.4716666666667,1.34666666666667,994.901666666667
2016,268,12,41.1855,759.653333333333,195.391666666667,329.45,29.7883333333333,46.8766666666667,1.82833333333333,994.191666666667,41.1855,759.653333333333,195.391666666667,329.45,29.7883333333333,46.8766666666667,1.82833333333333,994.191666666667
2016,268,13,44.3705,367.608333333333,222.345,213.636666666667,30.39,42.4733333333333,1.51833333333333,993.381666666667,44.3705,367.608333333333,222.345,213.636666666667,30.39,42.4733333333333,1.51833333333333,993.381666666667
2016,268,14,51.1093333333333,183.95,231.956666666667,152.426666666667,30.7083333333333,40.1,1.28833333333333,992.704999999999,51.1093333333333,183.95,231.956666666667,152.426666666667,30.7083333333333,40.1,1.28833333333333,992.704999999999
2016,268,15,60.1796666666667,243.43,198.383333333333,137.046666666667,30.535,42.3066666666667,2.925,992.395000000001,60.1796666666667,243.43,198.383333333333,137.046666666667,30.535,42.3066666666667,2.925,992.395000000001
2016,268,16,70.5985,322.45,156.841666666667,104.881666666667,30.5316666666667,42.85,3.60833333333333,992.141666666666,70.5985,322.45,156.841666666667,104.881666666667,30.5316666666667,42.85,3.60833333333333,992.141666666666
2016,268,17,81.6796666666667,60.995,72.7583333333333,34.76,28.8466666666667,53.3383333333334,5.135,992.215,81.6796666666667,60.995,72.7583333333333,34.76,28.8466666666667,53.3383333333334,5.135,992.215
2016,268,18,93.1235,3.58333333333334,2.23833333333333,1.40333333333333,26.7233333333333,61.92,4.09666666666667,992.221666666666,93.1235,3.58333333333334,2.23833333333333,1.40333333333333,26.7233333333333,61.92,4.09666666666667,992.221666666666
2016,268,19,104.645,0.353333333333333,-0.4,0,25.2583333333333,69.065,3.735,992.488333333333,104.645,0.353333333333333,-0.4,0,25.2583333333333,69.065,3.735,992.488333333333
2016,268,20,115.619166666667,0.39,-0.4,0,24.0133333333333,74.6683333333333,3.54,993.161666666667,115.619166666667,0.39,-0.4,0,24.0133333333333,74.6683333333333,3.54,993.161666666667
2016,268,21,125.666166666667,0.256666666666667,-0.4,0,23.09,78.1616666666667,3.64,993.593333333333,125.666166666667,0.256666666666667,-0.4,0,23.09,78.1616666666667,3.64,993.593333333333
2016,268,22,133.991166666667,0.4,-0.4,0,22.0883333333333,82.3366666666666,3.255,994.094999999998,133.991166666667,0.4,-0.4,0,22.0883333333333,82.3366666666666,3.255,994.094999999998
2016,268,23,139.408666666667,0.151666666666667,-0.4,0,21.1716666666667,86.91,3.49,994.096666666667,139.408666666667,0.151666666666667,-0.4,0,21.1716666666667,86.91,3.49,994.096666666667
2016,269,0,140.660333333333,0.178333333333333,-0.4,0,20.6933333333333,89.2466666666667,3.18333333333333,993.888333333334,140.660333333333,0.178333333333333,-0.4,0,20.6933333333333,89.2466666666667,3.18333333333333,993.888333333334
2016,269,1,137.381,0.29,-0.4,0,19.9466666666667,91.665,3.015,994.015,137.381,0.29,-0.4,0,19.9466666666667,91.665,3.015,994.015
2016,269,2,130.468,0.26,-0.4,0,19.4583333333333,93.29,2.71,993.863333333334,130.468,0.26,-0.4,0,19.4583333333333,93.29,2.71,993.863333333334
2016,269,3,121.237166666667,-0.1,-0.4,0,19.295,93.7116666666667,3.21666666666667,993.589999999999,121.237166666667,-0.1,-0.4,0,19.295,93.7116666666667,3.21666666666667,993.589999999999
2016,269,4,110.698833333333,-0.045,-0.4,0,19.2783333333333,93.7299999999999,3.26333333333333,993.693333333333,110.698833333333,-0.045,-0.4,0,19.2783333333333,93.7299999999999,3.26333333333333,993.693333333333
2016,269,5,99.4951666666667,0.07,-0.355,0.00166666666666667,19.0816666666667,93.915,3.05833333333333,993.703333333333,99.4951666666667,0.07,-0.355,0.00166666666666667,19.0816666666667,93.915,3.05833333333333,993.703333333333
2016,269,6,87.8526666666667,18.3783333333333,17.6316666666667,9.39666666666667,18.5933333333333,95.0533333333333,3.06833333333333,993.745,87.8526666666667,18.3783333333333,17.6316666666667,9.39666666666667,18.5933333333333,95.0533333333333,3.06833333333333,993.745
2016,269,7,76.6505,269.466666666667,87.1666666666667,63.7983333333334,19.7783333333333,93.5633333333333,3.39833333333334,993.818333333332,76.6505,269.466666666667,87.1666666666667,63.7983333333334,19.7783333333333,93.5633333333333,3.39833333333334,993.818333333332
2016,269,8,65.8336666666667,510.435,131.173333333333,142.716666666667,22.41,84.5366666666666,3.955,993.430000000001,65.8336666666667,510.435,131.173333333333,142.716666666667,22.41,84.5366666666666,3.955,993.430000000001
2016,269,9,55.989,529.68,219.481666666667,216.023333333333,25.2,70.925,3.58333333333333,993.236666666666,55.989,529.68,219.481666666667,216.023333333333,25.2,70.925,3.58333333333333,993.236666666666
2016,269,10,47.9145,593.095,228.123333333333,268.178333333333,28.2866666666667,56.3133333333333,4.32166666666667,992.793333333333,47.9145,593.095,228.123333333333,268.178333333333,28.2866666666667,56.3133333333333,4.32166666666667,992.793333333333
2016,269,11,42.7328333333333,743.176666666667,174.795,309.243333333333,30.1166666666667,47.4966666666667,5.24333333333333,991.873333333333,42.7328333333333,743.176666666667,174.795,309.243333333333,30.1166666666667,47.4966666666667,5.24333333333333,991.873333333333
2016,269,12,41.5785,407.771666666667,309.383333333333,268.308333333333,31.0016666666667,43.04,5.56166666666667,991.176666666667,41.5785,407.771666666667,309.383333333333,268.308333333333,31.0016666666667,43.04,5.56166666666667,991.176666666667
2016,269,13,44.7641666666667,48.9783333333333,142.451666666667,77.5416666666666,30.1383333333333,45.92,5.26833333333333,990.206666666666,44.7641666666667,48.9783333333333,142.451666666667,77.5416666666666,30.1383333333333,45.92,5.26833333333333,990.206666666666
2016,269,14,51.4835,127.405,230.371666666667,135.248333333333,24.375,74.0666666666666,3.45833333333333,990.2,51.4835,127.405,230.371666666667,135.248333333333,24.375,74.0666666666666,3.45833333333333,990.2
2016,269,15,60.5288333333333,151.163333333333,205.48,119.461666666667,26.6666666666667,67.8083333333334,3.69333333333333,989.193333333334,60.5288333333333,151.163333333333,205.48,119.461666666667,26.6666666666667,67.8083333333334,3.69333333333333,989.193333333334
2016,269,16,70.9278333333333,22.55,90.66,42.7433333333333,27.54,60.7783333333333,3.53166666666667,988.716666666668,70.9278333333333,22.55,90.66,42.7433333333333,27.54,60.7783333333333,3.53166666666667,988.716666666668
2016,269,17,81.994,168.486666666667,73.595,42.635,27.8133333333333,60.1866666666667,2.71166666666667,988.79,81.994,168.486666666667,73.595,42.635,27.8133333333333,60.1866666666667,2.71166666666667,988.79
2016,269,18,93.4521666666667,6.99166666666665,4.01166666666666,1.76,25.655,70.0766666666666,3.19666666666667,989.008333333333,93.4521666666667,6.99166666666665,4.01166666666666,1.76,25.655,70.0766666666666,3.19666666666667,989.008333333333
2016,269,19,104.967166666667,0.0633333333333333,-0.335,0,24.6716666666667,74,3.01,989.543333333333,104.967166666667,0.0633333333333333,-0.335,0,24.6716666666667,74,3.01,989.543333333333
2016,269,20,115.9545,0.126666666666667,-0.4,0,24.3283333333333,76.0716666666667,3.355,990.003333333333,115.9545,0.126666666666667,-0.4,0,24.3283333333333,76.0716666666667,3.355,990.003333333333
2016,269,21,126.023666666667,0.105,-0.4,0,23.7766666666667,72.7416666666667,4.49,990.325000000001,126.023666666667,0.105,-0.4,0,23.7766666666667,72.7416666666667,4.49,990.325000000001
2016,269,22,134.374,0.271666666666667,-0.486666666666667,0,21.925,71.1716666666667,5.61166666666667,990.678333333334,134.374,0.271666666666667,-0.486666666666667,0,21.925,71.1716666666667,5.61166666666667,990.678333333334
2016,269,23,139.805,0.4,-0.4,0,19.7366666666667,63.3,6.08333333333333,991.156666666666,139.805,0.4,-0.4,0,19.7366666666667,63.3,6.08333333333333,991.156666666666
2016,270,0,141.041166666667,0.393333333333333,-0.555,0,19.0333333333333,64.4133333333333,5.41,991.421666666667,141.041166666667,0.393333333333333,-0.555,0,19.0333333333333,64.4133333333333,5.41,991.421666666667
2016,270,1,137.713,-0.265,-0.466666666666666,0,17.2,76.0416666666667,4.26833333333333,992.086666666667,137.713,-0.265,-0.466666666666666,0,17.2,76.0416666666667,4.26833333333333,992.086666666667
2016,270,2,130.744333333333,0.225,-0.418333333333333,0,15.6283333333333,80.7933333333333,4.90166666666667,992.316666666667,130.744333333333,0.225,-0.418333333333333,0,15.6283333333333,80.7933333333333,4.90166666666667,992.316666666667
2016,270,3,121.469666666667,-0.04,-0.248333333333333,0,14.2483333333333,91.105,2.68166666666667,992.225,121.469666666667,-0.04,-0.248333333333333,0,14.2483333333333,91.105,2.68166666666667,992.225
2016,270,4,110.901166666667,-0.21,-0.253333333333333,0,14.32,92.3533333333334,3.23666666666667,992.346666666666,110.901166666667,-0.21,-0.253333333333333,0,14.32,92.3533333333334,3.23666666666667,992.346666666666
2016,270,5,99.6833333333333,0.0916666666666667,-0.0466666666666667,0,14.48,90.3366666666667,3.35833333333333,993.056666666667,99.6833333333333,0.0916666666666667,-0.0466666666666667,0,14.48,90.3366666666667,3.35833333333333,993.056666666667
2016,270,6,88.0411666666667,0.275,6.71666666666667,2.88333333333333,14.3383333333333,88.1966666666667,3.27833333333333,993.5,88.0411666666667,0.275,6.71666666666667,2.88333333333333,14.3383333333333,88.1966666666667,3.27833333333333,993.5
2016,270,7,76.846,0.09,54.1616666666667,23.3366666666667,14.4133333333333,86.7133333333333,3.46166666666667,993.881666666667,76.846,0.09,54.1616666666667,23.3366666666667,14.4133333333333,86.7133333333333,3.46166666666667,993.881666666667
2016,270,8,66.053,16.5733333333333,142.556666666667,63.785,14.87,80.4066666666667,4.34,994.198333333333,66.053,16.5733333333333,142.556666666667,63.785,14.87,80.4066666666667,4.34,994.198333333333
2016,270,9,56.246,671.596666666666,91.0566666666666,195.743333333333,16.605,61.0916666666667,5.09666666666667,994.268333333333,56.246,671.596666666666,91.0566666666666,195.743333333333,16.605,61.0916666666667,5.09666666666667,994.268333333333
2016,270,10,48.2213333333333,960.19,72.7683333333333,292.681666666667,18.93,32.2766666666667,7.40333333333334,993.861666666666,48.2213333333333,960.19,72.7683333333333,292.681666666667,18.93,32.2766666666667,7.40333333333334,993.861666666666
2016,270,11,43.0926666666667,970.485,75.455,323.881666666667,19.7883333333333,30.785,7.14333333333333,993.26,43.0926666666667,970.485,75.455,323.881666666667,19.7883333333333,30.785,7.14333333333333,993.26
2016,270,12,41.9708333333333,976.116666666666,76.075,330.65,20.6316666666667,26.2383333333333,7.59,992.796666666666,41.9708333333333,976.116666666666,76.075,330.65,20.6316666666667,26.2383333333333,7.59,992.796666666666
2016,270,13,45.1576666666667,967.351666666667,75.59,311.393333333333,21.2983333333333,23.895,7.84833333333334,991.948333333333,45.1576666666667,967.351666666667,75.59,311.393333333333,21.2983333333333,23.895,7.84833333333334,991.948333333333
2016,270,14,51.8576666666667,936.586666666667,73.4316666666667,266.97,21.9683333333333,20.76,7.43333333333333,991.406666666667,51.8576666666667,936.586666666667,73.4316666666667,266.97,21.9683333333333,20.76,7.43333333333333,991.406666666667
2016,270,15,60.8776666666667,872.165,69.5666666666667,200.963333333333,22.505,19.735,6.95,991.099999999999,60.8776666666667,872.165,69.5666666666667,200.963333333333,22.505,19.735,6.95,991.099999999999
2016,270,16,71.2575,757.716666666667,58.1716666666667,120.488333333333,22.1983333333333,17.8766666666667,7.405,990.848333333334,71.2575,757.716666666667,58.1716666666667,120.488333333333,22.1983333333333,17.8766666666667,7.405,990.848333333334
2016,270,17,82.3063333333333,442.973333333333,35.4716666666667,40.2533333333333,21.0883333333333,20.2833333333333,5.35,990.946666666667,82.3063333333333,442.973333333333,35.4716666666667,40.2533333333333,21.0883333333333,20.2833333333333,5.35,990.946666666667
2016,270,18,93.7675,12.3916666666667,2.52666666666666,1.86491228070175,17.7933333333333,31.9466666666667,3.48333333333333,991.046666666666,93.7675,12.3916666666667,2.52666666666666,1.86491228070175,17.7933333333333,31.9466666666667,3.48333333333333,991.046666666666
2016,270,19,105.288833333333,0.28,-0.4,0,15.145,43.5016666666667,3.64,991.401666666666,105.288833333333,0.28,-0.4,0,15.145,43.5016666666667,3.64,991.401666666666
2016,270,20,116.289333333333,-0.115,-0.4,0,14.0816666666667,47.5983333333333,3.60666666666667,991.768333333335,116.289333333333,-0.115,-0.4,0,14.0816666666667,47.5983333333333,3.60666666666667,991.768333333335
2016,270,21,126.380333333333,0.015,-0.4,0,13.08,52.7633333333333,3.63666666666667,991.729999999999,126.380333333333,0.015,-0.4,0,13.08,52.7633333333333,3.63666666666667,991.729999999999
2016,270,22,134.756,-0.158333333333333,-0.4,0,11.6433333333333,61.9733333333333,3.23833333333333,991.548333333333,134.756,-0.158333333333333,-0.4,0,11.6433333333333,61.9733333333333,3.23833333333333,991.548333333333
2016,270,23,140.200333333333,-0.261666666666667,-0.4,0,10.9616666666667,68.5216666666667,3.375,991.221666666666,140.200333333333,-0.261666666666667,-0.4,0,10.9616666666667,68.5216666666667,3.375,991.221666666666
2016,271,0,141.421,-0.386666666666666,-0.4,0,11.1383333333333,67.59,3.69666666666667,990.921666666668,141.421,-0.386666666666666,-0.4,0,11.1383333333333,67.59,3.69666666666667,990.921666666668
2016,271,1,138.042833333333,-0.296666666666667,-0.4,0,10.9216666666667,69.9916666666667,3.81666666666667,990.693333333333,138.042833333333,-0.296666666666667,-0.4,0,10.9216666666667,69.9916666666667,3.81666666666667,990.693333333333
2016,271,2,131.018666666667,-0.223333333333333,-0.4,0,10.355,74.335,3.68666666666667,990.186666666666,131.018666666667,-0.223333333333333,-0.4,0,10.355,74.335,3.68666666666667,990.186666666666
2016,271,3,121.6995,-0.271666666666667,-0.4,0,10.4316666666667,74.8783333333333,3.67166666666667,989.585,121.6995,-0.271666666666667,-0.4,0,10.4316666666667,74.8783333333333,3.67166666666667,989.585
2016,271,4,111.103,-0.4,-0.4,0,10.5016666666667,75.68,3.80666666666667,989.173333333333,111.103,-0.4,-0.4,0,10.5016666666667,75.68,3.80666666666667,989.173333333333
2016,271,5,99.87,-0.39,-0.363333333333333,0,10.5833333333333,75.705,3.765,988.988333333333,99.87,-0.39,-0.363333333333333,0,10.5833333333333,75.705,3.765,988.988333333333
2016,271,6,88.2305,186.5,13.8183333333333,11.8016666666667,10.9833333333333,73.7716666666667,3.54666666666667,988.991666666667,88.2305,186.5,13.8183333333333,11.8016666666667,10.9833333333333,73.7716666666667,3.54666666666667,988.991666666667
2016,271,7,77.0416666666667,648.411666666666,43.6083333333333,77.0466666666667,12.9066666666667,68.8566666666667,3.51166666666667,988.910000000001,77.0416666666667,648.411666666666,43.6083333333333,77.0466666666667,12.9066666666667,68.8566666666667,3.51166666666667,988.910000000001
2016,271,8,66.2735,839.206666666667,56.295,160.68,15.7983333333333,55.6083333333333,5.46166666666667,988.763333333333,66.2735,839.206666666667,56.295,160.68,15.7983333333333,55.6083333333333,5.46166666666667,988.763333333333
2016,271,9,56.5036666666667,922.765,63.4416666666667,234.965,17.905,45.0416666666667,5.21166666666667,988.596666666667,56.5036666666667,922.765,63.4416666666667,234.965,17.905,45.0416666666667,5.21166666666667,988.596666666667
2016,271,10,48.5286666666667,959.181666666667,67.9533333333333,290.12,20.2783333333333,31.4483333333333,6.31333333333333,987.941666666667,48.5286666666667,959.181666666667,67.9533333333333,290.12,20.2783333333333,31.4483333333333,6.31333333333333,987.941666666667
2016,271,11,43.4526666666667,952.99,81.9266666666667,321.081666666667,21.8566666666667,26.4483333333333,7.285,986.943333333333,43.4526666666667,952.99,81.9266666666667,321.081666666667,21.8566666666667,26.4483333333333,7.285,986.943333333333
2016,271,12,42.3638333333333,686.286666666667,180.26,288.216666666667,22.8533333333333,21.6,8.175,985.96,42.3638333333333,686.286666666667,180.26,288.216666666667,22.8533333333333,21.6,8.175,985.96
2016,271,13,45.5516666666667,832.493333333333,116.678333333333,291.328333333333,23.4633333333333,19.6583333333333,7.98166666666666,985.076666666667,45.5516666666667,832.493333333333,116.678333333333,291.328333333333,23.4633333333333,19.6583333333333,7.98166666666666,985.076666666667
2016,271,14,52.2303333333333,909.405,74.3166666666667,263.053333333333,23.865,19.5233333333333,7.81666666666667,984.493333333334,52.2303333333333,909.405,74.3166666666667,263.053333333333,23.865,19.5233333333333,7.81666666666667,984.493333333334
2016,271,15,61.2271666666667,844.606666666666,68.495,197.161666666667,23.9416666666667,19.965,7.56833333333334,984.030000000001,61.2271666666667,844.606666666666,68.495,197.161666666667,23.9416666666667,19.965,7.56833333333334,984.030000000001
2016,271,16,71.5868333333333,711.235,58.445,116.073333333333,23.6983333333333,20.8466666666667,6.94166666666667,983.725,71.5868333333333,711.235,58.445,116.073333333333,23.6983333333333,20.8466666666667,6.94166666666667,983.725
2016,271,17,82.618,410.33,34.1033333333333,37.55,22.7416666666667,23.755,4.99333333333333,983.718333333333,82.618,410.33,34.1033333333333,37.55,22.7416666666667,23.755,4.99333333333333,983.718333333333
2016,271,18,94.0968333333333,10.495,2.05666666666666,1.26166666666667,19.94,30.5816666666667,3.61,983.910000000001,94.0968333333333,10.495,2.05666666666666,1.26166666666667,19.94,30.5816666666667,3.61,983.910000000001
2016,271,19,105.607,0.396666666666666,-0.4,0,18.635,34.0133333333333,3.485,984.084999999999,105.607,0.396666666666666,-0.4,0,18.635,34.0133333333333,3.485,984.084999999999
2016,271,20,116.623333333333,0.4,-0.4,0,15.7183333333333,48.1633333333333,2.60333333333333,984.301666666668,116.623333333333,0.4,-0.4,0,15.7183333333333,48.1633333333333,2.60333333333333,984.301666666668
2016,271,21,126.736,0.338333333333333,-0.291666666666667,0,14.1783333333333,56.93,1.78333333333333,984.293333333333,126.736,0.338333333333333,-0.291666666666667,0,14.1783333333333,56.93,1.78333333333333,984.293333333333
2016,271,22,135.137833333333,0.141666666666667,-0.391666666666666,0,13.7783333333333,62.5066666666667,2.99833333333333,983.916666666668,135.137833333333,0.141666666666667,-0.391666666666666,0,13.7783333333333,62.5066666666667,2.99833333333333,983.916666666668
2016,271,23,140.599166666667,0.0133333333333334,-0.353333333333333,0,13.16,69.6016666666667,2.90833333333333,983.445000000001,140.599166666667,0.0133333333333334,-0.353333333333333,0,13.16,69.6016666666667,2.90833333333333,983.445000000001
2016,272,0,141.8005,0.0766666666666666,-0.391666666666666,0,13.4866666666667,72.94,2.67,983.061666666668,141.8005,0.0766666666666666,-0.391666666666666,0,13.4866666666667,72.94,2.67,983.061666666668
2016,272,1,138.3735,-0.231666666666667,-0.351666666666667,0,14.0983333333333,72.4833333333333,2.94333333333333,982.540000000001,138.3735,-0.231666666666667,-0.351666666666667,0,14.0983333333333,72.4833333333333,2.94333333333333,982.540000000001
2016,272,2,131.293333333333,-0.286666666666667,-0.391666666666666,0,14.8066666666667,73.005,3.20166666666667,981.946666666668,131.293333333333,-0.286666666666667,-0.391666666666666,0,14.8066666666667,73.005,3.20166666666667,981.946666666668
2016,272,3,121.9305,0.393333333333333,-0.4,0,14.2516666666667,78.155,2.21333333333333,982.003333333333,121.9305,0.393333333333333,-0.4,0,14.2516666666667,78.155,2.21333333333333,982.003333333333
2016,272,4,111.3055,0.365,-0.351666666666667,0,13.5733333333333,81.9933333333333,1.28833333333333,982.213333333334,111.3055,0.365,-0.351666666666667,0,13.5733333333333,81.9933333333333,1.28833333333333,982.213333333334
2016,272,5,100.058833333333,0.383333333333333,-0.268333333333333,0,13.0266666666667,81.0866666666667,2.81666666666667,982.513333333333,100.058833333333,0.383333333333333,-0.268333333333333,0,13.0266666666667,81.0866666666667,2.81666666666667,982.513333333333
2016,272,6,88.419,0.363333333333333,6.57166666666667,3.18333333333333,12.1733333333333,81.0916666666667,4.49166666666667,983.311666666666,88.419,0.363333333333333,6.57166666666667,3.18333333333333,12.1733333333333,81.0916666666667,4.49166666666667,983.311666666666
2016,272,7,77.2386666666667,62.6766666666667,83.2216666666667,40.2516666666667,12.235,80.1633333333333,6.62833333333333,984.443333333333,77.2386666666667,62.6766666666667,83.2216666666667,40.2516666666667,12.235,80.1633333333333,6.62833333333333,984.443333333333
2016,272,8,66.4945,91.3666666666666,155.966666666667,85.205,12.4183333333333,73.8733333333333,7.495,985.323333333333,66.4945,91.3666666666666,155.966666666667,85.205,12.4183333333333,73.8733333333333,7.495,985.323333333333
2016,272,9,56.762,369.5,270.478333333333,204.908333333333,12.7466666666667,70.88,7.97833333333333,986.313333333333,56.762,369.5,270.478333333333,204.908333333333,12.7466666666667,70.88,7.97833333333333,986.313333333333
2016,272,10,48.8381666666667,639.008333333333,208.165,267.991666666667,13.5466666666667,64.7916666666667,7.96833333333333,986.915,48.8381666666667,639.008333333333,208.165,267.991666666667,13.5466666666667,64.7916666666667,7.96833333333333,986.915
2016,272,11,43.8136666666667,78.2516666666667,315.016666666667,157.816666666667,13.5966666666667,63.6183333333333,7.66166666666667,987.508333333333,43.8136666666667,78.2516666666667,315.016666666667,157.816666666667,13.5966666666667,63.6183333333333,7.66166666666667,987.508333333333
2016,272,12,42.7561666666667,5.485,298.488333333333,130.298333333333,13.8266666666667,62.3666666666667,7.79,988.191666666667,42.7561666666667,5.485,298.488333333333,130.298333333333,13.8266666666667,62.3666666666667,7.79,988.191666666667
2016,272,13,45.9446666666667,0.489999999999999,173.52,76.1683333333333,14.3966666666667,61.1783333333333,6.07166666666667,988.575,45.9446666666667,0.489999999999999,173.52,76.1683333333333,14.3966666666667,61.1783333333333,6.07166666666667,988.575
2016,272,14,52.6025,10.25,212.665,96.5083333333333,14.6533333333333,63.9833333333333,6.66166666666667,989.09,52.6025,10.25,212.665,96.5083333333333,14.6533333333333,63.9833333333333,6.66166666666667,989.09
2016,272,15,61.5751666666667,79.2216666666665,110.9,66.3566666666666,14.74,65.705,6.33833333333333,989.723333333333,61.5751666666667,79.2216666666665,110.9,66.3566666666666,14.74,65.705,6.33833333333333,989.723333333333
2016,272,16,71.9155,0.448333333333333,31.7683333333333,14.7733333333333,14.725,64.165,6.21333333333333,990.501666666667,71.9155,0.448333333333333,31.7683333333333,14.7733333333333,14.725,64.165,6.21333333333333,990.501666666667
2016,272,17,82.9273333333333,-0.0866666666666667,29.4583333333333,13.0150943396226,13.54,77.0333333333333,4.11833333333333,991.064999999999,82.9273333333333,-0.0866666666666667,29.4583333333333,13.0150943396226,13.54,77.0333333333333,4.11833333333333,991.064999999999
2016,272,18,94.4246666666667,0.308333333333333,0.378333333333333,0.281034482758621,13.3833333333333,80.5833333333333,4.055,991.705,94.4246666666667,0.308333333333333,0.378333333333333,0.281034482758621,13.3833333333333,80.5833333333333,4.055,991.705
2016,272,19,105.927166666667,0.251666666666667,-0.4,0.00666666666666667,12.5416666666667,87.7166666666667,2.47666666666667,992.383333333333,105.927166666667,0.251666666666667,-0.4,0.00666666666666667,12.5416666666667,87.7166666666667,2.47666666666667,992.383333333333
2016,272,20,116.955333333333,0.276666666666667,-0.4,0,12.7783333333333,81.7516666666667,3.63833333333333,992.644999999999,116.955333333333,0.276666666666667,-0.4,0,12.7783333333333,81.7516666666667,3.63833333333333,992.644999999999
2016,272,21,127.089833333333,0.0283333333333333,-0.285,0,12.7233333333333,81.3816666666667,3.92833333333333,992.596666666666,127.089833333333,0.0283333333333333,-0.285,0,12.7233333333333,81.3816666666667,3.92833333333333,992.596666666666
2016,272,22,135.518166666667,0.138333333333333,-0.388333333333333,0,13.185,80.8716666666667,4.96333333333333,992.614999999999,135.518166666667,0.138333333333333,-0.388333333333333,0,13.185,80.8716666666667,4.96333333333333,992.614999999999
2016,272,23,140.994666666667,0.23,-0.4,0,13.175,80.7883333333334,4.88833333333333,992.31,140.994666666667,0.23,-0.4,0,13.175,80.7883333333334,4.88833333333333,992.31
2016,273,0,142.18,0.361666666666667,-0.4,0,13.1633333333333,81.6833333333334,6.405,991.871666666666,142.18,0.361666666666667,-0.4,0,13.1633333333333,81.6833333333334,6.405,991.871666666666
2016,273,1,138.703666666667,-0.115,-0.358333333333333,0.157627118644068,12.86,85.3833333333333,5.48333333333333,991.675,138.703666666667,-0.115,-0.358333333333333,0.157627118644068,12.86,85.3833333333333,5.48333333333333,991.675
2016,273,2,131.566333333333,0.211666666666667,-0.416666666666666,0,13.2483333333333,89.1566666666667,6.075,991.74,131.566333333333,0.211666666666667,-0.416666666666666,0,13.2483333333333,89.1566666666667,6.075,991.74
2016,273,3,122.1585,0.318333333333333,-0.375,0,13.055,91.5933333333333,4.48833333333333,991.695,122.1585,0.318333333333333,-0.375,0,13.055,91.5933333333333,4.48833333333333,991.695
2016,273,4,111.507333333333,-0.25,-0.165,0,13.5316666666667,92.835,4.91,991.788333333334,111.507333333333,-0.25,-0.165,0,13.5316666666667,92.835,4.91,991.788333333334
2016,273,5,100.247666666667,-0.188333333333333,-0.258333333333333,0,14.2016666666667,90.8916666666667,6.60333333333334,992.12,100.247666666667,-0.188333333333333,-0.258333333333333,0,14.2016666666667,90.8916666666667,6.60333333333334,992.12
2016,273,6,88.6096666666667,13.0183333333333,15.3183333333333,5.23333333333333,14.6016666666667,89.8933333333333,6.90333333333334,992.968333333334,88.6096666666667,13.0183333333333,15.3183333333333,5.23333333333333,14.6016666666667,89.8933333333333,6.90333333333334,992.968333333334
2016,273,7,77.4371666666667,130.01,97.2833333333333,54.148275862069,14.9116666666667,86.76,6.51166666666667,993.906666666666,77.4371666666667,130.01,97.2833333333333,54.148275862069,14.9116666666667,86.76,6.51166666666667,993.906666666666
2016,273,8,66.7175,83.8933333333333,191.56,94.79,15.47,81.965,6.475,994.218333333333,66.7175,83.8933333333333,191.56,94.79,15.47,81.965,6.475,994.218333333333
2016,273,9,57.023,0.401666666666666,176.151666666667,78.1766666666667,15.6316666666667,81.7816666666667,5.24166666666667,994.678333333333,57.023,0.401666666666666,176.151666666667,78.1766666666667,15.6316666666667,81.7816666666667,5.24166666666667,994.678333333333
2016,273,10,49.1476666666667,1.03833333333333,218.18,97.9283333333333,15.075,88.3366666666666,4.59666666666667,995.018333333333,49.1476666666667,1.03833333333333,218.18,97.9283333333333,15.075,88.3366666666666,4.59666666666667,995.018333333333
2016,273,11,44.174,71.5383333333333,352.745,174.941666666667,16.0266666666667,83.1,3.83,995.071666666667,44.174,71.5383333333333,352.745,174.941666666667,16.0266666666667,83.1,3.83,995.071666666667
2016,273,12,43.1485,164.278333333333,295.84,178.631666666667,17.2666666666667,75.1783333333333,4.64833333333333,994.816666666667,43.1485,164.278333333333,295.84,178.631666666667,17.2666666666667,75.1783333333333,4.64833333333333,994.816666666667
2016,273,13,46.3358333333333,3.87,232.351666666667,102.956666666667,18.225,69.2966666666667,5.33666666666667,994.486666666667,46.3358333333333,3.87,232.351666666667,102.956666666667,18.225,69.2966666666667,5.33666666666667,994.486666666667
2016,273,14,52.9748333333333,245.135,224.31,158.256666666667,19.49,63.095,5.23,994.063333333333,52.9748333333333,245.135,224.31,158.256666666667,19.49,63.095,5.23,994.063333333333
2016,273,15,61.9226666666667,276.923333333333,172.666666666667,127.711666666667,20.48,54.0916666666667,5.305,993.921666666668,61.9226666666667,276.923333333333,172.666666666667,127.711666666667,20.48,54.0916666666667,5.305,993.921666666668
2016,273,16,72.2416666666667,434.028333333333,118.665,102.253333333333,20.575,58.13,5.635,993.983333333333,72.2416666666667,434.028333333333,118.665,102.253333333333,20.575,58.13,5.635,993.983333333333
2016,273,17,83.2355,139.831666666667,48.2433333333333,35.0736842105263,19.27,70.9,6.62333333333334,994.296666666668,83.2355,139.831666666667,48.2433333333333,35.0736842105263,19.27,70.9,6.62333333333334,994.296666666668
2016,273,18,94.7396666666667,0.703333333333333,-0.258333333333333,0.11,16.8583333333333,84.8533333333333,6.93333333333333,994.896666666666,94.7396666666667,0.703333333333333,-0.258333333333333,0.11,16.8583333333333,84.8533333333333,6.93333333333333,994.896666666666
2016,273,19,106.243666666667,0.4,-0.396666666666666,0,16.0083333333333,90.7183333333333,4.28666666666667,995.493333333333,106.243666666667,0.4,-0.396666666666666,0,16.0083333333333,90.7183333333333,4.28666666666667,995.493333333333
2016,273,20,117.286,0.363333333333333,-0.4,0,15.25,92.625,4.34833333333333,995.706666666665,117.286,0.363333333333333,-0.4,0,15.25,92.625,4.34833333333333,995.706666666665
2016,273,21,127.442166666667,0.293333333333333,-0.4,0,15.0316666666667,92.8016666666667,4.38333333333333,995.715,127.442166666667,0.293333333333333,-0.4,0,15.0316666666667,92.8016666666667,4.38333333333333,995.715
2016,273,22,135.897666666667,0.136666666666667,-0.4,0.117241379310345,14.8283333333333,93.335,5.1,995.515000000001,135.897666666667,0.136666666666667,-0.4,0.117241379310345,14.8283333333333,93.335,5.1,995.515000000001
2016,273,23,141.388833333333,0.388333333333333,-0.4,NA,15.065,93.2283333333333,5.135,994.920000000001,141.388833333333,0.388333333333333,-0.4,0,15.065,93.2283333333333,5.135,994.920000000001
2016,274,0,142.557166666667,0.4,-0.4,NA,15.1483333333333,93.1083333333333,4.14166666666667,994.736666666665,142.557166666667,0.4,-0.4,0,15.1483333333333,93.1083333333333,4.14166666666667,994.736666666665
2016,274,1,139.031166666667,0.4,-0.4,-0.186111111111111,15.1316666666667,93.5,3.945,994.309999999999,139.031166666667,0.4,-0.4,-0.186111111111111,15.1316666666667,93.5,3.945,994.309999999999
2016,274,2,131.839,0.4,-0.4,NA,15.12,93.9733333333334,4.78333333333333,993.933333333333,131.839,0.4,-0.4,0,15.12,93.9733333333334,4.78333333333333,993.933333333333
2016,274,3,122.388166666667,0.4,-0.4,NA,14.9616666666667,94.345,4.765,993.581666666667,122.388166666667,0.4,-0.4,0,14.9616666666667,94.345,4.765,993.581666666667
2016,274,4,111.708833333333,0.4,-0.388333333333333,NA,14.9866666666667,93.89,4.79833333333333,993.109999999999,111.708833333333,0.4,-0.388333333333333,0,14.9866666666667,93.89,4.79833333333333,993.109999999999
2016,274,5,100.436666666667,0.4,-0.135,0.01,14.985,93.3833333333333,4.69,993.231666666666,100.436666666667,0.4,-0.135,0.01,14.985,93.3833333333333,4.69,993.231666666666
2016,274,6,88.8005,0.4,2.22166666666667,1.14166666666667,14.9783333333333,93.5483333333333,4.08166666666667,993.61,88.8005,0.4,2.22166666666667,1.14166666666667,14.9783333333333,93.5483333333333,4.08166666666667,993.61
2016,274,7,77.6366666666667,0.4,24.81,12.0465517241379,15.22,93.3566666666667,3.685,993.348333333334,77.6366666666667,0.4,24.81,12.0465517241379,15.22,93.3566666666667,3.685,993.348333333334
2016,274,8,66.9418333333333,0.393333333333333,62.3733333333333,29.1033333333333,15.6066666666667,92.5083333333334,4.39166666666667,993.298333333334,66.9418333333333,0.393333333333333,62.3733333333333,29.1033333333333,15.6066666666667,92.5083333333334,4.39166666666667,993.298333333334
2016,274,9,57.2853333333333,0.4,103.618333333333,49.2583333333333,16.1233333333333,90.2683333333334,5.29333333333333,993.431666666667,57.2853333333333,0.4,103.618333333333,49.2583333333333,16.1233333333333,90.2683333333334,5.29333333333333,993.431666666667
2016,274,10,49.4588333333333,0.378333333333333,148.895,71.0416666666667,16.595,87.9566666666666,5.87833333333333,993.236666666666,49.4588333333333,0.378333333333333,148.895,71.0416666666667,16.595,87.9566666666666,5.87833333333333,993.236666666666
2016,274,11,44.535,0.493333333333333,200.206666666667,92.495,17.1616666666667,85.3316666666666,5.40333333333333,992.983333333333,44.535,0.493333333333333,200.206666666667,92.495,17.1616666666667,85.3316666666666,5.40333333333333,992.983333333333
2016,274,12,43.5395,0.448333333333333,132.921666666667,62.615,17.7483333333333,82.19,5.06333333333334,992.338333333333,43.5395,0.448333333333333,132.921666666667,62.615,17.7483333333333,82.19,5.06333333333334,992.338333333333
2016,274,13,46.7275,3.06333333333333,177.66,82.995,17.8633333333333,84.0733333333333,5.18666666666666,991.481666666667,46.7275,3.06333333333333,177.66,82.995,17.8633333333333,84.0733333333333,5.18666666666666,991.481666666667
2016,274,14,53.3458333333333,0.333333333333333,131.206666666667,60.91,18.0066666666667,83.0416666666667,5.345,991.063333333333,53.3458333333333,0.333333333333333,131.206666666667,60.91,18.0066666666667,83.0416666666667,5.345,991.063333333333
2016,274,15,62.269,154.578333333333,214.725,124.671666666667,18.7166666666667,80.7216666666666,5.38333333333333,990.595,62.269,154.578333333333,214.725,124.671666666667,18.7166666666667,80.7216666666666,5.38333333333333,990.595
2016,274,16,72.5688333333333,0.331666666666667,53.7816666666667,24.5833333333333,18.235,84.2216666666667,5.05,990.566666666666,72.5688333333333,0.331666666666667,53.7816666666667,24.5833333333333,18.235,84.2216666666667,5.05,990.566666666666
2016,274,17,83.541,29.51,61.845,30.0764705882353,17.995,86.34,4.78333333333333,990.656666666667,83.541,29.51,61.845,30.0764705882353,17.995,86.34,4.78333333333333,990.656666666667
2016,274,18,95.0683333333333,0.4,1.28666666666666,0.528333333333333,17.2866666666667,89.3483333333334,4.55333333333333,990.711666666666,95.0683333333333,0.4,1.28666666666666,0.528333333333333,17.2866666666667,89.3483333333334,4.55333333333333,990.711666666666
2016,274,19,106.560666666667,0.4,-0.348333333333333,0,16.895,91.385,4.975,990.805000000001,106.560666666667,0.4,-0.348333333333333,0,16.895,91.385,4.975,990.805000000001
2016,274,20,117.615666666667,0.4,-0.4,0,16.64,93.5516666666667,4.22833333333333,990.833333333334,117.615666666667,0.4,-0.4,0,16.64,93.5516666666667,4.22833333333333,990.833333333334
2016,274,21,127.793333333333,0.346666666666667,-0.393333333333333,0,16.37,95.3316666666667,3.72166666666667,990.646666666667,127.793333333333,0.346666666666667,-0.393333333333333,0,16.37,95.3316666666667,3.72166666666667,990.646666666667
2016,274,22,136.274833333333,0.33,-0.106666666666667,0,16.355,95.345,2.96333333333333,990.684999999999,136.274833333333,0.33,-0.106666666666667,0,16.355,95.345,2.96333333333333,990.684999999999
2016,274,23,141.783833333333,0.4,0,0,16.1983333333333,93.52,2.24166666666667,990.67,141.783833333333,0.4,0,0,16.1983333333333,93.52,2.24166666666667,990.67
2016,275,0,142.935833333333,0.4,-0.268333333333334,0,15.825,92.6516666666667,1.77333333333333,990.488333333333,142.935833333333,0.4,-0.268333333333334,0,15.825,92.6516666666667,1.77333333333333,990.488333333333
2016,275,1,139.358166666667,0.4,-0.09,0,15.545,95.0933333333333,1.56666666666667,990.501666666667,139.358166666667,0.4,-0.09,0,15.545,95.0933333333333,1.56666666666667,990.501666666667
2016,275,2,132.109833333333,0.4,0,0,15.5683333333333,95.37,2.70333333333333,990.376666666667,132.109833333333,0.4,0,0,15.5683333333333,95.37,2.70333333333333,990.376666666667
2016,275,3,122.616166666667,0.345,-0.115,0,15.215,95.2316666666668,2.58166666666667,990.298333333333,122.616166666667,0.345,-0.115,0,15.215,95.2316666666668,2.58166666666667,990.298333333333
2016,275,4,111.910333333333,0.4,0,0,14.94,95.295,2.14166666666667,990.285000000001,111.910333333333,0.4,0,0,14.94,95.295,2.14166666666667,990.285000000001
2016,275,5,100.625666666667,0.4,0,0,15.135,94.9383333333333,1.9,990.416666666667,100.625666666667,0.4,0,0,15.135,94.9383333333333,1.9,990.416666666667
2016,275,6,88.9921666666667,0.4,3.81166666666667,1.96166666666667,15.1766666666667,94.54,1.54666666666667,990.671666666668,88.9921666666667,0.4,3.81166666666667,1.96166666666667,15.1766666666667,94.54,1.54666666666667,990.671666666668
2016,275,7,77.8371666666667,0.42,38.475,17.1283333333333,15.3116666666667,93.425,1.545,991.059999999999,77.8371666666667,0.42,38.475,17.1283333333333,15.3116666666667,93.425,1.545,991.059999999999
2016,275,8,67.1676666666667,0.4,49.2616666666667,22.945,15.0133333333333,93.0166666666667,2.455,991.181666666666,67.1676666666667,0.4,49.2616666666667,22.945,15.0133333333333,93.0166666666667,2.455,991.181666666666
2016,275,9,57.549,0.4,98.545,45.4283333333333,14.96,93.455,2.51833333333333,991.395000000001,57.549,0.4,98.545,45.4283333333333,14.96,93.455,2.51833333333333,991.395000000001
2016,275,10,49.772,0.833333333333333,252.045,113.141666666667,15.8283333333333,87.5416666666667,3.30166666666667,991.579999999999,49.772,0.833333333333333,252.045,113.141666666667,15.8283333333333,87.5416666666667,3.30166666666667,991.579999999999
2016,275,11,44.8958333333333,252.576666666667,424.095,261.031481481481,16.9183333333333,81.6583333333333,3.12333333333333,991.155,44.8958333333333,252.576666666667,424.095,261.031481481481,16.9183333333333,81.6583333333333,3.12333333333333,991.155
2016,275,12,43.9305,656.57,229.076666666667,299.565,18.77,69.4566666666667,2.525,990.25,43.9305,656.57,229.076666666667,299.565,18.77,69.4566666666667,2.525,990.25
2016,275,13,47.1178333333333,377.305,330.636666666667,255.748333333333,19.8883333333333,62.9466666666667,2.455,989.411666666667,47.1178333333333,377.305,330.636666666667,255.748333333333,19.8883333333333,62.9466666666667,2.455,989.411666666667
2016,275,14,53.716,127.376666666667,226.486666666667,133.29,20.3733333333333,59.23,2.80833333333333,989.106666666666,53.716,127.376666666667,226.486666666667,133.29,20.3733333333333,59.23,2.80833333333333,989.106666666666
2016,275,15,62.6141666666667,0.621666666666666,134.981666666667,60.4383333333333,19.685,65.4366666666667,3.08166666666667,989.311666666667,62.6141666666667,0.621666666666666,134.981666666667,60.4383333333333,19.685,65.4366666666667,3.08166666666667,989.311666666667
2016,275,16,72.8941666666667,418.26,96.0216666666667,86.9883333333333,19.5483333333333,68.305,2.18,989.345,72.8941666666667,418.26,96.0216666666667,86.9883333333333,19.5483333333333,68.305,2.18,989.345
2016,275,17,83.8443333333333,186.783333333333,28.7583333333333,25.0433333333333,19.5616666666667,67.4383333333333,0.898333333333333,989.356666666667,83.8443333333333,186.783333333333,28.7583333333333,25.0433333333333,19.5616666666667,67.4383333333333,0.898333333333333,989.356666666667
2016,275,18,95.383,0.4,0.576666666666668,0.998305084745763,18.2816666666667,73.0633333333333,1.79833333333333,989.716666666667,95.383,0.4,0.576666666666668,0.998305084745763,18.2816666666667,73.0633333333333,1.79833333333333,989.716666666667
2016,275,19,106.874833333333,0.353333333333333,-0.36,0,17.1533333333333,81.4883333333333,1.58333333333333,990.044999999999,106.874833333333,0.353333333333333,-0.36,0,17.1533333333333,81.4883333333333,1.58333333333333,990.044999999999
2016,275,20,117.9435,0.4,-0.395,0,16.465,85.0466666666667,1.49166666666667,990.411666666667,117.9435,0.4,-0.395,0,16.465,85.0466666666667,1.49166666666667,990.411666666667
2016,275,21,128.1435,0.4,-0.37,NA,16.2666666666667,84.3616666666667,1.50833333333333,990.595,128.1435,0.4,-0.37,0.0966666666666667,16.2666666666667,84.3616666666667,1.50833333333333,990.595
2016,275,22,136.652,0.4,-0.39,-0.00677966101694915,15.8283333333333,85.9183333333333,0.916,990.641666666665,136.652,0.4,-0.39,-0.00677966101694915,15.8283333333333,85.9183333333333,0.916,990.641666666665
2016,275,23,142.177333333333,0.37,-0.228333333333333,0,15.5466666666667,90.8333333333333,0.936666666666667,990.836666666667,142.177333333333,0.37,-0.228333333333333,0,15.5466666666667,90.8333333333333,0.936666666666667,990.836666666667
2016,276,0,143.3125,0.4,-0.396666666666666,0,15.1483333333333,92.9916666666666,1.50666666666667,990.963333333333,143.3125,0.4,-0.396666666666666,0,15.1483333333333,92.9916666666666,1.50666666666667,990.963333333333
2016,276,1,139.685833333333,0.4,-0.32,0,14.7416666666667,94.4166666666666,1.815,991.246666666666,139.685833333333,0.4,-0.32,0,14.7416666666667,94.4166666666666,1.815,991.246666666666
2016,276,2,132.379666666667,0.4,-0.398333333333333,0,14.6333333333333,94.4466666666667,2.00333333333333,991.09,132.379666666667,0.4,-0.398333333333333,0,14.6333333333333,94.4466666666667,2.00333333333333,991.09
2016,276,3,122.843333333333,0.141666666666667,-0.328333333333333,0,13.55,95.56,1.91833333333333,990.95,122.843333333333,0.141666666666667,-0.328333333333333,0,13.55,95.56,1.91833333333333,990.95
2016,276,4,112.111166666667,0.4,-0.4,0,13.3066666666667,96.71,0.843333333333333,991.471666666666,112.111166666667,0.4,-0.4,0,13.3066666666667,96.71,0.843333333333333,991.471666666666
2016,276,5,100.815,0.243333333333334,-0.4,0.218333333333333,13.7616666666667,97.4433333333334,1.82333333333333,991.921666666667,100.815,0.243333333333334,-0.4,0.218333333333333,13.7616666666667,97.4433333333334,1.82333333333333,991.921666666667
2016,276,6,89.184,0.4,11.0066666666667,0.126666666666667,13.9166666666667,97.6666666666666,1.61666666666667,992.336666666667,89.184,0.4,11.0066666666667,0.126666666666667,13.9166666666667,97.6666666666666,1.61666666666667,992.336666666667
2016,276,7,78.0371666666667,0.4,28.9516666666667,NA,14.0233333333333,97.72,0.936666666666666,992.750000000001,78.0371666666667,0.4,28.9516666666667,20.3588095238095,14.0233333333333,97.72,0.936666666666666,992.750000000001
2016,276,8,67.3946666666667,0.405,74.8716666666667,NA,14.3533333333333,97.7266666666667,1.57166666666667,993.098333333333,67.3946666666667,0.405,74.8716666666667,44.8583333333333,14.3533333333333,97.7266666666667,1.57166666666667,993.098333333333
2016,276,9,57.8138333333333,2.25666666666667,151.78,83.3022727272727,14.8483333333333,97.4816666666667,1.87,993.591666666665,57.8138333333333,2.25666666666667,151.78,83.3022727272727,14.8483333333333,97.4816666666667,1.87,993.591666666665
2016,276,10,50.0843333333333,50.235,381.025,179.578333333333,16.49,91.8483333333333,1.83666666666667,993.638333333333,50.0843333333333,50.235,381.025,179.578333333333,16.49,91.8483333333333,1.83666666666667,993.638333333333
2016,276,11,45.2575,82.8916666666667,346.7,177.513333333333,18.31,75.5833333333333,1.925,993.373333333334,45.2575,82.8916666666667,346.7,177.513333333333,18.31,75.5833333333333,1.925,993.373333333334
2016,276,12,44.3206666666667,58.61,278.061666666667,139.036666666667,19.4,68.1916666666667,2.275,992.92,44.3206666666667,58.61,278.061666666667,139.036666666667,19.4,68.1916666666667,2.275,992.92
2016,276,13,47.5075,55.0883333333333,313.948333333333,153.418333333333,20.1566666666667,63.5033333333333,3,992.256666666666,47.5075,55.0883333333333,313.948333333333,153.418333333333,20.1566666666667,63.5033333333333,3,992.256666666666
2016,276,14,54.0845,121.213333333333,249.343333333333,141.473333333333,20.8066666666667,58.4383333333333,3.31666666666667,991.906666666667,54.0845,121.213333333333,249.343333333333,141.473333333333,20.8066666666667,58.4383333333333,3.31666666666667,991.906666666667
2016,276,15,62.9595,90.7033333333333,216.206666666667,110.306779661017,20.6966666666667,57.4016666666667,3.4,991.825000000001,62.9595,90.7033333333333,216.206666666667,110.306779661017,20.6966666666667,57.4016666666667,3.4,991.825000000001
2016,276,16,73.2191666666667,417.508333333333,110.461666666667,97.165,21.015,54.9766666666667,3.31166666666667,991.801666666668,73.2191666666667,417.508333333333,110.461666666667,97.165,21.015,54.9766666666667,3.31166666666667,991.801666666668
2016,276,17,84.1456666666667,89.1283333333333,29.3383333333333,20.61,20.2083333333333,58.305,2.14666666666667,992.063333333332,84.1456666666667,89.1283333333333,29.3383333333333,20.61,20.2083333333333,58.305,2.14666666666667,992.063333333332
2016,276,18,95.711,0.724999999999999,0.526666666666668,0.475,19.09,62.5416666666667,1.58333333333333,992.380000000001,95.711,0.724999999999999,0.526666666666668,0.475,19.09,62.5416666666667,1.58333333333333,992.380000000001
2016,276,19,107.187166666667,0.4,-0.4,0,17.825,68.2616666666667,0.946296296296296,992.676666666667,107.187166666667,0.4,-0.4,0,17.825,68.2616666666667,0.946296296296296,992.676666666667
2016,276,20,118.267833333333,0.4,-0.25,0,15.6666666666667,79.3216666666667,2.32166666666667,993.215000000002,118.267833333333,0.4,-0.25,0,15.6666666666667,79.3216666666667,2.32166666666667,993.215000000002
2016,276,21,128.491166666667,0.345,-0.206666666666667,0.193333333333333,16.0566666666667,77.88,1.775,993.561666666665,128.491166666667,0.345,-0.206666666666667,0.193333333333333,16.0566666666667,77.88,1.775,993.561666666665
2016,276,22,137.0265,0.348333333333333,-0.396666666666666,NA,16.585,73.3733333333333,1.85,993.428333333334,137.0265,0.348333333333333,-0.396666666666666,-0.00338983050847458,16.585,73.3733333333333,1.85,993.428333333334
2016,276,23,142.57,0.4,-0.391666666666666,0.5,16.1066666666667,76.8766666666667,0.984210526315789,993.458333333334,142.57,0.4,-0.391666666666666,0.5,16.1066666666667,76.8766666666667,0.984210526315789,993.458333333334
2016,277,0,143.6885,0.4,-0.4,-0.005,15.77,79.715,1.275,993.254999999999,143.6885,0.4,-0.4,-0.005,15.77,79.715,1.275,993.254999999999
2016,277,1,140.011,0.4,-0.4,-0.0166666666666667,15.6533333333333,80.2916666666667,1.56166666666667,993.184999999999,140.011,0.4,-0.4,-0.0166666666666667,15.6533333333333,80.2916666666667,1.56166666666667,993.184999999999
2016,277,2,132.649333333333,0.4,-0.4,0.00333333333333333,14.5966666666667,86.02,1.16607142857143,993.250000000001,132.649333333333,0.4,-0.4,0.00333333333333333,14.5966666666667,86.02,1.16607142857143,993.250000000001
2016,277,3,123.070166666667,0.4,-0.321666666666667,0,13.73,88.0466666666667,1.90833333333333,993.26,123.070166666667,0.4,-0.321666666666667,0,13.73,88.0466666666667,1.90833333333333,993.26
2016,277,4,112.311666666667,0.4,-0.4,0,13.24,89.77,2.44833333333333,993.398333333333,112.311666666667,0.4,-0.4,0,13.24,89.77,2.44833333333333,993.398333333333
2016,277,5,101.004,0.0866666666666667,-0.13,0,12.5383333333333,92.065,2.38333333333333,993.648333333333,101.004,0.0866666666666667,-0.13,0,12.5383333333333,92.065,2.38333333333333,993.648333333333
2016,277,6,89.3763333333333,10.9033333333333,6.48166666666667,2.99333333333333,13.1683333333333,92.305,1.56166666666667,993.815000000001,89.3763333333333,10.9033333333333,6.48166666666667,2.99333333333333,13.1683333333333,92.305,1.56166666666667,993.815000000001
2016,277,7,78.2386666666667,-0.05,53.805,23.5892857142857,14.2466666666667,90.49,1.245,993.903333333333,78.2386666666667,-0.05,53.805,23.5892857142857,14.2466666666667,90.49,1.245,993.903333333333
2016,277,8,67.6223333333333,0.305,152.436666666667,66.7716666666667,15.745,85.6983333333333,1.77166666666667,994.153333333333,67.6223333333333,0.305,152.436666666667,66.7716666666667,15.745,85.6983333333333,1.77166666666667,994.153333333333
2016,277,9,58.0793333333333,14.0716666666667,314.101666666667,139.626666666667,17.81,73.4466666666667,2.21833333333333,994.071666666666,58.0793333333333,14.0716666666667,314.101666666667,139.626666666667,17.81,73.4466666666667,2.21833333333333,994.071666666666
2016,277,10,50.3978333333333,20.3483333333333,396.736666666667,177.563333333333,20.0566666666667,57.4016666666667,1.34150943396226,993.865000000001,50.3978333333333,20.3483333333333,396.736666666667,177.563333333333,20.0566666666667,57.4016666666667,1.34150943396226,993.865000000001
2016,277,11,45.6188333333333,237.276666666667,405.038333333333,245.089830508475,21.1133333333333,47.425,1.2864406779661,993.383333333333,45.6188333333333,237.276666666667,405.038333333333,245.089830508475,21.1133333333333,47.425,1.2864406779661,993.383333333333
2016,277,12,44.7106666666667,104.311666666667,361.598333333333,189.076666666667,21.2066666666667,46.7683333333333,1.43275862068965,992.681666666667,44.7106666666667,104.311666666667,361.598333333333,189.076666666667,21.2066666666667,46.7683333333333,1.43275862068965,992.681666666667
2016,277,13,47.896,8.1,286.835,126.355,21.3066666666667,47.1616666666667,1.27796610169492,992.026666666667,47.896,8.1,286.835,126.355,21.3066666666667,47.1616666666667,1.27796610169492,992.026666666667
2016,277,14,54.4526666666667,440.883333333333,286.446666666667,230.764406779661,21.8516666666667,45.8633333333333,2.02166666666667,991.486666666667,54.4526666666667,440.883333333333,286.446666666667,230.764406779661,21.8516666666667,45.8633333333333,2.02166666666667,991.486666666667
2016,277,15,63.3025,403.371666666667,190.671666666667,157.541666666667,21.9066666666667,46.0666666666667,2.485,991.041666666667,63.3025,403.371666666667,190.671666666667,157.541666666667,21.9066666666667,46.0666666666667,2.485,991.041666666667
2016,277,16,73.5418333333333,564.275,98.2816666666667,105.298333333333,21.9916666666667,46.0183333333333,2.75166666666667,990.833333333334,73.5418333333333,564.275,98.2816666666667,105.298333333333,21.9916666666667,46.0183333333333,2.75166666666667,990.833333333334
2016,277,17,84.4421666666667,87.0716666666666,32.9166666666667,20.8066666666667,20.88,51.0166666666667,2.66666666666667,990.831666666667,84.4421666666667,87.0716666666666,32.9166666666667,20.8066666666667,20.88,51.0166666666667,2.66666666666667,990.831666666667
2016,277,18,96.039,0.345,0.211666666666667,0.32,19.3366666666667,59.4033333333333,3.15166666666667,991.061666666665,96.039,0.345,0.211666666666667,0.32,19.3366666666667,59.4033333333333,3.15166666666667,991.061666666665
2016,277,19,107.497666666667,0.39,-0.4,0,17.6033333333333,71.0816666666667,3.58,991.431666666667,107.497666666667,0.39,-0.4,0,17.6033333333333,71.0816666666667,3.58,991.431666666667
2016,277,20,118.591166666667,-0.055,-0.391666666666666,0,16.88,75.78,3.7,991.589999999999,118.591166666667,-0.055,-0.391666666666666,0,16.88,75.78,3.7,991.589999999999
2016,277,21,128.8365,-0.165,-0.365,0,17.2283333333333,75.3116666666667,3.515,991.535,128.8365,-0.165,-0.365,0,17.2283333333333,75.3116666666667,3.515,991.535
2016,277,22,137.400333333333,0.203333333333333,-0.398333333333333,0,17.2433333333333,76.0516666666667,3.03333333333333,991.584999999999,137.400333333333,0.203333333333333,-0.398333333333333,0,17.2433333333333,76.0516666666667,3.03333333333333,991.584999999999
2016,277,23,142.960666666667,0.273333333333333,-0.4,0,17.3133333333333,76.13,3.245,991.515,142.960666666667,0.273333333333333,-0.4,0,17.3133333333333,76.13,3.245,991.515
2016,278,0,144.063833333333,0.4,-0.4,0,16.0733333333333,80.855,3.11333333333333,991.618333333333,144.063833333333,0.4,-0.4,0,16.0733333333333,80.855,3.11333333333333,991.618333333333
2016,278,1,140.3355,0.331666666666667,-0.4,0,14.7516666666667,86.1683333333333,2.66833333333333,991.836666666667,140.3355,0.331666666666667,-0.4,0,14.7516666666667,86.1683333333333,2.66833333333333,991.836666666667
2016,278,2,132.916833333333,-0.253333333333334,-0.168333333333333,0,15.0466666666667,85.7883333333333,2.63666666666667,991.795000000001,132.916833333333,-0.253333333333334,-0.168333333333333,0,15.0466666666667,85.7883333333333,2.63666666666667,991.795000000001
2016,278,3,123.296,-0.351666666666667,-0.191666666666667,0,15.2416666666667,87.235,3.205,991.724999999999,123.296,-0.351666666666667,-0.191666666666667,0,15.2416666666667,87.235,3.205,991.724999999999
2016,278,4,112.512333333333,0.095,-0.383333333333333,0,15.2866666666667,87.045,3.31833333333333,991.943333333333,112.512333333333,0.095,-0.383333333333333,0,15.2866666666667,87.045,3.31833333333333,991.943333333333
2016,278,5,101.193333333333,0.166666666666667,-0.386666666666666,0,15.3116666666666,86.5083333333333,3.18833333333333,992.241666666668,101.193333333333,0.166666666666667,-0.386666666666666,0,15.3116666666666,86.5083333333333,3.18833333333333,992.241666666668
2016,278,6,89.5705,87.5683333333333,14.1616666666667,1.01818181818182,15.3116666666667,85.5216666666667,3.61833333333333,992.343333333334,89.5705,87.5683333333333,14.1616666666667,1.01818181818182,15.3116666666667,85.5216666666667,3.61833333333333,992.343333333334
2016,278,7,78.4415,472.881666666667,87.7166666666667,75.0483333333333,16.1683333333333,79.6116666666667,4.68833333333333,992.238333333332,78.4415,472.881666666667,87.7166666666667,75.0483333333333,16.1683333333333,79.6116666666667,4.68833333333333,992.238333333332
2016,278,8,67.8505,688.113333333333,121.033333333333,158.018333333333,18.2783333333333,70.69,5.27333333333333,992.128333333333,67.8505,688.113333333333,121.033333333333,158.018333333333,18.2783333333333,70.69,5.27333333333333,992.128333333333
2016,278,9,58.3461666666667,759.091666666667,153.86,235.075,20.97,61.2633333333333,5.43,991.993333333334,58.3461666666667,759.091666666667,153.86,235.075,20.97,61.2633333333333,5.43,991.993333333334
2016,278,10,50.712,777.996666666667,156.558333333333,277.118333333333,22.4416666666667,53.5316666666667,6.07666666666667,991.621666666666,50.712,777.996666666667,156.558333333333,277.118333333333,22.4416666666667,53.5316666666667,6.07666666666667,991.621666666666
2016,278,11,45.9795,772.841666666667,121.073333333333,281.046666666667,23.5416666666667,46.7416666666667,6.46833333333333,991.145,45.9795,772.841666666667,121.073333333333,281.046666666667,23.5416666666667,46.7416666666667,6.46833333333333,991.145
2016,278,12,45.0986666666667,816.905,141.913333333333,306.2,24.4666666666667,42.4383333333333,5.86333333333333,990.49,45.0986666666667,816.905,141.913333333333,306.2,24.4666666666667,42.4383333333333,5.86333333333333,990.49
2016,278,13,48.2826666666667,554.033333333333,203.801666666667,245.961666666667,24.88,42.2233333333333,5.32166666666667,989.826666666666,48.2826666666667,554.033333333333,203.801666666667,245.961666666667,24.88,42.2233333333333,5.32166666666667,989.826666666666
2016,278,14,54.8196666666667,645.74,166.445,227.106666666667,25.305,41.385,5.795,989.081666666667,54.8196666666667,645.74,166.445,227.106666666667,25.305,41.385,5.795,989.081666666667
2016,278,15,63.6458333333333,722.686666666667,151.168333333333,197.706666666667,25.5266666666667,42.6966666666667,6.475,988.605,63.6458333333333,722.686666666667,151.168333333333,197.706666666667,25.5266666666667,42.6966666666667,6.475,988.605
2016,278,16,73.8633333333333,484.326666666667,96.6616666666667,94.0983333333333,25.405,43.77,6.20666666666667,988.338333333334,73.8633333333333,484.326666666667,96.6616666666667,94.0983333333333,25.405,43.77,6.20666666666667,988.338333333334
2016,278,17,84.736,227.986666666667,33.77,25.2766666666667,24.1866666666667,49.725,5.1,988.451666666667,84.736,227.986666666667,33.77,25.2766666666667,24.1866666666667,49.725,5.1,988.451666666667
2016,278,18,96.3545,0.4,0.300000000000001,0.326666666666667,21.6783333333333,59.5366666666667,3.53333333333333,988.785000000001,96.3545,0.4,0.300000000000001,0.326666666666667,21.6783333333333,59.5366666666667,3.53333333333333,988.785000000001
2016,278,19,107.806666666667,0.4,-0.4,0,19.8133333333333,68.2383333333333,3.37833333333333,989.163333333332,107.806666666667,0.4,-0.4,0,19.8133333333333,68.2383333333333,3.37833333333333,989.163333333332
2016,278,20,118.912833333333,0.0483333333333333,-0.4,0,18.7383333333333,73.47,3.53,989.218333333333,118.912833333333,0.0483333333333333,-0.4,0,18.7383333333333,73.47,3.53,989.218333333333
2016,278,21,129.179666666667,-0.283333333333333,-0.38,0,18.08,77.7416666666666,4.355,989.101666666666,129.179666666667,-0.283333333333333,-0.38,0,18.08,77.7416666666666,4.355,989.101666666666
2016,278,22,137.771166666667,-0.29,-0.4,0,18.08,78.87,4.565,988.943333333334,137.771166666667,-0.29,-0.4,0,18.08,78.87,4.565,988.943333333334
2016,278,23,143.350666666667,-0.0583333333333333,-0.4,0,17.9016666666667,80.3733333333334,4.485,988.99,143.350666666667,-0.0583333333333333,-0.4,0,17.9016666666667,80.3733333333334,4.485,988.99
2016,279,0,144.437666666667,-0.185,-0.4,0,17.7083333333333,82.225,4.72,988.991666666667,144.437666666667,-0.185,-0.4,0,17.7083333333333,82.225,4.72,988.991666666667
2016,279,1,140.657666666667,-0.35,-0.4,0,18.0916666666667,81.6466666666667,5.415,988.936666666667,140.657666666667,-0.35,-0.4,0,18.0916666666667,81.6466666666667,5.415,988.936666666667
2016,279,2,133.184,-0.138333333333333,-0.4,0,17.9766666666667,82.56,5.595,988.424999999999,133.184,-0.138333333333333,-0.4,0,17.9766666666667,82.56,5.595,988.424999999999
2016,279,3,123.5215,0.0266666666666667,-0.4,0,17.6066666666667,84.0433333333333,5.475,988.351666666667,123.5215,0.0266666666666667,-0.4,0,17.6066666666667,84.0433333333333,5.475,988.351666666667
2016,279,4,112.712333333333,-0.28,-0.396666666666666,0,17.375,84.82,4.89,988.743333333334,112.712333333333,-0.28,-0.396666666666666,0,17.375,84.82,4.89,988.743333333334
2016,279,5,101.383,-0.353333333333333,-0.4,0,18.125,82,5.5,988.841666666667,101.383,-0.353333333333333,-0.4,0,18.125,82,5.5,988.841666666667
2016,279,6,89.7641666666667,19.7683333333333,9.50333333333333,5.02333333333333,18.43,80.7033333333333,5.755,989.176666666667,89.7641666666667,19.7683333333333,9.50333333333333,5.02333333333333,18.43,80.7033333333333,5.755,989.176666666667
2016,279,7,78.6451666666667,243.711666666667,109.525,63.7783333333333,19.7366666666667,75.63,7.09666666666667,989.390000000001,78.6451666666667,243.711666666667,109.525,63.7783333333333,19.7366666666667,75.63,7.09666666666667,989.390000000001
2016,279,8,68.0811666666667,253.776666666667,132.466666666667,97.9083333333333,21.19,70.2466666666667,8.12333333333334,989.785,68.0811666666667,253.776666666667,132.466666666667,97.9083333333333,21.19,70.2466666666667,8.12333333333334,989.785
2016,279,9,58.6135,301.48,252.763333333333,179.041666666667,22.4766666666667,65.3683333333333,8.99,989.928333333333,58.6135,301.48,252.763333333333,179.041666666667,22.4766666666667,65.3683333333333,8.99,989.928333333333
2016,279,10,51.0268333333333,201.76,263.368333333333,168.463333333333,23.3933333333333,61.8083333333333,8.595,989.661666666667,51.0268333333333,201.76,263.368333333333,168.463333333333,23.3933333333333,61.8083333333333,8.595,989.661666666667
2016,279,11,46.341,495.166666666667,206.208333333333,241.983333333333,24.1666666666667,59.6283333333334,7.80833333333334,989.853333333334,46.341,495.166666666667,206.208333333333,241.983333333333,24.1666666666667,59.6283333333334,7.80833333333334,989.853333333334
2016,279,12,45.4855,724.893333333333,175.326666666667,294.571186440678,25.7733333333333,54.0116666666667,7.00166666666667,989.646666666667,45.4855,724.893333333333,175.326666666667,294.571186440678,25.7733333333333,54.0116666666667,7.00166666666667,989.646666666667
2016,279,13,48.6688333333333,300.246666666667,253.483333333333,197.535,26.3466666666667,49.355,7.925,989.183333333332,48.6688333333333,300.246666666667,253.483333333333,197.535,26.3466666666667,49.355,7.925,989.183333333332
2016,279,14,55.1846666666667,441.043333333333,198.468333333333,192.098333333333,26.7983333333333,46.5,6.97666666666666,989.164999999999,55.1846666666667,441.043333333333,198.468333333333,192.098333333333,26.7983333333333,46.5,6.97666666666666,989.164999999999
2016,279,15,63.9858333333333,488.785,148.83,154.481666666667,27.0116666666667,46.0866666666667,6.365,989.281666666668,63.9858333333333,488.785,148.83,154.481666666667,27.0116666666667,46.0866666666667,6.365,989.281666666668
2016,279,16,74.1825,363.946666666667,91.63,78.1716666666667,26.7066666666667,47.195,5.09333333333333,989.558333333332,74.1825,363.946666666667,91.63,78.1716666666667,26.7066666666667,47.195,5.09333333333333,989.558333333332
2016,279,17,85.0385,169.126666666667,28.185,20.7616666666667,25.5366666666667,50.7883333333333,4.295,989.973333333333,85.0385,169.126666666667,28.185,20.7616666666667,25.5366666666667,50.7883333333333,4.295,989.973333333333
2016,279,18,96.6696666666667,0.4,0.121666666666667,0.271666666666667,23.0733333333333,60.7933333333333,3.66833333333333,990.588333333333,96.6696666666667,0.4,0.121666666666667,0.271666666666667,23.0733333333333,60.7933333333333,3.66833333333333,990.588333333333
2016,279,19,108.112166666667,0.33,-0.395,0,21.4416666666667,66.9833333333334,3.76666666666667,991.071666666666,108.112166666667,0.33,-0.395,0,21.4416666666667,66.9833333333334,3.76666666666667,991.071666666666
2016,279,20,119.2315,-0.101666666666667,-0.386666666666666,0,20.2716666666667,76.535,3.85333333333333,991.695,119.2315,-0.101666666666667,-0.386666666666666,0,20.2716666666667,76.535,3.85333333333333,991.695
2016,279,21,129.520333333333,0.323333333333333,-0.4,0,19.5716666666667,81.4616666666667,2.99833333333333,992.293333333333,129.520333333333,0.323333333333333,-0.4,0,19.5716666666667,81.4616666666667,2.99833333333333,992.293333333333
2016,279,22,138.1405,0.0533333333333333,-0.385,0,18.7116666666667,85.8666666666667,3.07666666666667,992.691666666666,138.1405,0.0533333333333333,-0.385,0,18.7116666666667,85.8666666666667,3.07666666666667,992.691666666666
2016,279,23,143.739166666667,0.065,-0.25,0,18.5966666666667,86.9883333333333,2.71333333333333,992.931666666667,143.739166666667,0.065,-0.25,0,18.5966666666667,86.9883333333333,2.71333333333333,992.931666666667
2016,280,0,144.81,0.0616666666666667,-0.325,0,18.1933333333333,88.9316666666667,3.02166666666667,992.985,144.81,0.0616666666666667,-0.325,0,18.1933333333333,88.9316666666667,3.02166666666667,992.985
2016,280,1,140.9795,0.396666666666666,-0.4,0,18.06,90.585,2.87833333333333,992.818333333333,140.9795,0.396666666666666,-0.4,0,18.06,90.585,2.87833333333333,992.818333333333
2016,280,2,133.449666666667,-0.223333333333333,-0.343333333333333,0,18.4583333333333,90.1733333333333,3.185,992.409999999999,133.449666666667,-0.223333333333333,-0.343333333333333,0,18.4583333333333,90.1733333333333,3.185,992.409999999999
2016,280,3,123.745666666667,-0.06,-0.32,0,18.6983333333333,89.4233333333334,3.365,992.069999999999,123.745666666667,-0.06,-0.32,0,18.6983333333333,89.4233333333334,3.365,992.069999999999
2016,280,4,112.912666666667,0.0316666666666667,-0.365,0,18.6433333333333,90.0616666666667,3.51833333333333,992.155,112.912666666667,0.0316666666666667,-0.365,0,18.6433333333333,90.0616666666667,3.51833333333333,992.155
2016,280,5,101.574166666667,-0.24,-0.385,0,19.34,86.7166666666666,4.385,992.240000000001,101.574166666667,-0.24,-0.385,0,19.34,86.7166666666666,4.385,992.240000000001
2016,280,6,89.959,4.86,28.39,9.43448275862069,19.935,84.1,3.15,993.203333333334,89.959,4.86,28.39,9.43448275862069,19.935,84.1,3.15,993.203333333334
2016,280,7,78.8491666666667,15.8883333333333,62.0933333333333,28.8166666666667,20.4216666666666,83.0283333333334,0.843333333333333,993.558333333333,78.8491666666667,15.8883333333333,62.0933333333333,28.8166666666667,20.4216666666666,83.0283333333334,0.843333333333333,993.558333333333
2016,280,8,68.3116666666667,293.155,187.701666666667,126.71,21.9,75.4166666666667,3.46166666666667,993.558333333333,68.3116666666667,293.155,187.701666666667,126.71,21.9,75.4166666666667,3.46166666666667,993.558333333333
2016,280,9,58.8828333333333,340.805,246.231666666667,181.738333333333,24.39,62.485,6.19166666666667,993.606666666666,58.8828333333333,340.805,246.231666666667,181.738333333333,24.39,62.485,6.19166666666667,993.606666666666
2016,280,10,51.343,346.073333333333,254.48,205.74,26.25,53.495,6.14,993.453333333333,51.343,346.073333333333,254.48,205.74,26.25,53.495,6.14,993.453333333333
2016,280,11,46.7013333333333,450.013333333333,302.71,263.448333333333,27.3,49.4916666666667,4.73,993.418333333334,46.7013333333333,450.013333333333,302.71,263.448333333333,27.3,49.4916666666667,4.73,993.418333333334
2016,280,12,45.873,393.52,329.701666666667,264.118333333333,27.7833333333333,46.915,5.84,993.128333333334,45.873,393.52,329.701666666667,264.118333333333,27.7833333333333,46.915,5.84,993.128333333334
2016,280,13,49.0521666666667,126.505,364.228333333333,196.981666666667,28.295,45.3883333333333,7.08833333333333,992.585,49.0521666666667,126.505,364.228333333333,196.981666666667,28.295,45.3883333333333,7.08833333333333,992.585
2016,280,14,55.5481666666667,125.178333333333,303.51,164.385,28.6433333333333,43.9316666666667,7.18833333333333,992.11,55.5481666666667,125.178333333333,303.51,164.385,28.6433333333333,43.9316666666667,7.18833333333333,992.11
2016,280,15,64.3248333333333,64.1166666666667,213.4,105.43,28.4983333333333,43.5466666666667,7.10333333333333,991.739999999999,64.3248333333333,64.1166666666667,213.4,105.43,28.4983333333333,43.5466666666667,7.10333333333333,991.739999999999
2016,280,16,74.5006666666667,39.2433333333333,118.38,55.89,28.0183333333333,45.7533333333333,5.77,991.214999999999,74.5006666666667,39.2433333333333,118.38,55.89,28.0183333333333,45.7533333333333,5.77,991.214999999999
2016,280,17,85.3398333333333,9.37833333333334,34.1016666666666,14.945,26.7766666666667,49.8316666666667,2.92666666666667,990.926666666667,85.3398333333333,9.37833333333334,34.1016666666666,14.945,26.7766666666667,49.8316666666667,2.92666666666667,990.926666666667
2016,280,18,96.9706666666667,0.473333333333333,-0.208333333333333,0.13,25.095,55,3.375,991.079999999999,96.9706666666667,0.473333333333333,-0.208333333333333,0.13,25.095,55,3.375,991.079999999999
2016,280,19,108.415833333333,0.281666666666667,-0.4,0,22.8316666666667,62.5216666666667,3.88166666666667,991.101666666666,108.415833333333,0.281666666666667,-0.4,0,22.8316666666667,62.5216666666667,3.88166666666667,991.101666666666
2016,280,20,119.547833333333,0.0833333333333333,-0.4,0,21.24,68.4666666666667,3.90166666666667,991.421666666667,119.547833333333,0.0833333333333333,-0.4,0,21.24,68.4666666666667,3.90166666666667,991.421666666667
2016,280,21,129.859,0.0433333333333333,-0.391666666666666,0,20.1866666666667,72.3283333333334,4.15333333333333,991.686666666666,129.859,0.0433333333333333,-0.391666666666666,0,20.1866666666667,72.3283333333334,4.15333333333333,991.686666666666
2016,280,22,138.507666666667,0.1,-0.4,0,19.32,75.91,3.70666666666667,991.906666666667,138.507666666667,0.1,-0.4,0,19.32,75.91,3.70666666666667,991.906666666667
2016,280,23,144.126666666667,0.101666666666667,-0.371666666666666,0,19.2616666666667,75.96,3.445,992.048333333333,144.126666666667,0.101666666666667,-0.371666666666666,0,19.2616666666667,75.96,3.445,992.048333333333
2016,281,0,145.181666666667,-0.0766666666666666,-0.398333333333333,0,18.9783333333333,77.395,3.41166666666667,991.988333333333,145.181666666667,-0.0766666666666666,-0.398333333333333,0,18.9783333333333,77.395,3.41166666666667,991.988333333333
2016,281,1,141.298833333333,0.333333333333333,-0.4,0,18.015,81.1733333333333,2.36666666666667,992.191666666666,141.298833333333,0.333333333333333,-0.4,0,18.015,81.1733333333333,2.36666666666667,992.191666666666
2016,281,2,133.714166666667,0.13,-0.398333333333333,0,17.525,83.0066666666667,3.035,991.875000000001,133.714166666667,0.13,-0.398333333333333,0,17.525,83.0066666666667,3.035,991.875000000001
2016,281,3,123.968833333333,0.391666666666666,-0.4,0,16.615,86.7366666666666,2.39,992.233333333335,123.968833333333,0.391666666666666,-0.4,0,16.615,86.7366666666666,2.39,992.233333333335
2016,281,4,113.112333333333,0.27,-0.338333333333333,0,16.3733333333333,87.7966666666667,2.49833333333333,992.589999999999,113.112333333333,0.27,-0.338333333333333,0,16.3733333333333,87.7966666666667,2.49833333333333,992.589999999999
2016,281,5,101.764666666667,0.0883333333333333,-0.381666666666666,0,16.0466666666667,88.7883333333333,3.07,991.956666666666,101.764666666667,0.0883333333333333,-0.381666666666666,0,16.0466666666667,88.7883333333333,3.07,991.956666666666
2016,281,6,90.1535,64.1933333333333,12.05,6.74166666666667,16.0033333333333,89.2033333333333,4.15666666666667,991.216666666666,90.1535,64.1933333333333,12.05,6.74166666666667,16.0033333333333,89.2033333333333,4.15666666666667,991.216666666666
2016,281,7,79.0546666666667,383.071666666667,65.9516666666667,60.7533333333333,17.115,86.565,2.71166666666667,991.703333333333,79.0546666666667,383.071666666667,65.9516666666667,60.7533333333333,17.115,86.565,2.71166666666667,991.703333333333
2016,281,8,68.5446666666667,561.465,114.828333333333,132.71,19.185,79.7666666666667,5.34666666666667,992.795,68.5446666666667,561.465,114.828333333333,132.71,19.185,79.7666666666667,5.34666666666667,992.795
2016,281,9,59.1521666666667,46.9383333333333,300.118333333333,140.216666666667,20.5466666666667,69.4533333333333,6.94,993.128333333333,59.1521666666667,46.9383333333333,300.118333333333,140.216666666667,20.5466666666667,69.4533333333333,6.94,993.128333333333
2016,281,10,51.6593333333333,345.5,221.411666666667,192.16,21.085,65.4716666666667,8.19666666666667,993.355000000001,51.6593333333333,345.5,221.411666666667,192.16,21.085,65.4716666666667,8.19666666666667,993.355000000001
2016,281,11,47.0615,833.791666666667,150.601666666667,311.25,21.7216666666667,59.365,7.57,993.651666666667,47.0615,833.791666666667,150.601666666667,311.25,21.7216666666667,59.365,7.57,993.651666666667
2016,281,12,46.2581666666667,342.403333333333,376.855,271.183333333333,20.6066666666667,61.7666666666667,8.51333333333333,994.128333333332,46.2581666666667,342.403333333333,376.855,271.183333333333,20.6066666666667,61.7666666666667,8.51333333333333,994.128333333332
2016,281,13,49.4345,45.2233333333333,380.33,178.908333333333,17.665,64.8883333333333,9.11,994.713333333334,49.4345,45.2233333333333,380.33,178.908333333333,17.665,64.8883333333333,9.11,994.713333333334
2016,281,14,55.9096666666667,804.486666666667,152.131666666667,259.371666666667,16.6333333333333,60.625,8.05166666666667,994.998333333333,55.9096666666667,804.486666666667,152.131666666667,259.371666666667,16.6333333333333,60.625,8.05166666666667,994.998333333333
2016,281,15,64.6616666666667,145.103333333333,223.936666666667,128.018333333333,16.755,55.805,7.30833333333333,995.245000000001,64.6616666666667,145.103333333333,223.936666666667,128.018333333333,16.755,55.805,7.30833333333333,995.245000000001
2016,281,16,74.8168333333333,6.90333333333333,136.01,58.1833333333333,16.635,53.3566666666667,7.36333333333334,995.74,74.8168333333333,6.90333333333333,136.01,58.1833333333333,16.635,53.3566666666667,7.36333333333334,995.74
2016,281,17,85.6513333333333,38.9466666666667,36.9183333333333,17.6863636363636,15.33,55.2633333333333,6.93666666666667,996.378333333333,85.6513333333333,38.9466666666667,36.9183333333333,17.6863636363636,15.33,55.2633333333333,6.93666666666667,996.378333333333
2016,281,18,97.2691666666667,0.4,0.285000000000001,0.135,13.8966666666667,58.0083333333333,6.76833333333333,996.934999999999,97.2691666666667,0.4,0.285000000000001,0.135,13.8966666666667,58.0083333333333,6.76833333333333,996.934999999999
2016,281,19,108.718166666667,0.4,-0.4,0,12.2266666666667,63.7733333333333,4.17333333333333,997.373333333333,108.718166666667,0.4,-0.4,0,12.2266666666667,63.7733333333333,4.17333333333333,997.373333333333
2016,281,20,119.861166666667,0.115,-0.4,0,10.7,71.9033333333333,3.835,997.671666666666,119.861166666667,0.115,-0.4,0,10.7,71.9033333333333,3.835,997.671666666666
2016,281,21,130.195166666667,-0.06,-0.4,0,10.0133333333333,72.5316666666667,3.77166666666667,997.863333333334,130.195166666667,-0.06,-0.4,0,10.0133333333333,72.5316666666667,3.77166666666667,997.863333333334
2016,281,22,138.873166666667,0.206666666666667,-0.4,0,9.41,70.1283333333333,3.43,998,138.873166666667,0.206666666666667,-0.4,0,9.41,70.1283333333333,3.43,998
2016,281,23,144.5125,0.348333333333333,-0.4,0,8.25833333333333,73.54,3.87166666666667,997.971666666667,144.5125,0.348333333333333,-0.4,0,8.25833333333333,73.54,3.87166666666667,997.971666666667
2016,282,0,145.551333333333,0.375,-0.4,0,7.87333333333333,73.2316666666667,2.98,998.153333333332,145.551333333333,0.375,-0.4,0,7.87333333333333,73.2316666666667,2.98,998.153333333332
2016,282,1,141.618166666667,0.273333333333333,-0.4,0,7.265,75.2666666666667,3.15166666666667,998.37,141.618166666667,0.273333333333333,-0.4,0,7.265,75.2666666666667,3.15166666666667,998.37
2016,282,2,133.977,0.363333333333333,-0.398333333333333,0,6.785,77.1166666666667,3.03833333333333,998.426666666667,133.977,0.363333333333333,-0.398333333333333,0,6.785,77.1166666666667,3.03833333333333,998.426666666667
2016,282,3,124.1915,0.241666666666667,-0.4,0,6.53333333333333,77.6916666666667,3.41833333333333,998.568333333332,124.1915,0.241666666666667,-0.4,0,6.53333333333333,77.6916666666667,3.41833333333333,998.568333333332
2016,282,4,113.312,0.4,-0.398333333333333,0,6.10833333333333,79.075,2.32,999.05,113.312,0.4,-0.398333333333333,0,6.10833333333333,79.075,2.32,999.05
2016,282,5,101.954833333333,0.385,-0.4,0,6.30666666666667,76.2033333333333,3.18833333333333,999.518333333333,101.954833333333,0.385,-0.4,0,6.30666666666667,76.2033333333333,3.18833333333333,999.518333333333
2016,282,6,90.3488333333333,127.666666666667,8.38333333333333,6.52166666666667,6.195,76.475,2.35833333333333,1000.18,90.3488333333333,127.666666666667,8.38333333333333,6.52166666666667,6.195,76.475,2.35833333333333,1000.18
2016,282,7,79.2606666666667,633.581666666667,38.1183333333333,62.6266666666667,7.25,77.535,1.28333333333333,1000.62,79.2606666666667,633.581666666667,38.1183333333333,62.6266666666667,7.25,77.535,1.28333333333333,1000.62
2016,282,8,68.7776666666667,823.81,55.3883333333333,142.175,9.96666666666667,65.4333333333333,2.755,1000.99333333333,68.7776666666667,823.81,55.3883333333333,142.175,9.96666666666667,65.4333333333333,2.755,1000.99333333333
2016,282,9,59.4231666666667,905.56,64.5033333333333,214.841666666667,12.965,49.0233333333333,4.165,1000.87833333333,59.4231666666667,905.56,64.5033333333333,214.841666666667,12.965,49.0233333333333,4.165,1000.87833333333
2016,282,10,51.9756666666667,939.98,71.765,268.578333333333,14.3966666666667,44.0916666666667,5.11666666666667,1000.755,51.9756666666667,939.98,71.765,268.578333333333,14.3966666666667,44.0916666666667,5.11666666666667,1000.755
2016,282,11,47.4213333333333,954.725,75.4016666666667,299.175,15.6933333333333,41.2266666666667,4.97833333333333,1000.41333333333,47.4213333333333,954.725,75.4016666666667,299.175,15.6933333333333,41.2266666666667,4.97833333333333,1000.41333333333
2016,282,12,46.6406666666667,953.201666666666,76.665,304.05,16.725,38.7783333333333,4.65666666666666,999.985,46.6406666666667,953.201666666666,76.665,304.05,16.725,38.7783333333333,4.65666666666666,999.985
2016,282,13,49.8158333333333,934.2,76.1166666666667,281.566666666667,17.7133333333333,37.0933333333333,3.30833333333333,999.168333333334,49.8158333333333,934.2,76.1166666666667,281.566666666667,17.7133333333333,37.0933333333333,3.30833333333333,999.168333333334
2016,282,14,56.2698333333333,891.808333333333,73.0966666666666,235.921666666667,18.5,34.9783333333333,3.22833333333333,998.671666666666,56.2698333333333,891.808333333333,73.0966666666666,235.921666666667,18.5,34.9783333333333,3.22833333333333,998.671666666666
2016,282,15,64.997,814.176666666667,65.88,168.741666666667,19.2783333333333,33.365,2.35833333333333,998.345000000001,64.997,814.176666666667,65.88,168.741666666667,19.2783333333333,33.365,2.35833333333333,998.345000000001
2016,282,16,75.1308333333333,659.15,51.7283333333333,89.6233333333333,19.4316666666667,32.8466666666667,1.90333333333333,998.351666666666,75.1308333333333,659.15,51.7283333333333,89.6233333333333,19.4316666666667,32.8466666666667,1.90333333333333,998.351666666666
2016,282,17,85.9606666666667,263.11,22.1533333333333,20.025,19.1733333333333,33.8783333333333,1.33166666666667,998.266666666667,85.9606666666667,263.11,22.1533333333333,20.025,19.1733333333333,33.8783333333333,1.33166666666667,998.266666666667
2016,282,18,97.5651666666667,0.378333333333333,-0.151666666666667,0.12,17.3283333333333,39.4333333333333,0.666666666666666,998.568333333332,97.5651666666667,0.378333333333333,-0.151666666666667,0.12,17.3283333333333,39.4333333333333,0.666666666666666,998.568333333332
2016,282,19,109.016,0.391666666666666,-0.403333333333333,0,16.0516666666667,44.0333333333333,0.893333333333334,998.994999999999,109.016,0.391666666666666,-0.403333333333333,0,16.0516666666667,44.0333333333333,0.893333333333334,998.994999999999
2016,282,20,120.1725,0.343333333333333,-0.4,0,14.15,51.4933333333333,1.75,999.633333333334,120.1725,0.343333333333333,-0.4,0,14.15,51.4933333333333,1.75,999.633333333334
2016,282,21,130.527666666667,0.211666666666667,-0.398333333333333,0,13.0083333333333,56.5933333333333,2.65666666666667,1000.01,130.527666666667,0.211666666666667,-0.398333333333333,0,13.0083333333333,56.5933333333333,2.65666666666667,1000.01
2016,282,22,139.235666666667,0.17,-0.4,0,11.2616666666667,65.2866666666667,2.16333333333333,1000.50833333333,139.235666666667,0.17,-0.4,0,11.2616666666667,65.2866666666667,2.16333333333333,1000.50833333333
2016,282,23,144.895666666667,0.0933333333333333,-0.395,0,10.35,68.8366666666667,1.20333333333333,1000.67333333333,144.895666666667,0.0933333333333333,-0.395,0,10.35,68.8366666666667,1.20333333333333,1000.67333333333
2016,283,0,145.92,0.103333333333333,-0.34,0,10.095,69.835,0.556666666666667,1000.44666666667,145.92,0.103333333333333,-0.34,0,10.095,69.835,0.556666666666667,1000.44666666667
2016,283,1,141.9355,0.228333333333333,-0.398333333333333,0,9.86333333333333,70.4916666666667,1.79166666666667,1000.495,141.9355,0.228333333333333,-0.398333333333333,0,9.86333333333333,70.4916666666667,1.79166666666667,1000.495
2016,283,2,134.238833333333,-0.0916666666666666,-0.393333333333333,0,9.085,73.775,1.71,1000.26833333333,134.238833333333,-0.0916666666666666,-0.393333333333333,0,9.085,73.775,1.71,1000.26833333333
2016,283,3,124.413333333333,0.12,-0.371666666666667,0,8.55833333333334,76.4833333333333,1.27833333333333,1000.17333333333,124.413333333333,0.12,-0.371666666666667,0,8.55833333333334,76.4833333333333,1.27833333333333,1000.17333333333
2016,283,4,113.510833333333,0.32,-0.4,0,8.015,78.6683333333333,1.56666666666667,1000.495,113.510833333333,0.32,-0.4,0,8.015,78.6683333333333,1.56666666666667,1000.495
2016,283,5,102.145,0.391666666666666,-0.375,0,7.295,81.8566666666667,0.0316666666666667,1000.67333333333,102.145,0.391666666666666,-0.375,0,7.295,81.8566666666667,0.0316666666666667,1000.67333333333
2016,283,6,90.5468333333333,90.2083333333333,8.16333333333333,6.215,7.64666666666667,80.275,0.171666666666667,1001.14666666667,90.5468333333333,90.2083333333333,8.16333333333333,6.215,7.64666666666667,80.275,0.171666666666667,1001.14666666667
2016,283,7,79.4676666666667,564.078333333333,39.7983333333333,60.285,8.75,81.525,1.40166666666667,1001.63666666667,79.4676666666667,564.078333333333,39.7983333333333,60.285,8.75,81.525,1.40166666666667,1001.63666666667
2016,283,8,69.012,777.741666666667,57.6816666666667,138.85,12.985,71.7166666666667,2.06,1002.01333333333,69.012,777.741666666667,57.6816666666667,138.85,12.985,71.7166666666667,2.06,1002.01333333333
2016,283,9,59.694,867.07,67.4383333333333,210.798333333333,16.9066666666667,55.015,2.98166666666667,1002.06666666667,59.694,867.07,67.4383333333333,210.798333333333,16.9066666666667,55.015,2.98166666666667,1002.06666666667
2016,283,10,52.2923333333333,916.75,72.41,265.336666666667,19.2766666666667,43.53,3.75166666666667,1001.81166666667,52.2923333333333,916.75,72.41,265.336666666667,19.2766666666667,43.53,3.75166666666667,1001.81166666667
2016,283,11,47.7805,938.011666666667,76.585,296.798333333333,21.0933333333333,35.6233333333333,3.9,1001.30166666667,47.7805,938.011666666667,76.585,296.798333333333,21.0933333333333,35.6233333333333,3.9,1001.30166666667
2016,283,12,47.0246666666667,926.161666666667,82.665,300.171666666667,22.3433333333333,30.3583333333333,4.28666666666667,1000.60833333333,47.0246666666667,926.161666666667,82.665,300.171666666667,22.3433333333333,30.3583333333333,4.28666666666667,1000.60833333333
2016,283,13,50.1943333333333,794.6,103.818333333333,257.8,22.9133333333333,28.985,4.67333333333333,999.97,50.1943333333333,794.6,103.818333333333,257.8,22.9133333333333,28.985,4.67333333333333,999.97
2016,283,14,56.6276666666667,822.796666666667,93.4366666666667,229.283333333333,23.3916666666667,28.0466666666667,5.02333333333333,999.411666666668,56.6276666666667,822.796666666667,93.4366666666667,229.283333333333,23.3916666666667,28.0466666666667,5.02333333333333,999.411666666668
2016,283,15,65.3303333333333,540.468333333333,93.2483333333333,136.945,23.6933333333333,26.5283333333333,4.62166666666667,999.221666666666,65.3303333333333,540.468333333333,93.2483333333333,136.945,23.6933333333333,26.5283333333333,4.62166666666667,999.221666666666
2016,283,16,75.4435,450.245,83.0633333333333,80.045,23.41,27.2933333333333,4.705,999.204999999999,75.4435,450.245,83.0633333333333,80.045,23.41,27.2933333333333,4.705,999.204999999999
2016,283,17,86.2555,245.471666666667,22.5583333333333,19.5716666666667,22.2966666666667,31.32,3.22,999.191666666666,86.2555,245.471666666667,22.5583333333333,19.5716666666667,22.2966666666667,31.32,3.22,999.191666666666
2016,283,18,97.859,0.265,-0.188333333333333,0.0816666666666667,19.585,39.9483333333333,2.53833333333333,999.441666666666,97.859,0.265,-0.188333333333333,0.0816666666666667,19.585,39.9483333333333,2.53833333333333,999.441666666666
2016,283,19,109.313166666667,0.195,-0.276666666666667,0,18.8683333333333,44.4433333333333,1.86333333333333,999.926666666666,109.313166666667,0.195,-0.276666666666667,0,18.8683333333333,44.4433333333333,1.86333333333333,999.926666666666
2016,283,20,120.480833333333,0.251666666666667,-0.39,0,17.855,50.255,1.79166666666667,1000.35166666667,120.480833333333,0.251666666666667,-0.39,0,17.855,50.255,1.79166666666667,1000.35166666667
2016,283,21,130.858666666667,0.4,-0.4,0,15.1983333333333,61.74,2.94833333333333,1000.54333333333,130.858666666667,0.4,-0.4,0,15.1983333333333,61.74,2.94833333333333,1000.54333333333
2016,283,22,139.595333333333,0.368333333333333,-0.4,0,12.49,73.715,3.70333333333333,1000.56666666667,139.595333333333,0.368333333333333,-0.4,0,12.49,73.715,3.70333333333333,1000.56666666667
2016,283,23,145.277833333333,0.398333333333333,-0.4,0,11.19,79.8066666666667,2.83,1000.545,145.277833333333,0.398333333333333,-0.4,0,11.19,79.8066666666667,2.83,1000.545
2016,284,0,146.287,0.321666666666667,-0.4,0,10.87,80.4900000000001,2.145,1000.40333333333,146.287,0.321666666666667,-0.4,0,10.87,80.4900000000001,2.145,1000.40333333333
2016,284,1,142.2515,0.4,-0.395,0,10.81,80.8016666666667,1.29,1000.42666666667,142.2515,0.4,-0.395,0,10.81,80.8016666666667,1.29,1000.42666666667
2016,284,2,134.498833333333,0.4,-0.381666666666666,0,10.1466666666667,83.1166666666666,0.651666666666667,1000.68833333333,134.498833333333,0.4,-0.381666666666666,0,10.1466666666667,83.1166666666666,0.651666666666667,1000.68833333333
2016,284,3,124.6345,0.346666666666667,-0.395,0,9.01,86.5366666666667,1.06,1000.89166666667,124.6345,0.346666666666667,-0.395,0,9.01,86.5366666666667,1.06,1000.89166666667
2016,284,4,113.710166666667,0.3,-0.356666666666666,0,8.86333333333333,87.84,1.475,1001.20166666667,113.710166666667,0.3,-0.356666666666666,0,8.86333333333333,87.84,1.475,1001.20166666667
2016,284,5,102.336,0.323333333333333,-0.395,0,8.58333333333334,89.605,1.13,1001.49666666667,102.336,0.323333333333333,-0.395,0,8.58333333333334,89.605,1.13,1001.49666666667
2016,284,6,90.7433333333333,80.465,9.57666666666666,6.295,8.60500000000001,90.08,1.38,1001.665,90.7433333333333,80.465,9.57666666666666,6.295,8.60500000000001,90.08,1.38,1001.665
2016,284,7,79.6755,495.513333333333,53.71,62.0866666666667,10.145,85.7916666666667,2.09166666666667,1001.64666666667,79.6755,495.513333333333,53.71,62.0866666666667,10.145,85.7916666666667,2.09166666666667,1001.64666666667
2016,284,8,69.2478333333333,469.18,132.56,124.381666666667,13.9816666666667,76.195,1.05333333333333,1002.02166666667,69.2478333333333,469.18,132.56,124.381666666667,13.9816666666667,76.195,1.05333333333333,1002.02166666667
2016,284,9,59.9671666666667,664.531666666667,127.333333333333,194.336666666667,17.4966666666667,62.21,1.54,1002.05666666667,59.9671666666667,664.531666666667,127.333333333333,194.336666666667,17.4966666666667,62.21,1.54,1002.05666666667
2016,284,10,52.6088333333333,627.313333333333,211.523333333333,247.415217391304,20.4233333333333,47.8283333333333,1.76666666666667,1001.745,52.6088333333333,627.313333333333,211.523333333333,247.415217391304,20.4233333333333,47.8283333333333,1.76666666666667,1001.745
2016,284,11,48.1386666666667,621.378333333333,227.945,265.048936170213,22.4233333333333,36.9183333333333,1.835,1001.18666666667,48.1386666666667,621.378333333333,227.945,265.048936170213,22.4233333333333,36.9183333333333,1.835,1001.18666666667
2016,284,12,47.4046666666667,344.115,342.36,241.056603773585,23.1633333333333,31.0466666666667,2.57,1000.40333333333,47.4046666666667,344.115,342.36,241.056603773585,23.1633333333333,31.0466666666667,2.57,1000.40333333333
2016,284,13,50.5715,500.865,267.98,247,23.9866666666667,28.33,1.9,999.48,50.5715,500.865,267.98,247,23.9866666666667,28.33,1.9,999.48
2016,284,14,56.9841666666667,750.006666666666,135.835,226.733333333333,24.9033333333333,26.185,1.47666666666667,998.668333333333,56.9841666666667,750.006666666666,135.835,226.733333333333,24.9033333333333,26.185,1.47666666666667,998.668333333333
2016,284,15,65.6615,720.788333333333,91.81,161.642857142857,24.7366666666667,26.705,3.68166666666667,998.321666666666,65.6615,720.788333333333,91.81,161.642857142857,24.7366666666667,26.705,3.68166666666667,998.321666666666
2016,284,16,75.7516666666667,165.823333333333,94.07,61.4765957446809,24.0216666666667,26.4616666666667,3.45333333333333,998.179999999999,75.7516666666667,165.823333333333,94.07,61.4765957446809,24.0216666666667,26.4616666666667,3.45333333333333,998.179999999999
2016,284,17,86.5615,1.875,24.7233333333333,10.4433333333333,22.7966666666667,30.8883333333333,2.705,998.204999999999,86.5615,1.875,24.7233333333333,10.4433333333333,22.7966666666667,30.8883333333333,2.705,998.204999999999
2016,284,18,98.15,0.333333333333333,-0.32,0.025,20.73,39.235,3.22,998.505,98.15,0.333333333333333,-0.32,0.025,20.73,39.235,3.22,998.505
2016,284,19,109.606,0.4,-0.4,0,18.2933333333333,51.0683333333333,2.89,998.634999999999,109.606,0.4,-0.4,0,18.2933333333333,51.0683333333333,2.89,998.634999999999
2016,284,20,120.784833333333,0.351666666666667,-0.4,0,17.1516666666667,58.185,2.72166666666667,998.388333333334,120.784833333333,0.351666666666667,-0.4,0,17.1516666666667,58.185,2.72166666666667,998.388333333334
2016,284,21,131.185833333333,0.4,-0.4,0,16.34,61.9966666666667,1.845,998.534999999999,131.185833333333,0.4,-0.4,0,16.34,61.9966666666667,1.845,998.534999999999
2016,284,22,139.953,0.4,-0.4,0,15.6533333333333,65.4133333333333,1.96,998.618333333332,139.953,0.4,-0.4,0,15.6533333333333,65.4133333333333,1.96,998.618333333332
2016,284,23,145.658,0.271666666666667,-0.4,0,14.895,69.2,2.98833333333333,998.523333333333,145.658,0.271666666666667,-0.4,0,14.895,69.2,2.98833333333333,998.523333333333
2016,285,0,146.652833333333,0.291666666666667,-0.4,0,14.4,72.69,3.01333333333333,998.556666666666,146.652833333333,0.291666666666667,-0.4,0,14.4,72.69,3.01333333333333,998.556666666666
2016,285,1,142.565333333333,-0.148333333333333,-0.355,0,13.7616666666667,75.8433333333333,3.425,998.624999999999,142.565333333333,-0.148333333333333,-0.355,0,13.7616666666667,75.8433333333333,3.425,998.624999999999
2016,285,2,134.758833333333,0.381666666666667,-0.4,0,13.245,78.09,3.80166666666667,998.516666666667,134.758833333333,0.381666666666667,-0.4,0,13.245,78.09,3.80166666666667,998.516666666667
2016,285,3,124.855333333333,0.0716666666666667,-0.4,0,12.5033333333333,80.9316666666666,3.605,998.4,124.855333333333,0.0716666666666667,-0.4,0,12.5033333333333,80.9316666666666,3.605,998.4
2016,285,4,113.909,0.106666666666667,-0.326666666666667,0,11.9616666666667,83.4333333333333,3.58,998.603333333333,113.909,0.106666666666667,-0.326666666666667,0,11.9616666666667,83.4333333333333,3.58,998.603333333333
2016,285,5,102.527333333333,-0.395,-0.168333333333333,0,12.0866666666667,85.57,3.41833333333333,998.606666666665,102.527333333333,-0.395,-0.168333333333333,0,12.0866666666667,85.57,3.41833333333333,998.606666666665
2016,285,6,90.9408333333333,0.535,3.28666666666667,1.6,12.4566666666667,84.8383333333333,3.805,998.706666666667,90.9408333333333,0.535,3.28666666666667,1.6,12.4566666666667,84.8383333333333,3.805,998.706666666667
2016,285,7,79.8836666666667,56.265,71.5833333333333,35.4966666666667,12.98,82.96,3.16833333333333,998.838333333335,79.8836666666667,56.265,71.5833333333333,35.4966666666667,12.98,82.96,3.16833333333333,998.838333333335
2016,285,8,69.4823333333333,143.108333333333,175.963333333333,92.3933333333333,15.5083333333333,71.2316666666667,4.79333333333333,998.833333333334,69.4823333333333,143.108333333333,175.963333333333,92.3933333333333,15.5083333333333,71.2316666666667,4.79333333333333,998.833333333334
2016,285,9,60.24,182.331666666667,292.263333333333,159.268333333333,18.5366666666667,57.2566666666667,4.755,998.651666666666,60.24,182.331666666667,292.263333333333,159.268333333333,18.5366666666667,57.2566666666667,4.755,998.651666666666
2016,285,10,52.9245,319.731666666667,296.805,202.948333333333,20.785,47.4316666666666,6.12666666666667,997.41,52.9245,319.731666666667,296.805,202.948333333333,20.785,47.4316666666666,6.12666666666667,997.41
2016,285,11,48.4958333333333,292.981666666667,372.283333333333,240.015,22.3566666666667,38.62,6.19333333333333,996.963333333333,48.4958333333333,292.981666666667,372.283333333333,240.015,22.3566666666667,38.62,6.19333333333333,996.963333333333
2016,285,12,47.7825,244,296.835,197.725,23.185,33.94,6.21,995.951666666667,47.7825,244,296.835,197.725,23.185,33.94,6.21,995.951666666667
2016,285,13,50.9468333333333,352.455,291.231666666667,217.941666666667,23.9983333333333,30.6116666666667,6.23166666666667,994.811666666666,50.9468333333333,352.455,291.231666666667,217.941666666667,23.9983333333333,30.6116666666667,6.23166666666667,994.811666666666
2016,285,14,57.3383333333333,459.315,235.553333333333,198.01,24.7633333333333,28.365,6.38333333333333,993.778333333333,57.3383333333333,459.315,235.553333333333,198.01,24.7633333333333,28.365,6.38333333333333,993.778333333333
2016,285,15,65.9903333333333,760.753333333333,104.446666666667,167.18,25.2566666666667,27.79,6.82833333333333,993.315,65.9903333333333,760.753333333333,104.446666666667,167.18,25.2566666666667,27.79,6.82833333333333,993.315
2016,285,16,76.0588333333333,586.485,55.4,80.5733333333333,24.635,31.1516666666667,6.08666666666667,993.099999999999,76.0588333333333,586.485,55.4,80.5733333333333,24.635,31.1516666666667,6.08666666666667,993.099999999999
2016,285,17,86.8516666666667,149.828333333333,19.525,14.29,22.895,36.01,4.69,993.118333333332,86.8516666666667,149.828333333333,19.525,14.29,22.895,36.01,4.69,993.118333333332
2016,285,18,98.4381666666667,0.22,-0.361666666666666,0.03,20.6416666666667,43.5633333333333,4.45666666666667,993.255000000001,98.4381666666667,0.22,-0.361666666666666,0.03,20.6416666666667,43.5633333333333,4.45666666666667,993.255000000001
2016,285,19,109.896,0.326666666666666,-0.469999999999999,0,18.3616666666667,51.5766666666667,4.29,993.373333333334,109.896,0.326666666666666,-0.469999999999999,0,18.3616666666667,51.5766666666667,4.29,993.373333333334
2016,285,20,121.086833333333,-0.0033333333333333,-0.4,0,16.6883333333333,59.1066666666666,4.57666666666667,993.366666666668,121.086833333333,-0.0033333333333333,-0.4,0,16.6883333333333,59.1066666666666,4.57666666666667,993.366666666668
2016,285,21,131.508666666667,-0.18,-0.351666666666667,0,17.355,60.6166666666667,5.10333333333333,993.371666666668,131.508666666667,-0.18,-0.351666666666667,0,17.355,60.6166666666667,5.10333333333333,993.371666666668
2016,285,22,140.3075,0.201666666666667,-0.363333333333333,0,16.6883333333333,67.5216666666667,5.11,993.223333333333,140.3075,0.201666666666667,-0.363333333333333,0,16.6883333333333,67.5216666666667,5.11,993.223333333333
2016,285,23,146.0355,-0.295,-0.391666666666666,0,16.4283333333333,69.7766666666667,5.05666666666667,992.696666666666,146.0355,-0.295,-0.391666666666666,0,16.4283333333333,69.7766666666667,5.05666666666667,992.696666666666
2016,286,0,147.017166666667,-0.238333333333333,-0.4,0,16.7783333333333,69.9133333333333,4.59833333333333,992.826666666667,147.017166666667,-0.238333333333333,-0.4,0,16.7783333333333,69.9133333333333,4.59833333333333,992.826666666667
2016,286,1,142.877666666667,-0.075,-0.256666666666667,0,16.5466666666667,74.445,1.91833333333333,993.795,142.877666666667,-0.075,-0.256666666666667,0,16.5466666666667,74.445,1.91833333333333,993.795
2016,286,2,135.016333333333,-0.245,-0.1,0,16.2633333333333,78.9333333333333,3.49166666666667,993.488333333334,135.016333333333,-0.245,-0.1,0,16.2633333333333,78.9333333333333,3.49166666666667,993.488333333334
2016,286,3,125.073833333333,-0.165,-0.4,0,16.02,81.5966666666667,5.32666666666667,992.696666666666,125.073833333333,-0.165,-0.4,0,16.02,81.5966666666667,5.32666666666667,992.696666666666
2016,286,4,114.106666666667,-0.213333333333333,-0.375,0,15.7166666666667,83.0983333333333,4.84833333333333,992.653333333333,114.106666666667,-0.213333333333333,-0.375,0,15.7166666666667,83.0983333333333,4.84833333333333,992.653333333333
2016,286,5,102.718333333333,-0.336666666666667,-0.4,0,15.3533333333333,84.1366666666666,5.17333333333333,992.153333333333,102.718333333333,-0.336666666666667,-0.4,0,15.3533333333333,84.1366666666666,5.17333333333333,992.153333333333
2016,286,6,91.1403333333333,24.4066666666667,9.565,4.54666666666667,15.2333333333333,84.5183333333333,5.01666666666667,991.901666666667,91.1403333333333,24.4066666666667,9.565,4.54666666666667,15.2333333333333,84.5183333333333,5.01666666666667,991.901666666667
2016,286,7,80.0918333333333,240.1,87.9516666666667,51.9133333333333,16.28,80.5916666666667,5.90666666666667,991.73,80.0918333333333,240.1,87.9516666666667,51.9133333333333,16.28,80.5916666666667,5.90666666666667,991.73
2016,286,8,69.7195,298.13,146.605,104.736666666667,17.875,72.8266666666667,7.81833333333333,991.605,69.7195,298.13,146.605,104.736666666667,17.875,72.8266666666667,7.81833333333333,991.605
2016,286,9,60.5121666666667,184.208333333333,293.366666666667,161.518333333333,19.785,66.25,8.775,991.104999999999,60.5121666666667,184.208333333333,293.366666666667,161.518333333333,19.785,66.25,8.775,991.104999999999
2016,286,10,53.2418333333333,62.5566666666667,369.281666666667,174.408333333333,21.2316666666667,63.9866666666667,9.18833333333333,991.211666666668,53.2418333333333,62.5566666666667,369.281666666667,174.408333333333,21.2316666666667,63.9866666666667,9.18833333333333,991.211666666668
2016,286,11,48.8523333333333,11.2683333333333,223.395,101.883333333333,21.81,66.2616666666667,9.16666666666667,991.226666666666,48.8523333333333,11.2683333333333,223.395,101.883333333333,21.81,66.2616666666667,9.16666666666667,991.226666666666
2016,286,12,48.1596666666667,0.631666666666666,84.2033333333333,41.4833333333333,20.055,78.3366666666666,7.73,991.273333333333,48.1596666666667,0.631666666666666,84.2033333333333,41.4833333333333,20.055,78.3366666666666,7.73,991.273333333333
2016,286,13,51.3185,0.16,91.3783333333333,44.88,18.8733333333333,88.2283333333333,6.64333333333333,991.199999999999,51.3185,0.16,91.3783333333333,44.88,18.8733333333333,88.2283333333333,6.64333333333333,991.199999999999
2016,286,14,57.6888333333333,0.38,116.431666666667,52.7283333333333,18.865,90.1316666666666,6.49833333333333,990.98,57.6888333333333,0.38,116.431666666667,52.7283333333333,18.865,90.1316666666666,6.49833333333333,990.98
2016,286,15,66.3165,0.623333333333333,66.0116666666667,30.7383333333333,17.7283333333333,90.335,7.67333333333333,991.153333333334,66.3165,0.623333333333333,66.0116666666667,30.7383333333333,17.7283333333333,90.335,7.67333333333333,991.153333333334
2016,286,16,76.3641666666667,0.43,34.5233333333333,15.6016666666667,14.1933333333333,90.2383333333333,8.25333333333333,992.081666666667,76.3641666666667,0.43,34.5233333333333,15.6016666666667,14.1933333333333,90.2383333333333,8.25333333333333,992.081666666667
2016,286,17,87.15,0.4,5.375,2.59,12.8766666666667,89.365,7.30166666666666,992.784999999999,87.15,0.4,5.375,2.59,12.8766666666667,89.365,7.30166666666666,992.784999999999
2016,286,18,98.7225,0.406666666666666,-0.465,0,12.225,88.7483333333333,6.96666666666667,993.831666666667,98.7225,0.406666666666666,-0.465,0,12.225,88.7483333333333,6.96666666666667,993.831666666667
2016,286,19,110.1835,0.4,-0.401666666666666,0,11.4283333333333,88.8883333333333,6.39,994.721666666667,110.1835,0.4,-0.401666666666666,0,11.4283333333333,88.8883333333333,6.39,994.721666666667
2016,286,20,121.385166666667,0.351666666666666,-0.393333333333333,0,10.8816666666667,86.49,6.69,995.566666666666,121.385166666667,0.351666666666666,-0.393333333333333,0,10.8816666666667,86.49,6.69,995.566666666666
2016,286,21,131.830666666667,0.153333333333333,-0.3,0,10.82,88.2166666666667,5.305,996.029999999999,131.830666666667,0.153333333333333,-0.3,0,10.82,88.2166666666667,5.305,996.029999999999
2016,286,22,140.6595,0.4,-0.4,0,10.3966666666667,88.695,7.11,996.436666666666,140.6595,0.4,-0.4,0,10.3966666666667,88.695,7.11,996.436666666666
2016,286,23,146.411166666667,0.4,-0.4,0,9.69500000000001,89.315,5.95333333333333,997.181666666667,146.411166666667,0.4,-0.4,0,9.69500000000001,89.315,5.95333333333333,997.181666666667
2016,287,0,147.379666666667,0.4,-0.411666666666666,0,9.38333333333333,89.1483333333333,5.77333333333334,997.561666666666,147.379666666667,0.4,-0.411666666666666,0,9.38333333333333,89.1483333333333,5.77333333333334,997.561666666666
2016,287,1,143.1885,0.4,-0.4,0,8.64666666666667,83.8366666666666,6.38666666666667,998.116666666667,143.1885,0.4,-0.4,0,8.64666666666667,83.8366666666666,6.38666666666667,998.116666666667
2016,287,2,135.273,0.4,-0.4,0,8.395,82.52,5.25166666666667,998.425,135.273,0.4,-0.4,0,8.395,82.52,5.25166666666667,998.425
2016,287,3,125.2935,0.4,-0.434999999999999,0,7.59666666666667,87.1783333333333,5.75166666666667,998.863333333334,125.2935,0.4,-0.434999999999999,0,7.59666666666667,87.1783333333333,5.75166666666667,998.863333333334
2016,287,4,114.305333333333,0.358333333333333,-0.4,0,7.37666666666666,83.2216666666667,5.76,999.805000000001,114.305333333333,0.358333333333333,-0.4,0,7.37666666666666,83.2216666666667,5.76,999.805000000001
2016,287,5,102.9095,0.396666666666666,-0.4,0,6.94,77.3033333333333,5.935,1000.45333333333,102.9095,0.396666666666666,-0.4,0,6.94,77.3033333333333,5.935,1000.45333333333
2016,287,6,91.338,79.7066666666666,6.04833333333333,4.42833333333333,5.665,82.8816666666667,2.815,1000.54166666667,91.338,79.7066666666666,6.04833333333333,4.42833333333333,5.665,82.8816666666667,2.815,1000.54166666667
2016,287,7,80.3011666666667,628.383333333334,35.1716666666667,56.7316666666667,5.93666666666667,83.15,1.755,1000.8,80.3011666666667,628.383333333334,35.1716666666667,56.7316666666667,5.93666666666667,83.15,1.755,1000.8
2016,287,8,69.956,846.658333333334,50.9166666666666,133.331666666667,7.24666666666667,74.1433333333333,3.82166666666667,1001.48833333333,69.956,846.658333333334,50.9166666666666,133.331666666667,7.24666666666667,74.1433333333333,3.82166666666667,1001.48833333333
2016,287,9,60.7873333333333,936.505,58.805,203.005,8.48666666666667,65.905,3.90666666666667,1001.84333333333,60.7873333333333,936.505,58.805,203.005,8.48666666666667,65.905,3.90666666666667,1001.84333333333
2016,287,10,53.558,977.395,63.8716666666667,255.373333333333,9.37333333333333,62.45,3.60333333333333,1002.03,53.558,977.395,63.8716666666667,255.373333333333,9.37333333333333,62.45,3.60333333333333,1002.03
2016,287,11,49.207,997.613333333333,66.1833333333333,284.966666666667,10.6583333333333,57.5916666666667,3.08,1001.59166666667,49.207,997.613333333333,66.1833333333333,284.966666666667,10.6583333333333,57.5916666666667,3.08,1001.59166666667
2016,287,12,48.5356666666667,985.101666666667,71.6666666666667,287.886666666667,11.9516666666667,53.845,3.46833333333333,1000.84166666667,48.5356666666667,985.101666666667,71.6666666666667,287.886666666667,11.9516666666667,53.845,3.46833333333333,1000.84166666667
2016,287,13,51.6893333333333,980.86,68.03,268.636666666667,13.1416666666667,48.21,3.65333333333333,1000.02166666667,51.6893333333333,980.86,68.03,268.636666666667,13.1416666666667,48.21,3.65333333333333,1000.02166666667
2016,287,14,58.0386666666667,940.02,63.3833333333333,221.72,14.0266666666667,43.7116666666667,2.98666666666667,999.538333333334,58.0386666666667,940.02,63.3833333333333,221.72,14.0266666666667,43.7116666666667,2.98666666666667,999.538333333334
2016,287,15,66.6416666666667,855.868333333333,60.0983333333333,155.362068965517,14.8733333333333,40.1983333333334,1.645,999.360000000001,66.6416666666667,855.868333333333,60.0983333333333,155.362068965517,14.8733333333333,40.1983333333334,1.645,999.360000000001
2016,287,16,76.6655,631.48,48.3183333333333,77.2633333333334,15.0066666666667,37.01,1.27666666666667,999.375,76.6655,631.48,48.3183333333333,77.2633333333334,15.0066666666667,37.01,1.27666666666667,999.375
2016,287,17,87.436,133.575,14.3683333333333,11.9616666666667,14.2133333333333,39.85,0.651219512195122,999.328333333334,87.436,133.575,14.3683333333333,11.9616666666667,14.2133333333333,39.85,0.651219512195122,999.328333333334
2016,287,18,99.0056666666667,0.421666666666666,-0.391666666666666,0.00833333333333333,13.1516666666667,42.9166666666667,0.821666666666667,999.640000000001,99.0056666666667,0.421666666666666,-0.391666666666666,0.00833333333333333,13.1516666666667,42.9166666666667,0.821666666666667,999.640000000001
2016,287,19,110.4665,0.4,-0.385,0,11.9916666666667,49.0116666666667,1.96166666666667,1000.105,110.4665,0.4,-0.385,0,11.9916666666667,49.0116666666667,1.96166666666667,1000.105
2016,287,20,121.679833333333,0.265,-0.333333333333333,0,10.3716666666667,57.16,2.46666666666667,1000.06,121.679833333333,0.265,-0.333333333333333,0,10.3716666666667,57.16,2.46666666666667,1000.06
2016,287,21,132.147666666667,0.336666666666667,-0.365,0,9.84333333333333,63.6616666666667,1.99,1000.08833333333,132.147666666667,0.336666666666667,-0.365,0,9.84333333333333,63.6616666666667,1.99,1000.08833333333
2016,287,22,141.008166666667,0.311666666666667,-0.355,0,8.465,72.585,1.11,1000.145,141.008166666667,0.311666666666667,-0.355,0,8.465,72.585,1.11,1000.145
2016,287,23,146.783666666667,0.075,-0.358333333333333,0,8.49666666666667,70.3216666666667,1.77,1000.03833333333,146.783666666667,0.075,-0.358333333333333,0,8.49666666666667,70.3216666666667,1.77,1000.03833333333
2016,288,0,147.739,0.4,-0.348333333333333,0,8.30166666666667,70.995,1.85333333333333,999.785,147.739,0.4,-0.348333333333333,0,8.30166666666667,70.995,1.85333333333333,999.785
2016,288,1,143.498666666667,0.356666666666667,-0.368333333333333,0,7.785,74.1983333333334,2.115,999.81,143.498666666667,0.356666666666667,-0.368333333333333,0,7.785,74.1983333333334,2.115,999.81
2016,288,2,135.5285,0.0816666666666666,-0.388333333333333,0,7.94166666666667,73.6516666666667,2.47166666666667,999.535000000001,135.5285,0.0816666666666666,-0.388333333333333,0,7.94166666666667,73.6516666666667,2.47166666666667,999.535000000001
2016,288,3,125.511166666667,0.191666666666667,-0.37,0,7.78,74.31,2.35666666666667,999.224999999999,125.511166666667,0.191666666666667,-0.37,0,7.78,74.31,2.35666666666667,999.224999999999
2016,288,4,114.503666666667,0.113333333333333,-0.338333333333333,0,7.33,77.295,2.33166666666667,999.131666666666,114.503666666667,0.113333333333333,-0.338333333333333,0,7.33,77.295,2.33166666666667,999.131666666666
2016,288,5,103.101333333333,0.07,-0.35,0,7.19166666666666,80.5383333333333,2.875,999.094999999999,103.101333333333,0.07,-0.35,0,7.19166666666666,80.5383333333333,2.875,999.094999999999
2016,288,6,91.5375,0.12,6.31666666666667,2.63,6.65333333333334,85.8883333333333,3.225,999.179999999999,91.5375,0.12,6.31666666666667,2.63,6.65333333333334,85.8883333333333,3.225,999.179999999999
2016,288,7,80.5115,102.48,79.8816666666667,40.8133333333333,7.57,83.8016666666667,2.22,999.656666666666,80.5115,102.48,79.8816666666667,40.8133333333333,7.57,83.8016666666667,2.22,999.656666666666
2016,288,8,70.195,280.883333333333,120.488333333333,88.2433333333334,10.03,77.91,3.22833333333333,1000.20833333333,70.195,280.883333333333,120.488333333333,88.2433333333334,10.03,77.91,3.22833333333333,1000.20833333333
2016,288,9,61.0603333333333,551.723333333333,140.096666666667,167.186666666667,12.2816666666667,70.2783333333334,4.07166666666667,999.946666666666,61.0603333333333,551.723333333333,140.096666666667,167.186666666667,12.2816666666667,70.2783333333334,4.07166666666667,999.946666666666
2016,288,10,53.8748333333333,714.518333333333,129.941666666667,223.501666666667,14.7116666666667,61.6716666666667,4.91,999.13,53.8748333333333,714.518333333333,129.941666666667,223.501666666667,14.7116666666667,61.6716666666667,4.91,999.13
2016,288,11,49.561,925.183333333334,91.0566666666667,280.496666666667,16.4083333333333,55.5066666666667,5.62166666666667,998.316666666666,49.561,925.183333333334,91.0566666666667,280.496666666667,16.4083333333333,55.5066666666667,5.62166666666667,998.316666666666
2016,288,12,48.9085,945.395,78.4433333333333,283.968333333333,17.5083333333333,50.9933333333333,5.47,997.293333333333,48.9085,945.395,78.4433333333333,283.968333333333,17.5083333333333,50.9933333333333,5.47,997.293333333333
2016,288,13,52.0566666666667,941.976666666667,71.7533333333333,264.366666666667,18.5266666666667,46.15,5.65,996.355,52.0566666666667,941.976666666667,71.7533333333333,264.366666666667,18.5266666666667,46.15,5.65,996.355
2016,288,14,58.385,900.59,67.53,202.6,19.505,42.2616666666667,5.75666666666667,995.716666666666,58.385,900.59,67.53,202.6,19.505,42.2616666666667,5.75666666666667,995.716666666666
2016,288,15,66.962,820.195,60.4233333333333,123.872727272727,19.87,41.3616666666667,5.76166666666667,995.578333333333,66.962,820.195,60.4233333333333,123.872727272727,19.87,41.3616666666667,5.76166666666667,995.578333333333
2016,288,16,76.9645,654.373333333333,44.76,77.1067796610169,19.7866666666667,45.705,5.095,995.166666666666,76.9645,654.373333333333,44.76,77.1067796610169,19.7866666666667,45.705,5.095,995.166666666666
2016,288,17,87.731,212.185,15.1,13.3896551724138,18.1766666666667,52.4016666666667,3.73166666666667,995.011666666666,87.731,212.185,15.1,13.3896551724138,18.1766666666667,52.4016666666667,3.73166666666667,995.011666666666
2016,288,18,99.2846666666667,0.396666666666666,-0.388333333333333,0.00666666666666667,16.2183333333333,59.7066666666667,3.975,995.216666666668,99.2846666666667,0.396666666666666,-0.388333333333333,0.00666666666666667,16.2183333333333,59.7066666666667,3.975,995.216666666668
2016,288,19,110.7465,0.0633333333333333,-0.393333333333333,0,14.3983333333333,68.2,4.22166666666667,995.261666666666,110.7465,0.0633333333333333,-0.393333333333333,0,14.3983333333333,68.2,4.22166666666667,995.261666666666
2016,288,20,121.970833333333,-0.395,-0.4,0,13.1266666666667,76.69,4.87333333333333,995.085,121.970833333333,-0.395,-0.4,0,13.1266666666667,76.69,4.87333333333333,995.085
2016,288,21,132.461,-0.163333333333333,-0.4,0,13.3866666666667,82.0566666666667,4.49,995.086666666667,132.461,-0.163333333333333,-0.4,0,13.3866666666667,82.0566666666667,4.49,995.086666666667
2016,288,22,141.352333333333,-0.311666666666667,-0.4,0,12.915,87.425,4.43333333333333,994.628333333334,141.352333333333,-0.311666666666667,-0.4,0,12.915,87.425,4.43333333333333,994.628333333334
2016,288,23,147.154166666667,-0.2,-0.4,0,13.115,88.5416666666667,4.795,994.231666666667,147.154166666667,-0.2,-0.4,0,13.115,88.5416666666667,4.795,994.231666666667
2016,289,0,148.096833333333,-0.361666666666666,-0.123333333333333,0,13.67,89.6383333333334,3.81666666666667,994.229999999999,148.096833333333,-0.361666666666666,-0.123333333333333,0,13.67,89.6383333333334,3.81666666666667,994.229999999999
2016,289,1,143.805166666667,-0.178333333333333,-0.383333333333333,0,14.795,89.8216666666667,4.25333333333333,994.064999999999,143.805166666667,-0.178333333333333,-0.383333333333333,0,14.795,89.8216666666667,4.25333333333333,994.064999999999
2016,289,2,135.781666666667,0.173333333333333,-0.398333333333333,0,14.91,91.0133333333333,4.16333333333333,993.901666666667,135.781666666667,0.173333333333333,-0.398333333333333,0,14.91,91.0133333333333,4.16333333333333,993.901666666667
2016,289,3,125.728166666667,0.138333333333333,-0.4,0,15.0233333333333,92.1783333333333,5.53,993.591666666666,125.728166666667,0.138333333333333,-0.4,0,15.0233333333333,92.1783333333333,5.53,993.591666666666
2016,289,4,114.7,0.205,-0.281666666666667,0,15.055,94.6083333333334,6.08666666666666,993.768333333334,114.7,0.205,-0.281666666666667,0,15.055,94.6083333333334,6.08666666666666,993.768333333334
2016,289,5,103.2935,0.255,-0.193333333333333,0,15.0366666666667,95.96,5.255,993.781666666666,103.2935,0.255,-0.193333333333333,0,15.0366666666667,95.96,5.255,993.781666666666
2016,289,6,91.7383333333333,0.0366666666666666,1.43333333333333,0.76,15.1366666666667,96.8133333333333,5.735,993.76,91.7383333333333,0.0366666666666666,1.43333333333333,0.76,15.1366666666667,96.8133333333333,5.735,993.76
2016,289,7,80.7225,0.0433333333333334,19.92,9.26,15.4333333333333,95.8966666666667,5.88833333333333,993.895000000001,80.7225,0.0433333333333334,19.92,9.26,15.4333333333333,95.8966666666667,5.88833333333333,993.895000000001
2016,289,8,70.4331666666667,-0.065,60.1433333333333,27.02,15.8866666666667,94.9716666666666,5.51666666666667,993.785,70.4331666666667,-0.065,60.1433333333333,27.02,15.8866666666667,94.9716666666666,5.51666666666667,993.785
2016,289,9,61.3355,0.293333333333333,94.7566666666667,42.7533333333333,16.7983333333333,91.2716666666667,6.89833333333334,993.518333333334,61.3355,0.293333333333333,94.7566666666667,42.7533333333333,16.7983333333333,91.2716666666667,6.89833333333334,993.518333333334
2016,289,10,54.1906666666667,0.39,91.4733333333333,42.5416666666667,17.2066666666667,89.83,8.04666666666667,993.331666666667,54.1906666666667,0.39,91.4733333333333,42.5416666666667,17.2066666666667,89.83,8.04666666666667,993.331666666667
2016,289,11,49.914,-0.0133333333333333,161.445,72.4983333333333,17.79,88.9883333333334,8.02333333333333,992.938333333333,49.914,-0.0133333333333333,161.445,72.4983333333333,17.79,88.9883333333334,8.02333333333333,992.938333333333
2016,289,12,49.2801666666667,5.89833333333333,226.623333333333,100.676666666667,19.4333333333333,79.6633333333334,8.565,992.13,49.2801666666667,5.89833333333333,226.623333333333,100.676666666667,19.4333333333333,79.6633333333334,8.565,992.13
2016,289,13,52.4226666666667,519.63,251.448333333333,239.613333333333,21.645,71.0883333333333,8.66333333333333,991.133333333333,52.4226666666667,519.63,251.448333333333,239.613333333333,21.645,71.0883333333333,8.66333333333333,991.133333333333
2016,289,14,58.7283333333333,625.718333333333,160.33,204.638333333333,23.65,63.5466666666667,8.95333333333333,990.32,58.7283333333333,625.718333333333,160.33,204.638333333333,23.65,63.5466666666667,8.95333333333333,990.32
2016,289,15,67.2805,582.401666666667,142.026666666667,150.088333333333,24.4433333333333,59.355,9.79166666666666,989.941666666667,67.2805,582.401666666667,142.026666666667,150.088333333333,24.4433333333333,59.355,9.79166666666666,989.941666666667
2016,289,16,77.2606666666667,367.981666666667,73.7983333333333,65.8466666666667,23.87,60.05,9.61333333333333,989.858333333334,77.2606666666667,367.981666666667,73.7983333333333,65.8466666666667,23.87,60.05,9.61333333333333,989.858333333334
2016,289,17,88.0101666666667,77.9183333333332,20.9016666666667,11.6683333333333,22.56,65.9166666666667,6.98333333333333,989.764999999999,88.0101666666667,77.9183333333332,20.9016666666667,11.6683333333333,22.56,65.9166666666667,6.98333333333333,989.764999999999
2016,289,18,99.56,0.0816666666666667,-0.396666666666666,0,21.3583333333333,70.7633333333333,6.86666666666667,989.883333333334,99.56,0.0816666666666667,-0.396666666666666,0,21.3583333333333,70.7633333333333,6.86666666666667,989.883333333334
2016,289,19,111.023666666667,0.0233333333333333,-0.4,0,20.8916666666667,73.5466666666667,6.57166666666667,990.166666666667,111.023666666667,0.0233333333333333,-0.4,0,20.8916666666667,73.5466666666667,6.57166666666667,990.166666666667
2016,289,20,122.258833333333,0.123333333333333,-0.4,0,20.4083333333333,73.315,6.98666666666667,990.264999999999,122.258833333333,0.123333333333333,-0.4,0,20.4083333333333,73.315,6.98666666666667,990.264999999999
2016,289,21,132.7705,0.275,-0.4,0,19.5666666666667,76.7233333333334,6.03666666666667,990.376666666668,132.7705,0.275,-0.4,0,19.5666666666667,76.7233333333334,6.03666666666667,990.376666666668
2016,289,22,141.694333333333,-0.271666666666667,-0.4,0,19.41,77.8233333333333,6.72833333333333,990.579999999999,141.694333333333,-0.271666666666667,-0.4,0,19.41,77.8233333333333,6.72833333333333,990.579999999999
2016,289,23,147.521833333333,0.0483333333333333,-0.4,0,19.5433333333334,76.8616666666666,6.74333333333333,990.505,147.521833333333,0.0483333333333333,-0.4,0,19.5433333333334,76.8616666666666,6.74333333333333,990.505
2016,290,0,148.454,0.116666666666667,-0.4,0,19.18,78.48,6.36333333333333,990.388333333335,148.454,0.116666666666667,-0.4,0,19.18,78.48,6.36333333333333,990.388333333335
2016,290,1,144.1115,-0.0933333333333333,-0.4,0,18.8966666666667,79.8483333333333,6.49333333333333,990.246666666666,144.1115,-0.0933333333333333,-0.4,0,18.8966666666667,79.8483333333333,6.49333333333333,990.246666666666
2016,290,2,136.034833333333,-0.16,-0.4,0,18.44,81.7183333333333,6.48666666666667,989.796666666666,136.034833333333,-0.16,-0.4,0,18.44,81.7183333333333,6.48666666666667,989.796666666666
2016,290,3,125.944333333333,0.0433333333333333,-0.4,0,18.1533333333333,82.4466666666667,5.65833333333333,989.253333333333,125.944333333333,0.0433333333333333,-0.4,0,18.1533333333333,82.4466666666667,5.65833333333333,989.253333333333
2016,290,4,114.898666666667,-0.213333333333333,-0.4,0,17.9466666666667,83.2083333333333,6.12,988.910000000001,114.898666666667,-0.213333333333333,-0.4,0,17.9466666666667,83.2083333333333,6.12,988.910000000001
2016,290,5,103.485333333333,-0.326666666666667,-0.4,0,18.2333333333333,81.995,7.345,988.681666666666,103.485333333333,-0.326666666666667,-0.4,0,18.2333333333333,81.995,7.345,988.681666666666
2016,290,6,91.9378333333333,0.781666666666667,2.035,0.908333333333333,18.8966666666667,78.845,7.665,988.323333333333,91.9378333333333,0.781666666666667,2.035,0.908333333333333,18.8966666666667,78.845,7.665,988.323333333333
2016,290,7,80.9333333333333,0.015,17.4516666666667,8.64,18.1966666666667,86.4516666666666,5.8,989.278333333334,80.9333333333333,0.015,17.4516666666667,8.64,18.1966666666667,86.4516666666666,5.8,989.278333333334
2016,290,8,70.6731666666667,0.0133333333333333,15.5183333333333,8.04166666666667,17.65,92.6783333333334,5.49666666666667,989.803333333334,70.6731666666667,0.0133333333333333,15.5183333333333,8.04166666666667,17.65,92.6783333333334,5.49666666666667,989.803333333334
2016,290,9,61.6093333333333,0.121666666666667,41.4916666666667,20.0266666666667,17.7183333333333,92.28,5.75833333333334,989.733333333332,61.6093333333333,0.121666666666667,41.4916666666667,20.0266666666667,17.7183333333333,92.28,5.75833333333334,989.733333333332
2016,290,10,54.5058333333333,0.386666666666666,64.44,30.8633333333333,17.7483333333333,91.5016666666667,4.98833333333333,989.698333333332,54.5058333333333,0.386666666666666,64.44,30.8633333333333,17.7483333333333,91.5016666666667,4.98833333333333,989.698333333332
2016,290,11,50.265,0.37,128.336666666667,59.8483333333333,18.0466666666667,91.34,4.99833333333333,989.611666666666,50.265,0.37,128.336666666667,59.8483333333333,18.0466666666667,91.34,4.99833333333333,989.611666666666
2016,290,12,49.6488333333333,7.21,312.746666666667,140.006666666667,19.07,89.0716666666667,5.26,988.916666666667,49.6488333333333,7.21,312.746666666667,140.006666666667,19.07,89.0716666666667,5.26,988.916666666667
2016,290,13,52.7838333333333,3.50166666666667,259.098333333333,114.985,19.8766666666667,87.1266666666667,4.70166666666667,988.013333333333,52.7838333333333,3.50166666666667,259.098333333333,114.985,19.8766666666667,87.1266666666667,4.70166666666667,988.013333333333
2016,290,14,59.0683333333333,3.90833333333334,202.348333333333,89.6816666666667,21.2033333333333,83.735,3.525,987.373333333335,59.0683333333333,3.90833333333334,202.348333333333,89.6816666666667,21.2033333333333,83.735,3.525,987.373333333335
2016,290,15,67.5956666666667,30.4883333333333,170.853333333333,78.18,21.69,83.4516666666667,4.02166666666667,986.841666666667,67.5956666666667,30.4883333333333,170.853333333333,78.18,21.69,83.4516666666667,4.02166666666667,986.841666666667
2016,290,16,77.553,146.023333333333,94.5816666666667,53.4483333333333,21.7266666666667,82.0083333333333,4.27333333333333,986.353333333334,77.553,146.023333333333,94.5816666666667,53.4483333333333,21.7266666666667,82.0083333333333,4.27333333333333,986.353333333334
2016,290,17,88.299,36.48,15.6716666666667,8.26666666666666,20.5216666666667,86.735,4.41333333333333,986.108333333333,88.299,36.48,15.6716666666667,8.26666666666666,20.5216666666667,86.735,4.41333333333333,986.108333333333
2016,290,18,99.8316666666667,-0.135,-0.391666666666666,0,19.8816666666667,90.545,4.74333333333333,985.981666666667,99.8316666666667,-0.135,-0.391666666666666,0,19.8816666666667,90.545,4.74333333333333,985.981666666667
2016,290,19,111.296166666667,-0.213333333333333,-0.373333333333333,0,20.66,87.2766666666666,4.55,986.124999999999,111.296166666667,-0.213333333333333,-0.373333333333333,0,20.66,87.2766666666666,4.55,986.124999999999
2016,290,20,122.542,-0.0633333333333333,-0.4,0,21.0316666666667,83.1666666666667,5.14333333333333,986.071666666667,122.542,-0.0633333333333333,-0.4,0,21.0316666666667,83.1666666666667,5.14333333333333,986.071666666667
2016,290,21,133.075833333333,-0.208333333333333,-0.4,0,20.93,83.7333333333333,6.20833333333333,985.696666666666,133.075833333333,-0.208333333333333,-0.4,0,20.93,83.7333333333333,6.20833333333333,985.696666666666
2016,290,22,142.032666666667,-0.13,-0.4,0,21.3866666666666,82.3516666666667,7.65666666666667,985.385000000001,142.032666666667,-0.13,-0.4,0,21.3866666666666,82.3516666666667,7.65666666666667,985.385000000001
2016,290,23,147.887833333333,0.0133333333333333,-0.4,0.184745762711864,21.0466666666667,83.42,6.97833333333333,985.265,147.887833333333,0.0133333333333333,-0.4,0.184745762711864,21.0466666666667,83.42,6.97833333333333,985.265
2016,291,0,148.808333333333,0.0466666666666667,-0.4,0,20.7116666666667,84.2333333333333,6.37666666666667,985.283333333335,148.808333333333,0.0466666666666667,-0.4,0,20.7116666666667,84.2333333333333,6.37666666666667,985.283333333335
2016,291,1,144.414666666667,0.0633333333333333,-0.4,0,20.1816666666667,85.7283333333333,6.21,985.283333333334,144.414666666667,0.0633333333333333,-0.4,0,20.1816666666667,85.7283333333333,6.21,985.283333333334
2016,291,2,136.2855,0.0716666666666667,-0.4,0,19.6033333333333,87.21,5.36166666666667,985.24,136.2855,0.0716666666666667,-0.4,0,19.6033333333333,87.21,5.36166666666667,985.24
2016,291,3,126.160333333333,-0.0133333333333333,-0.4,0,19.2083333333334,87.7516666666667,6.675,984.179999999999,126.160333333333,-0.0133333333333333,-0.4,0,19.2083333333334,87.7516666666667,6.675,984.179999999999
2016,291,4,115.0955,-0.0766666666666667,-0.4,0,18.8416666666667,88.5166666666667,6.55833333333334,984.058333333334,115.0955,-0.0766666666666667,-0.4,0,18.8416666666667,88.5166666666667,6.55833333333334,984.058333333334
2016,291,5,103.677833333333,-0.0266666666666667,-0.4,0,18.7466666666667,87.86,7.185,983.733333333332,103.677833333333,-0.0266666666666667,-0.4,0,18.7466666666667,87.86,7.185,983.733333333332
2016,291,6,92.1401666666667,5.205,4.15,2.38,18.505,87.3166666666666,7.42666666666667,983.475,92.1401666666667,5.205,4.15,2.38,18.505,87.3166666666666,7.42666666666667,983.475
2016,291,7,81.145,90.6166666666667,69.7116666666667,33.619298245614,18.785,86.21,7.67166666666667,983.528333333333,81.145,90.6166666666667,69.7116666666667,33.619298245614,18.785,86.21,7.67166666666667,983.528333333333
2016,291,8,70.9128333333333,63.93,158.033333333333,78.0766666666667,20.1433333333333,82.1183333333333,9.105,983.273333333333,70.9128333333333,63.93,158.033333333333,78.0766666666667,20.1433333333333,82.1183333333333,9.105,983.273333333333
2016,291,9,61.8843333333333,476.691666666667,178.656666666667,175.633333333333,21.99,76.3916666666667,10.5466666666667,982.666666666667,61.8843333333333,476.691666666667,178.656666666667,175.633333333333,21.99,76.3916666666667,10.5466666666667,982.666666666667
2016,291,10,54.8206666666667,803.008333333333,99.725,240.368333333333,23.9233333333333,69.535,11.7033333333333,981.793333333333,54.8206666666667,803.008333333333,99.725,240.368333333333,23.9233333333333,69.535,11.7033333333333,981.793333333333
2016,291,11,50.6145,845.418333333334,95.245,269.92,25.835,61.0266666666667,12.6983333333333,980.721666666667,50.6145,845.418333333334,95.245,269.92,25.835,61.0266666666667,12.6983333333333,980.721666666667
2016,291,12,50.0138333333333,849.97,94.8033333333333,273.323333333333,27.1883333333333,55.24,12.685,979.528333333334,50.0138333333333,849.97,94.8033333333333,273.323333333333,27.1883333333333,55.24,12.685,979.528333333334
2016,291,13,53.1436666666667,822.163333333333,95.705,250.261666666667,28.3183333333333,51.27,13.07,978.368333333334,53.1436666666667,822.163333333333,95.705,250.261666666667,28.3183333333333,51.27,13.07,978.368333333334
2016,291,14,59.4068333333333,733.395,110.578333333333,204.715,28.8833333333333,47.605,13.5983333333333,977.358333333333,59.4068333333333,733.395,110.578333333333,204.715,28.8833333333333,47.605,13.5983333333333,977.358333333333
2016,291,15,67.9083333333333,629.006666666667,87.8333333333333,136.64,28.7383333333333,46.9283333333333,14.535,976.661666666666,67.9083333333333,629.006666666667,87.8333333333333,136.64,28.7383333333333,46.9283333333333,14.535,976.661666666666
2016,291,16,77.8428333333333,478.24,56.1283333333333,67.08,27.9083333333333,49.4083333333333,12.6966666666667,976.631666666666,77.8428333333333,478.24,56.1283333333333,67.08,27.9083333333333,49.4083333333333,12.6966666666667,976.631666666666
2016,291,17,88.5718333333333,49.6516666666667,12.1683333333333,7.71,26.3316666666667,54.4716666666667,11.4766666666667,976.676666666666,88.5718333333333,49.6516666666667,12.1683333333333,7.71,26.3316666666667,54.4716666666667,11.4766666666667,976.676666666666
2016,291,18,100.100666666667,-1.85037170770859e-18,-0.56,0,25.33,57.1,11.2733333333333,976.999999999999,100.100666666667,-1.85037170770859e-18,-0.56,0,25.33,57.1,11.2733333333333,976.999999999999
2016,291,19,111.565333333333,0.123333333333333,-0.573333333333333,0,24.3316666666667,63.1433333333333,10.8216666666667,977.366666666668,111.565333333333,0.123333333333333,-0.573333333333333,0,24.3316666666667,63.1433333333333,10.8216666666667,977.366666666668
2016,291,20,122.822333333333,0.0483333333333333,-0.523333333333333,0,23.6,66.5916666666667,11.2183333333333,977.203333333333,122.822333333333,0.0483333333333333,-0.523333333333333,0,23.6,66.5916666666667,11.2183333333333,977.203333333333
2016,291,21,133.378,-0.111666666666667,-0.406666666666666,0,23.3066666666667,65.7733333333333,10.5966666666667,977.751666666666,133.378,-0.111666666666667,-0.406666666666666,0,23.3066666666667,65.7733333333333,10.5966666666667,977.751666666666
2016,291,22,142.3675,-0.0933333333333334,-0.4,0,22.91,66.13,10.165,978.313333333334,142.3675,-0.0933333333333334,-0.4,0,22.91,66.13,10.165,978.313333333334
2016,291,23,148.2505,0.0483333333333333,-0.4,0,22.3233333333333,68.13,8.63,978.820000000001,148.2505,0.0483333333333333,-0.4,0,22.3233333333333,68.13,8.63,978.820000000001
2016,292,0,149.1605,-0.3,-0.4,0,22.4283333333333,67.5466666666667,9.46666666666667,978.866666666668,149.1605,-0.3,-0.4,0,22.4283333333333,67.5466666666667,9.46666666666667,978.866666666668
2016,292,1,144.716833333333,-0.085,-0.4,0,22.2,68.19,9.55666666666667,978.823333333334,144.716833333333,-0.085,-0.4,0,22.2,68.19,9.55666666666667,978.823333333334
2016,292,2,136.535833333333,-0.108333333333333,-0.4,0,21.9433333333333,70.0066666666667,9.67333333333334,978.588333333333,136.535833333333,-0.108333333333333,-0.4,0,21.9433333333333,70.0066666666667,9.67333333333334,978.588333333333
2016,292,3,126.375,0.025,-0.4,0,21.5683333333333,72.7633333333333,8.84666666666667,978.645,126.375,0.025,-0.4,0,21.5683333333333,72.7633333333333,8.84666666666667,978.645
2016,292,4,115.292666666667,-0.0283333333333333,-0.4,0,21.2083333333333,75.33,7.94833333333334,978.948333333333,115.292666666667,-0.0283333333333333,-0.4,0,21.2083333333333,75.33,7.94833333333334,978.948333333333
2016,292,5,103.869833333333,-0.03,-0.4,0,20.8316666666667,77.665,7.37166666666667,979.416666666666,103.869833333333,-0.03,-0.4,0,20.8316666666667,77.665,7.37166666666667,979.416666666666
2016,292,6,92.341,2.25666666666667,5.14833333333333,2.52833333333333,20.515,79.6533333333334,7.26166666666667,979.86,92.341,2.25666666666667,5.14833333333333,2.52833333333333,20.515,79.6533333333334,7.26166666666667,979.86
2016,292,7,81.3576666666667,99.77,56.9483333333333,30,20.8766666666667,79.245,7.47666666666667,980.345,81.3576666666667,99.77,56.9483333333333,30,20.8766666666667,79.245,7.47666666666667,980.345
2016,292,8,71.1523333333333,0.0283333333333333,56.1116666666667,25.9583333333333,21.7166666666667,76.7166666666667,8.05833333333333,980.876666666667,71.1523333333333,0.0283333333333333,56.1116666666667,25.9583333333333,21.7166666666667,76.7166666666667,8.05833333333333,980.876666666667
2016,292,9,62.16,-0.075,93.0533333333333,42.82,22.3483333333333,75.2133333333334,8.06,981.345000000001,62.16,-0.075,93.0533333333333,42.82,22.3483333333333,75.2133333333334,8.06,981.345000000001
2016,292,10,55.1348333333333,22.1433333333333,297.145,135.446666666667,23.4933333333333,71.6216666666667,9.97833333333334,981.613333333332,55.1348333333333,22.1433333333333,297.145,135.446666666667,23.4933333333333,71.6216666666667,9.97833333333334,981.613333333332
2016,292,11,50.9625,34.0316666666667,335.561666666667,155.325,24.6233333333333,68.37,9.23166666666667,981.875,50.9625,34.0316666666667,335.561666666667,155.325,24.6233333333333,68.37,9.23166666666667,981.875
2016,292,12,50.3781666666667,0.494999999999999,179.683333333333,80.4283333333333,25.025,67.535,7.72666666666666,982.063333333332,50.3781666666667,0.494999999999999,179.683333333333,80.4283333333333,25.025,67.535,7.72666666666666,982.063333333332
2016,292,13,53.501,0.378333333333333,133.318333333333,60.83,25.0266666666667,68.0766666666667,7.34166666666667,982.300000000001,53.501,0.378333333333333,133.318333333333,60.83,25.0266666666667,68.0766666666667,7.34166666666667,982.300000000001
2016,292,14,59.7411666666667,307.958333333333,221.253333333333,155.948333333333,25.83,64.6283333333333,6.63833333333333,982.633333333332,59.7411666666667,307.958333333333,221.253333333333,155.948333333333,25.83,64.6283333333333,6.63833333333333,982.633333333332
2016,292,15,68.2173333333333,298.023333333333,119.68,95.2333333333333,26.2916666666667,62.2116666666667,5.795,982.873333333333,68.2173333333333,298.023333333333,119.68,95.2333333333333,26.2916666666667,62.2116666666667,5.795,982.873333333333
2016,292,16,78.1286666666667,157.216666666667,75.44,44.1833333333333,26.2416666666667,58.4866666666667,5.30833333333333,983.441666666667,78.1286666666667,157.216666666667,75.44,44.1833333333333,26.2416666666667,58.4866666666667,5.30833333333333,983.441666666667
2016,292,17,88.8551666666667,27.015,15.7566666666667,7.85666666666666,24.3416666666667,59.3716666666667,4.26333333333333,984.263333333333,88.8551666666667,27.015,15.7566666666667,7.85666666666666,24.3416666666667,59.3716666666667,4.26333333333333,984.263333333333
2016,292,18,100.365666666667,0.4,-0.4,0,22.2166666666667,60.7233333333333,2.81833333333333,985.39,100.365666666667,0.4,-0.4,0,22.2166666666667,60.7233333333333,2.81833333333333,985.39
2016,292,19,111.831333333333,0.4,-0.4,0,20.275,68.7366666666667,3.39166666666667,986.408333333333,111.831333333333,0.4,-0.4,0,20.275,68.7366666666667,3.39166666666667,986.408333333333
2016,292,20,123.0975,0.4,-0.356666666666666,0,18.92,69.9166666666667,3.53833333333333,987.343333333333,123.0975,0.4,-0.356666666666666,0,18.92,69.9166666666667,3.53833333333333,987.343333333333
2016,292,21,133.6755,0.4,-0.4,0,17.7033333333333,67.6033333333333,3.185,988.131666666666,133.6755,0.4,-0.4,0,17.7033333333333,67.6033333333333,3.185,988.131666666666
2016,292,22,142.698,0.4,-0.4,0,16.3366666666667,70.0683333333334,2.52333333333333,988.828333333333,142.698,0.4,-0.4,0,16.3366666666667,70.0683333333334,2.52333333333333,988.828333333333
2016,292,23,148.609333333333,0.4,-0.395,0,15.6383333333333,71.53,2.66166666666667,989.518333333333,148.609333333333,0.4,-0.395,0,15.6383333333333,71.53,2.66166666666667,989.518333333333
2016,293,0,149.51,0.396666666666666,-0.4,0,15.06,71.49,4.15,989.968333333332,149.51,0.396666666666666,-0.4,0,15.06,71.49,4.15,989.968333333332
2016,293,1,145.015833333333,0.39,-0.4,0,14.2616666666667,72.94,2.97,990.578333333333,145.015833333333,0.39,-0.4,0,14.2616666666667,72.94,2.97,990.578333333333
2016,293,2,136.783666666667,0.4,-0.4,0,13.5466666666667,75.83,2.78833333333333,990.901666666667,136.783666666667,0.4,-0.4,0,13.5466666666667,75.83,2.78833333333333,990.901666666667
2016,293,3,126.588666666667,0.4,-0.4,0,13.1283333333333,79.0616666666667,2.505,991.136666666667,126.588666666667,0.4,-0.4,0,13.1283333333333,79.0616666666667,2.505,991.136666666667
2016,293,4,115.488833333333,0.183333333333333,-0.388333333333333,0,13.6,81.82,2.43333333333333,991.25,115.488833333333,0.183333333333333,-0.388333333333333,0,13.6,81.82,2.43333333333333,991.25
2016,293,5,104.062666666667,0.316666666666667,-0.36,0,13.27,87.4366666666667,1.765,991.555,104.062666666667,0.316666666666667,-0.36,0,13.27,87.4366666666667,1.765,991.555
2016,293,6,92.5435,23.08,5.38166666666667,2.70166666666667,12.1116666666667,89.655,3.05,992.291666666667,92.5435,23.08,5.38166666666667,2.70166666666667,12.1116666666667,89.655,3.05,992.291666666667
2016,293,7,81.569,355.805,53.5433333333333,45.5966666666667,12.3833333333333,89.975,2.665,993.07,81.569,355.805,53.5433333333333,45.5966666666667,12.3833333333333,89.975,2.665,993.07
2016,293,8,71.3933333333333,459.543333333333,115.651666666667,108.261666666667,15.5816666666667,79.865,2.98333333333333,993.403333333333,71.3933333333333,459.543333333333,115.651666666667,108.261666666667,15.5816666666667,79.865,2.98333333333333,993.403333333333
2016,293,9,62.435,279.906666666667,237.52,151.473333333333,18.7616666666667,57.29,3.39666666666667,993.406666666667,62.435,279.906666666667,237.52,151.473333333333,18.7616666666667,57.29,3.39666666666667,993.406666666667
2016,293,10,55.4485,2.88333333333333,211.86,93.3916666666667,19.5283333333333,51.605,4.27666666666667,993.421666666666,55.4485,2.88333333333333,211.86,93.3916666666667,19.5283333333333,51.605,4.27666666666667,993.421666666666
2016,293,11,51.3095,0.451666666666666,217.248333333333,96.19,19.7733333333333,49.3616666666667,4.86166666666667,993.041666666667,51.3095,0.451666666666666,217.248333333333,96.19,19.7733333333333,49.3616666666667,4.86166666666667,993.041666666667
2016,293,12,50.7391666666667,0.563333333333332,109.87,51.3133333333333,19.7766666666667,50.825,4.71833333333333,992.125,50.7391666666667,0.563333333333332,109.87,51.3133333333333,19.7766666666667,50.825,4.71833333333333,992.125
2016,293,13,53.8538333333333,0.401666666666666,35.885,18.9333333333333,19.425,53.5966666666667,4.97,991.373333333334,53.8538333333333,0.401666666666666,35.885,18.9333333333333,19.425,53.5966666666667,4.97,991.373333333334
2016,293,14,60.0731666666667,-0.085,52.1366666666667,25.9116666666667,18.3516666666667,63.2633333333333,5.32166666666667,991.063333333333,60.0731666666667,-0.085,52.1366666666667,25.9116666666667,18.3516666666667,63.2633333333333,5.32166666666667,991.063333333333
2016,293,15,68.5235,-0.651666666666666,52.15,24.5533333333333,17.5016666666667,70.7183333333333,4.50333333333333,990.676666666667,68.5235,-0.651666666666666,52.15,24.5533333333333,17.5016666666667,70.7183333333333,4.50333333333333,990.676666666667
2016,293,16,78.4111666666667,0.1,9.17833333333333,4.59666666666667,17.63,68.5166666666667,3.005,990.891666666667,78.4111666666667,0.1,9.17833333333333,4.59666666666667,17.63,68.5166666666667,3.005,990.891666666667
2016,293,17,89.1216666666667,0.381666666666666,2.30333333333333,1.16666666666667,16.6766666666667,74.085,3.88333333333333,991.205,89.1216666666667,0.381666666666666,2.30333333333333,1.16666666666667,16.6766666666667,74.085,3.88333333333333,991.205
2016,293,18,100.626666666667,0.21,-0.373333333333333,0,16.3066666666667,72.795,3.875,991.651666666666,100.626666666667,0.21,-0.373333333333333,0,16.3066666666667,72.795,3.875,991.651666666666
2016,293,19,112.092166666667,0.366666666666666,-0.395,0,16.2,74.2516666666667,3.48166666666667,991.130000000001,112.092166666667,0.366666666666666,-0.395,0,16.2,74.2516666666667,3.48166666666667,991.130000000001
2016,293,20,123.368,0.38,-0.453333333333333,0,15.5133333333333,82.185,3.75166666666667,992.745,123.368,0.38,-0.453333333333333,0,15.5133333333333,82.185,3.75166666666667,992.745
2016,293,21,133.969,0.0166666666666666,-0.401666666666666,0,14.495,81.78,7.79333333333333,992.421666666667,133.969,0.0166666666666666,-0.401666666666666,0,14.495,81.78,7.79333333333333,992.421666666667
2016,293,22,143.024166666667,-0.19,-0.175,0,14.5166666666667,76.7483333333333,7.97333333333333,991.725,143.024166666667,-0.19,-0.175,0,14.5166666666667,76.7483333333333,7.97333333333333,991.725
2016,293,23,148.965333333333,0.06,-0.441666666666666,0,13.89,81.9016666666667,6.745,991.525,148.965333333333,0.06,-0.441666666666666,0,13.89,81.9016666666667,6.745,991.525
2016,294,0,149.857333333333,-0.00999999999999999,-0.393333333333333,0,13.7133333333333,84.9166666666667,5.75,991.758333333333,149.857333333333,-0.00999999999999999,-0.393333333333333,0,13.7133333333333,84.9166666666667,5.75,991.758333333333
2016,294,1,145.314,-0.0483333333333333,-0.393333333333333,0,13.4183333333333,88.5566666666667,5.605,991.7,145.314,-0.0483333333333333,-0.393333333333333,0,13.4183333333333,88.5566666666667,5.605,991.7
2016,294,2,137.031166666667,0.35,-0.343333333333333,0,12.8616666666667,91.2866666666666,3.765,992.625,137.031166666667,0.35,-0.343333333333333,0,12.8616666666667,91.2866666666666,3.765,992.625
2016,294,3,126.801833333333,0.39,-0.27,0,12.53,95.4816666666667,3.895,992.171666666666,126.801833333333,0.39,-0.27,0,12.53,95.4816666666667,3.895,992.171666666666
2016,294,4,115.683666666667,0.338333333333333,-0.383333333333333,0,12.62,95.2816666666666,3.80166666666667,992.043333333333,115.683666666667,0.338333333333333,-0.383333333333333,0,12.62,95.2816666666666,3.80166666666667,992.043333333333
2016,294,5,104.255,0.4,-0.398333333333333,0,12.64,94.7383333333333,4.28,992.508333333333,104.255,0.4,-0.398333333333333,0,12.64,94.7383333333333,4.28,992.508333333333
2016,294,6,92.7465,0.4,0.12,0.233333333333333,12.53,95.075,5.39833333333333,992.39,92.7465,0.4,0.12,0.233333333333333,12.53,95.075,5.39833333333333,992.39
2016,294,7,81.7815,0.393333333333333,7.12,3.78333333333333,12.3,94.9733333333333,5.37666666666667,992.576666666666,81.7815,0.393333333333333,7.12,3.78333333333333,12.3,94.9733333333333,5.37666666666667,992.576666666666
2016,294,8,71.6343333333333,0.205,46.3266666666667,22.1533333333333,12.1583333333333,94.5683333333334,5.19,992.756666666667,71.6343333333333,0.205,46.3266666666667,22.1533333333333,12.1583333333333,94.5683333333334,5.19,992.756666666667
2016,294,9,62.71,0.361666666666666,88.775,41.145,12.6533333333333,92.6483333333333,4.585,993.088333333333,62.71,0.361666666666666,88.775,41.145,12.6533333333333,92.6483333333333,4.585,993.088333333333
2016,294,10,55.761,0.351666666666667,129.323333333333,58.735,13.4966666666667,88.275,5.08333333333333,993.031666666667,55.761,0.351666666666667,129.323333333333,58.735,13.4966666666667,88.275,5.08333333333333,993.031666666667
2016,294,11,51.6536666666667,0.741666666666666,164.373333333333,73.7433333333333,13.6016666666667,87.5333333333333,5.45833333333333,993.268333333334,51.6536666666667,0.741666666666666,164.373333333333,73.7433333333333,13.6016666666667,87.5333333333333,5.45833333333333,993.268333333334
2016,294,12,51.0981666666667,2.27333333333333,185.943333333333,84.9916666666666,14.1016666666667,87.82,6.38333333333334,993.07,51.0981666666667,2.27333333333333,185.943333333333,84.9916666666666,14.1016666666667,87.82,6.38333333333334,993.07
2016,294,13,54.2045,1.6,170.728333333333,77.3216666666667,14.83,85.2583333333334,7.12333333333333,992.440000000001,54.2045,1.6,170.728333333333,77.3216666666667,14.83,85.2583333333334,7.12333333333333,992.440000000001
2016,294,14,60.4005,69.4066666666667,267.245,129.49,15.25,78.9583333333333,9.48666666666667,992.351666666668,60.4005,69.4066666666667,267.245,129.49,15.25,78.9583333333333,9.48666666666667,992.351666666668
2016,294,15,68.825,29.7816666666667,178.501666666667,80.7516666666666,13.9333333333333,81.7866666666667,9.40833333333333,992.77,68.825,29.7816666666667,178.501666666667,80.7516666666666,13.9333333333333,81.7866666666667,9.40833333333333,992.77
2016,294,16,78.6905,0.305,26.325,12.0566666666667,12.565,83.845,8.015,993.486666666667,78.6905,0.305,26.325,12.0566666666667,12.565,83.845,8.015,993.486666666667
2016,294,17,89.397,0.201666666666667,1.97,0.996666666666666,11.87,84.7083333333333,7.715,994.001666666667,89.397,0.201666666666667,1.97,0.996666666666666,11.87,84.7083333333333,7.715,994.001666666667
2016,294,18,100.884333333333,0.4,-0.4,0,11.355,83.9783333333333,8.335,994.31,100.884333333333,0.4,-0.4,0,11.355,83.9783333333333,8.335,994.31
2016,294,19,112.349166666667,0.35,-0.4,0,11.2083333333333,83.55,7.53666666666667,994.700000000001,112.349166666667,0.35,-0.4,0,11.2083333333333,83.55,7.53666666666667,994.700000000001
2016,294,20,123.635,0.371666666666667,-0.4,0,11.1316666666667,81.7783333333334,7.38833333333333,994.99,123.635,0.371666666666667,-0.4,0,11.1316666666667,81.7783333333334,7.38833333333333,994.99
2016,294,21,134.256833333333,0.396666666666666,-0.4,0,10.8033333333333,79.855,7.20333333333333,995.038333333332,134.256833333333,0.396666666666666,-0.4,0,10.8033333333333,79.855,7.20333333333333,995.038333333332
2016,294,22,143.346333333333,0.4,-0.4,0,9.77,75.8333333333333,7.575,995.134999999999,143.346333333333,0.4,-0.4,0,9.77,75.8333333333333,7.575,995.134999999999
2016,294,23,149.3185,0.4,-0.4,0,8.91666666666667,77.6433333333334,6.14166666666667,995.159999999999,149.3185,0.4,-0.4,0,8.91666666666667,77.6433333333334,6.14166666666667,995.159999999999
2016,295,0,150.202166666667,0.0816666666666667,-0.4,0,8.53166666666666,78.47,6.64166666666667,994.900000000001,150.202166666667,0.0816666666666667,-0.4,0,8.53166666666666,78.47,6.64166666666667,994.900000000001
2016,295,1,145.609833333333,0.316666666666667,-0.401666666666666,0,8.07833333333333,77.2283333333333,6.65166666666667,995.034999999999,145.609833333333,0.316666666666667,-0.401666666666666,0,8.07833333333333,77.2283333333333,6.65166666666667,995.034999999999
2016,295,2,137.276166666667,0.393333333333333,-0.4,0,6.60833333333333,81.215,5.78833333333333,995.179999999999,137.276166666667,0.393333333333333,-0.4,0,6.60833333333333,81.215,5.78833333333333,995.179999999999
2016,295,3,127.014333333333,0.4,-0.4,0,5.61666666666667,83.6933333333333,5.98166666666667,995.218333333333,127.014333333333,0.4,-0.4,0,5.61666666666667,83.6933333333333,5.98166666666667,995.218333333333
2016,295,4,115.881833333333,0.4,-0.4,0,4.73833333333333,86.03,4.875,995.42,115.881833333333,0.4,-0.4,0,4.73833333333333,86.03,4.875,995.42
2016,295,5,104.447333333333,0.4,-0.4,0,4.13833333333333,86.6083333333333,4.23166666666667,995.465000000001,104.447333333333,0.4,-0.4,0,4.13833333333333,86.6083333333333,4.23166666666667,995.465000000001
2016,295,6,92.9493333333333,0.871666666666666,3.16,1.89666666666667,3.65333333333333,87.3983333333333,3.94333333333333,995.656666666666,92.9493333333333,0.871666666666666,3.16,1.89666666666667,3.65333333333333,87.3983333333333,3.94333333333333,995.656666666666
2016,295,7,81.9946666666667,40.0566666666667,57.125,26.8583333333333,3.725,86.9783333333333,4.77166666666667,996.126666666667,81.9946666666667,40.0566666666667,57.125,26.8583333333333,3.725,86.9783333333333,4.77166666666667,996.126666666667
2016,295,8,71.8753333333333,317.798333333333,117.106666666667,93.69,5.86833333333333,79.5383333333333,6.54666666666667,996.633333333333,71.8753333333333,317.798333333333,117.106666666667,93.69,5.86833333333333,79.5383333333333,6.54666666666667,996.633333333333
2016,295,9,62.984,815.28,100.32,192.665,7.96833333333333,73.9983333333333,6.95,996.714999999999,62.984,815.28,100.32,192.665,7.96833333333333,73.9983333333333,6.95,996.714999999999
2016,295,10,56.0725,237.7,304.695,180.986666666667,9.39833333333333,72.305,6.02666666666667,996.756666666666,56.0725,237.7,304.695,180.986666666667,9.39833333333333,72.305,6.02666666666667,996.756666666666
2016,295,11,51.997,13.38,277.21,121.225,10.4633333333333,68.865,4.52666666666667,996.6,51.997,13.38,277.21,121.225,10.4633333333333,68.865,4.52666666666667,996.6
2016,295,12,51.4538333333333,246.263333333333,257.183333333333,171.552542372881,11.4816666666667,61.93,4.79666666666667,995.891666666667,51.4538333333333,246.263333333333,257.183333333333,171.552542372881,11.4816666666667,61.93,4.79666666666667,995.891666666667
2016,295,13,54.5505,450.435,217.51,196.471666666667,12.1783333333333,55.6633333333333,5.84333333333333,995.203333333333,54.5505,450.435,217.51,196.471666666667,12.1783333333333,55.6633333333333,5.84333333333333,995.203333333333
2016,295,14,60.7255,592.8,157.296666666667,182.206666666667,12.5533333333333,51.2266666666667,5.775,994.57,60.7255,592.8,157.296666666667,182.206666666667,12.5533333333333,51.2266666666667,5.775,994.57
2016,295,15,69.1251666666667,802.586666666666,58.54,139.415,12.6933333333333,49.56,5.66333333333333,994.388333333334,69.1251666666667,802.586666666666,58.54,139.415,12.6933333333333,49.56,5.66333333333333,994.388333333334
2016,295,16,78.9653333333333,555.085,47.805,62.0483333333333,12.4433333333333,50.56,5.66166666666667,994.478333333333,78.9653333333333,555.085,47.805,62.0483333333333,12.4433333333333,50.56,5.66166666666667,994.478333333333
2016,295,17,89.657,36.39,10.2766666666667,5.59666666666666,10.9016666666667,58.2133333333333,4.435,994.561666666666,89.657,36.39,10.2766666666667,5.59666666666666,10.9016666666667,58.2133333333333,4.435,994.561666666666
2016,295,18,101.136166666667,0.4,-0.4,0,8.92666666666667,65.3916666666666,3.55333333333333,994.626666666666,101.136166666667,0.4,-0.4,0,8.92666666666667,65.3916666666666,3.55333333333333,994.626666666666
2016,295,19,112.601333333333,0.4,-0.4,0,8.495,64.7616666666667,3.55666666666666,994.744999999999,112.601333333333,0.4,-0.4,0,8.495,64.7616666666667,3.55666666666666,994.744999999999
2016,295,20,123.897166666667,0.131666666666667,-0.363333333333333,0,7.06666666666667,71.0483333333333,3.845,994.766666666668,123.897166666667,0.131666666666667,-0.363333333333333,0,7.06666666666667,71.0483333333333,3.845,994.766666666668
2016,295,21,134.541,0.4,-0.4,0,5.94,75.3216666666667,3.045,995.02,134.541,0.4,-0.4,0,5.94,75.3216666666667,3.045,995.02
2016,295,22,143.664833333333,0.4,-0.4,0,5.50833333333333,75.235,2.64333333333333,995.011666666667,143.664833333333,0.4,-0.4,0,5.50833333333333,75.235,2.64333333333333,995.011666666667
2016,295,23,149.667333333333,0.4,-0.4,0,4.70333333333333,78.2316666666666,2.62166666666667,994.801666666668,149.667333333333,0.4,-0.4,0,4.70333333333333,78.2316666666666,2.62166666666667,994.801666666668
2016,296,0,150.544666666667,0.4,-0.4,0,4.27833333333333,78.4166666666667,2.70166666666667,995.008333333333,150.544666666667,0.4,-0.4,0,4.27833333333333,78.4166666666667,2.70166666666667,995.008333333333
2016,296,1,145.904166666667,0.513333333333333,-0.4,0,3.53166666666667,81.105,1.41833333333333,994.931666666667,145.904166666667,0.513333333333333,-0.4,0,3.53166666666667,81.105,1.41833333333333,994.931666666667
2016,296,2,137.519666666667,0.401666666666666,-0.4,0,2.74,84.1033333333333,2.45,995.008333333333,137.519666666667,0.401666666666666,-0.4,0,2.74,84.1033333333333,2.45,995.008333333333
2016,296,3,127.2255,0.459999999999999,-0.396666666666666,0,2.745,81.7216666666666,1.58,994.871666666666,127.2255,0.459999999999999,-0.396666666666666,0,2.745,81.7216666666666,1.58,994.871666666666
2016,296,4,116.076166666667,0.42,-0.375,0,2.72833333333333,81.215,1.14333333333333,994.925,116.076166666667,0.42,-0.375,0,2.72833333333333,81.215,1.14333333333333,994.925
2016,296,5,104.641,0.4,-0.388333333333333,0.0533333333333333,2.01666666666667,85.9016666666667,2.00333333333333,995.073333333333,104.641,0.4,-0.388333333333333,0.0533333333333333,2.01666666666667,85.9016666666667,2.00333333333333,995.073333333333
2016,296,6,93.1528333333333,34.9466666666667,3.615,2.12166666666667,2.19333333333333,84.975,1.26666666666667,995.03,93.1528333333333,34.9466666666667,3.615,2.12166666666667,2.19333333333333,84.975,1.26666666666667,995.03
2016,296,7,82.207,473.926666666666,34.475,45.1916666666667,2.45833333333333,85.6483333333333,0.936666666666667,995.111666666666,82.207,473.926666666666,34.475,45.1916666666667,2.45833333333333,85.6483333333333,0.936666666666667,995.111666666666
2016,296,8,72.117,740.23,57.7416666666667,116.901666666667,6.02166666666667,73.6483333333333,1.745,995.565,72.117,740.23,57.7416666666667,116.901666666667,6.02166666666667,73.6483333333333,1.745,995.565
2016,296,9,63.2585,832.441666666667,74.8416666666667,184.195,8.97833333333334,57.5483333333333,3.25833333333333,995.93,63.2585,832.441666666667,74.8416666666667,184.195,8.97833333333334,57.5483333333333,3.25833333333333,995.93
2016,296,10,56.3823333333333,857.193333333333,93.18,234.511666666667,11.1116666666667,48.285,3.42333333333333,995.383333333333,56.3823333333333,857.193333333333,93.18,234.511666666667,11.1116666666667,48.285,3.42333333333333,995.383333333333
2016,296,11,52.3368333333333,887.093333333333,93.605,264.01,12.5616666666667,46.9383333333333,4.19166666666667,994.598333333333,52.3368333333333,887.093333333333,93.605,264.01,12.5616666666667,46.9383333333333,4.19166666666667,994.598333333333
2016,296,12,51.8063333333333,894.988333333333,90.5233333333334,268.013333333333,13.7333333333333,47.3733333333333,5.62333333333334,993.743333333334,51.8063333333333,894.988333333333,90.5233333333334,268.013333333333,13.7333333333333,47.3733333333333,5.62333333333334,993.743333333334
2016,296,13,54.8953333333333,879.318333333334,86.2516666666667,245.941666666667,14.7883333333333,45.6216666666667,5.71833333333333,992.675,54.8953333333333,879.318333333334,86.2516666666667,245.941666666667,14.7883333333333,45.6216666666667,5.71833333333333,992.675
2016,296,14,61.0461666666667,831.496666666667,80.3433333333333,199.5,15.5433333333333,45.0166666666667,5.82833333333333,992.093333333333,61.0461666666667,831.496666666667,80.3433333333333,199.5,15.5433333333333,45.0166666666667,5.82833333333333,992.093333333333
2016,296,15,69.4201666666667,734.976666666667,69.4683333333333,134.353333333333,15.965,44.6266666666667,6.52166666666667,991.704999999999,69.4201666666667,734.976666666667,69.4683333333333,134.353333333333,15.965,44.6266666666667,6.52166666666667,991.704999999999
2016,296,16,79.237,534.613333333333,46.8366666666667,61.3683333333333,15.7466666666667,47.09,5.66666666666667,991.568333333333,79.237,534.613333333333,46.8366666666667,61.3683333333333,15.7466666666667,47.09,5.66666666666667,991.568333333333
2016,296,17,89.913,97.7166666666665,10.26,6.98,13.8666666666667,58.04,4.3,991.501666666667,89.913,97.7166666666665,10.26,6.98,13.8666666666667,58.04,4.3,991.501666666667
2016,296,18,101.385,0.37,-0.4,0,11.4966666666667,68.6333333333334,4.21666666666667,991.654999999999,101.385,0.37,-0.4,0,11.4966666666667,68.6333333333334,4.21666666666667,991.654999999999
2016,296,19,112.8495,0.4,-0.4,0,10.3316666666667,73.5083333333333,3.78666666666667,991.636666666666,112.8495,0.4,-0.4,0,10.3316666666667,73.5083333333333,3.78666666666667,991.636666666666
2016,296,20,124.154833333333,0.266666666666667,-0.4,0,9.375,76.385,3.44666666666667,991.751666666668,124.154833333333,0.266666666666667,-0.4,0,9.375,76.385,3.44666666666667,991.751666666668
2016,296,21,134.82,0.235,-0.4,0,8.71333333333334,78.2866666666667,3.52833333333333,991.835,134.82,0.235,-0.4,0,8.71333333333334,78.2866666666667,3.52833333333333,991.835
2016,296,22,143.978333333333,0.03,-0.4,0,8.47333333333333,80.5266666666667,3.09833333333333,991.916666666668,143.978333333333,0.03,-0.4,0,8.47333333333333,80.5266666666667,3.09833333333333,991.916666666668
2016,296,23,150.013833333333,0.203333333333333,-0.4,0,7.74666666666667,84.0716666666666,1.96833333333333,991.941666666667,150.013833333333,0.203333333333333,-0.4,0,7.74666666666667,84.0716666666666,1.96833333333333,991.941666666667
2016,297,0,150.883666666667,0.321666666666667,-0.4,0,7.67166666666667,84.6916666666667,1.94833333333333,991.96,150.883666666667,0.321666666666667,-0.4,0,7.67166666666667,84.6916666666667,1.94833333333333,991.96
2016,297,1,146.196,-0.303333333333333,-0.315,0,8.065,82.8383333333333,2.845,992.108333333332,146.196,-0.303333333333333,-0.315,0,8.065,82.8383333333333,2.845,992.108333333332
2016,297,2,137.762,-0.0666666666666667,-0.396666666666666,0,7.89833333333333,83.8733333333333,2.88333333333333,991.921666666668,137.762,-0.0666666666666667,-0.396666666666666,0,7.89833333333333,83.8733333333333,2.88333333333333,991.921666666668
2016,297,3,127.435333333333,0.12,-0.395,0,7.51333333333333,85.82,2.27166666666667,991.885000000001,127.435333333333,0.12,-0.395,0,7.51333333333333,85.82,2.27166666666667,991.885000000001
2016,297,4,116.272666666667,0.025,-0.4,0,7.03666666666667,88.0383333333334,2.22666666666667,991.855000000001,116.272666666667,0.025,-0.4,0,7.03666666666667,88.0383333333334,2.22666666666667,991.855000000001
2016,297,5,104.832833333333,0.185,-0.353333333333333,0,6.97,88.5383333333334,2.565,991.661666666666,104.832833333333,0.185,-0.353333333333333,0,6.97,88.5383333333334,2.565,991.661666666666
2016,297,6,93.3705,17.2833333333333,3.15166666666667,1.86,7.06,88.3516666666666,2.51666666666667,991.638333333332,93.3705,17.2833333333333,3.15166666666667,1.86,7.06,88.3516666666666,2.51666666666667,991.638333333332
2016,297,7,82.4205,440.4,33.85,42.255,8.64,85.3916666666667,4.91833333333333,991.623333333332,82.4205,440.4,33.85,42.255,8.64,85.3916666666667,4.91833333333333,991.623333333332
2016,297,8,72.358,697.533333333333,57.46,112.4,11.7133333333333,77.6333333333333,6.28666666666667,991.709999999999,72.358,697.533333333333,57.46,112.4,11.7133333333333,77.6333333333333,6.28666666666667,991.709999999999
2016,297,9,63.533,817.87,68.8483333333333,181.816666666667,14.3816666666667,69.945,7.02166666666666,991.481666666667,63.533,817.87,68.8483333333333,181.816666666667,14.3816666666667,69.945,7.02166666666666,991.481666666667
2016,297,10,56.6926666666667,865.898333333333,78.02,232.895,17.2766666666667,58.7916666666667,6.66166666666667,990.975,56.6926666666667,865.898333333333,78.02,232.895,17.2766666666667,58.7916666666667,6.66166666666667,990.975
2016,297,11,52.6746666666667,893.043333333333,80.4733333333333,261.848333333333,19.8466666666667,49.8016666666667,7.42166666666667,990.376666666667,52.6746666666667,893.043333333333,80.4733333333333,261.848333333333,19.8466666666667,49.8016666666667,7.42166666666667,990.376666666667
2016,297,12,52.156,903.675,78.4616666666667,266.055,21.3866666666667,45.7166666666667,8.90333333333334,989.446666666667,52.156,903.675,78.4616666666667,266.055,21.3866666666667,45.7166666666667,8.90333333333334,989.446666666667
2016,297,13,55.2348333333333,880.71,78.38,243.563333333333,22.7916666666667,42.025,9.675,988.58,55.2348333333333,880.71,78.38,243.563333333333,22.7916666666667,42.025,9.675,988.58
2016,297,14,61.363,792.091666666667,82.9033333333333,194.821666666667,23.4683333333333,40.3233333333333,10.385,987.985,61.363,792.091666666667,82.9033333333333,194.821666666667,23.4683333333333,40.3233333333333,10.385,987.985
2016,297,15,69.711,692.42,70.3266666666667,130.088333333333,23.6383333333333,40.47,9.77833333333333,988.363333333333,69.711,692.42,70.3266666666667,130.088333333333,23.6383333333333,40.47,9.77833333333333,988.363333333333
2016,297,16,79.5041666666667,466.86,48.485,57.575,23.155,42.75,8.12833333333333,988.953333333334,79.5041666666667,466.86,48.485,57.575,23.155,42.75,8.12833333333333,988.953333333334
2016,297,17,90.177,67.4983333333333,9.37,5.955,21.2583333333333,49.4883333333333,5.88333333333333,989.433333333333,90.177,67.4983333333333,9.37,5.955,21.2583333333333,49.4883333333333,5.88333333333333,989.433333333333
2016,297,18,101.629333333333,0.351666666666667,-0.4,0,18.315,60.2833333333333,4.34333333333333,990.19,101.629333333333,0.351666666666667,-0.4,0,18.315,60.2833333333333,4.34333333333333,990.19
2016,297,19,113.0935,0.00666666666666675,-0.371666666666667,0.180701754385965,16.935,65.135,4.06666666666667,991.126666666667,113.0935,0.00666666666666675,-0.371666666666667,0.180701754385965,16.935,65.135,4.06666666666667,991.126666666667
2016,297,20,124.4075,-0.131666666666667,-0.4,0,16.4466666666667,67.1033333333333,4.91833333333333,991.873333333333,124.4075,-0.131666666666667,-0.4,0,16.4466666666667,67.1033333333333,4.91833333333333,991.873333333333
2016,297,21,135.094333333333,0.235,-0.401666666666666,0,15.0233333333333,72.0283333333334,3.93833333333333,992.865,135.094333333333,0.235,-0.401666666666666,0,15.0233333333333,72.0283333333334,3.93833333333333,992.865
2016,297,22,144.2865,0.131666666666667,-0.4,0,13.63,72.33,3.85333333333333,993.843333333333,144.2865,0.131666666666667,-0.4,0,13.63,72.33,3.85333333333333,993.843333333333
2016,297,23,150.3565,0.201666666666667,-0.39,0,12.7183333333333,67.8233333333333,4.05166666666666,994.46,150.3565,0.201666666666667,-0.39,0,12.7183333333333,67.8233333333333,4.05166666666666,994.46
2016,298,0,151.221333333333,-0.266666666666667,-0.39,0,10.965,67,4.65666666666667,995.001666666667,151.221333333333,-0.266666666666667,-0.39,0,10.965,67,4.65666666666667,995.001666666667
2016,298,1,146.485833333333,0.121666666666667,-0.4,0,9.43333333333333,75.54,4.34666666666667,995.646666666667,146.485833333333,0.121666666666667,-0.4,0,9.43333333333333,75.54,4.34666666666667,995.646666666667
2016,298,2,138.0025,-0.4,-0.4,0,8.79,78.7633333333334,4.61333333333333,996.308333333334,138.0025,-0.4,-0.4,0,8.79,78.7633333333334,4.61333333333333,996.308333333334
2016,298,3,127.645666666667,0.285,-0.4,0,8.21166666666667,82.3816666666667,3.71666666666666,997.043333333334,127.645666666667,0.285,-0.4,0,8.21166666666667,82.3816666666667,3.71666666666666,997.043333333334
2016,298,4,116.466833333333,0.4,-0.4,0,7.28500000000001,86.49,2.29,997.906666666666,116.466833333333,0.4,-0.4,0,7.28500000000001,86.49,2.29,997.906666666666
2016,298,5,105.0275,0.396666666666666,-0.346666666666667,0,6.89166666666667,88.1883333333334,3.23333333333333,998.819999999999,105.0275,0.396666666666666,-0.346666666666667,0,6.89166666666667,88.1883333333334,3.23333333333333,998.819999999999
2016,298,6,93.5753333333333,10.5416666666667,3.07,1.61833333333333,6.32833333333334,91.2333333333334,3.22166666666667,999.808333333333,93.5753333333333,10.5416666666667,3.07,1.61833333333333,6.32833333333334,91.2333333333334,3.22166666666667,999.808333333333
2016,298,7,82.6326666666667,351.021666666667,43.325,38.7716666666667,7.21666666666667,90.6216666666667,4.45333333333333,1000.92833333333,82.6326666666667,351.021666666667,43.325,38.7716666666667,7.21666666666667,90.6216666666667,4.45333333333333,1000.92833333333
2016,298,8,72.6003333333333,623.561666666666,74.66,106.686666666667,9.68166666666667,81.8733333333333,5.83333333333333,1001.78333333333,72.6003333333333,623.561666666666,74.66,106.686666666667,9.68166666666667,81.8733333333333,5.83333333333333,1001.78333333333
2016,298,9,63.8058333333333,818.77,77.0033333333333,179.546666666667,11.7366666666667,67.03,6.37666666666666,1002.415,63.8058333333333,818.77,77.0033333333333,179.546666666667,11.7366666666667,67.03,6.37666666666666,1002.415
2016,298,10,57,889.983333333333,79.02,231.986666666667,13.1233333333333,58.7783333333334,5.635,1002.555,57,889.983333333333,79.02,231.986666666667,13.1233333333333,58.7783333333334,5.635,1002.555
2016,298,11,53.0108333333333,907.41,82.5766666666667,259.476666666667,14.2216666666667,51.8083333333333,4.805,1002.47833333333,53.0108333333333,907.41,82.5766666666667,259.476666666667,14.2216666666667,51.8083333333333,4.805,1002.47833333333
2016,298,12,52.5018333333333,939.13,74.3483333333333,265.477966101695,15.0483333333333,48.68,4.53166666666667,1002.13666666667,52.5018333333333,939.13,74.3483333333333,265.477966101695,15.0483333333333,48.68,4.53166666666667,1002.13666666667
2016,298,13,55.571,918.801666666667,72.9566666666667,243.146666666667,15.6483333333333,46.4616666666667,4.28166666666667,1001.635,55.571,918.801666666667,72.9566666666667,243.146666666667,15.6483333333333,46.4616666666667,4.28166666666667,1001.635
2016,298,14,61.6776666666667,875.263333333334,68.59,196.821666666667,16.0433333333333,42.3683333333333,4.31666666666667,1001.27833333333,61.6776666666667,875.263333333334,68.59,196.821666666667,16.0433333333333,42.3683333333333,4.31666666666667,1001.27833333333
2016,298,15,69.9985,779.811666666667,59.82,131.247368421053,16.1233333333333,39.3883333333333,4.07166666666667,1001.35333333333,69.9985,779.811666666667,59.82,131.247368421053,16.1233333333333,39.3883333333333,4.07166666666667,1001.35333333333
2016,298,16,79.7673333333333,556.113333333333,41.6483333333333,57.87,15.8016666666667,39.865,3.81,1001.235,79.7673333333333,556.113333333333,41.6483333333333,57.87,15.8016666666667,39.865,3.81,1001.235
2016,298,17,90.426,88.9116666666665,8.72166666666666,5.73,14.455,46.25,3.23,1001.37333333333,90.426,88.9116666666665,8.72166666666666,5.73,14.455,46.25,3.23,1001.37333333333
2016,298,18,101.869833333333,0.4,-0.4,0,13.2416666666667,50.8766666666667,3.03333333333333,1001.92,101.869833333333,0.4,-0.4,0,13.2416666666667,50.8766666666667,3.03333333333333,1001.92
2016,298,19,113.332666666667,0.4,-0.4,0,11.8116666666667,56.215,3.09166666666667,1002.295,113.332666666667,0.4,-0.4,0,11.8116666666667,56.215,3.09166666666667,1002.295
2016,298,20,124.654666666667,-0.0416666666666666,-0.295,0,10.1466666666667,65.595,3.76833333333333,1002.51166666667,124.654666666667,-0.0416666666666666,-0.295,0,10.1466666666667,65.595,3.76833333333333,1002.51166666667
2016,298,21,135.363,0.181666666666667,-0.395,0,9.35166666666666,68.9766666666667,2.84166666666667,1002.765,135.363,0.181666666666667,-0.395,0,9.35166666666666,68.9766666666667,2.84166666666667,1002.765
2016,298,22,144.590166666667,0.14,-0.396666666666666,0,8.305,73.61,2.775,1003.04,144.590166666667,0.14,-0.396666666666666,0,8.305,73.61,2.775,1003.04
2016,298,23,150.694666666667,0.301666666666667,-0.4,0,7.31666666666667,76.9816666666667,3.435,1002.96333333333,150.694666666667,0.301666666666667,-0.4,0,7.31666666666667,76.9816666666667,3.435,1002.96333333333
2016,299,0,151.556166666667,-0.341666666666667,-0.38,0,6.85,77.4566666666667,3.935,1002.91333333333,151.556166666667,-0.341666666666667,-0.38,0,6.85,77.4566666666667,3.935,1002.91333333333
2016,299,1,146.773166666667,0.213333333333333,-0.4,0,6.385,82.0283333333333,4.09166666666667,1003.01333333333,146.773166666667,0.213333333333333,-0.4,0,6.385,82.0283333333333,4.09166666666667,1003.01333333333
2016,299,2,138.242333333333,-0.0466666666666667,-0.393333333333333,0,5.63166666666667,86.615,3.61666666666667,1003.07333333333,138.242333333333,-0.0466666666666667,-0.393333333333333,0,5.63166666666667,86.615,3.61666666666667,1003.07333333333
2016,299,3,127.854833333333,0.04,-0.336666666666667,0,5.89833333333334,86.695,3.76333333333333,1003.03166666667,127.854833333333,0.04,-0.336666666666667,0,5.89833333333334,86.695,3.76333333333333,1003.03166666667
2016,299,4,116.661833333333,0.0633333333333333,-0.396666666666666,0,5.81833333333334,86.0633333333333,4.205,1002.99166666667,116.661833333333,0.0633333333333333,-0.396666666666666,0,5.81833333333334,86.0633333333333,4.205,1002.99166666667
2016,299,5,105.218666666667,0.181666666666667,-0.4,0,5.58999999999999,86.19,4.635,1002.81166666667,105.218666666667,0.181666666666667,-0.4,0,5.58999999999999,86.19,4.635,1002.81166666667
2016,299,6,93.7803333333333,0.173333333333333,1.88333333333333,0.933333333333333,5.38166666666667,86.4583333333333,4.23333333333334,1002.91166666667,93.7803333333333,0.173333333333333,1.88333333333333,0.933333333333333,5.38166666666667,86.4583333333333,4.23333333333334,1002.91166666667
2016,299,7,82.8453333333333,52.9166666666667,60.4616666666667,28.1766666666667,5.58833333333333,85.7166666666667,2.96333333333333,1003.55166666667,82.8453333333333,52.9166666666667,60.4616666666667,28.1766666666667,5.58833333333333,85.7166666666667,2.96333333333333,1003.55166666667
2016,299,8,72.8413333333333,281.238333333333,148.496666666667,96.3133333333333,7.23833333333334,77.7716666666667,4.05666666666667,1004.425,72.8413333333333,281.238333333333,148.496666666667,96.3133333333333,7.23833333333334,77.7716666666667,4.05666666666667,1004.425
2016,299,9,64.0793333333333,173.541666666667,243.271666666667,133.66,8.635,73.5833333333333,4.145,1004.29833333333,64.0793333333333,173.541666666667,243.271666666667,133.66,8.635,73.5833333333333,4.145,1004.29833333333
2016,299,10,57.3066666666667,532.818333333333,290.215,240.563333333333,10.8383333333333,64.91,3.80833333333333,1003.805,57.3066666666667,532.818333333333,290.215,240.563333333333,10.8383333333333,64.91,3.80833333333333,1003.805
2016,299,11,53.3441666666667,517.535,252.383333333333,233.006666666667,12.9,51.6933333333333,3.54333333333333,1003.26833333333,53.3441666666667,517.535,252.383333333333,233.006666666667,12.9,51.6933333333333,3.54333333333333,1003.26833333333
2016,299,12,52.8448333333333,65.1716666666667,426.928333333333,193.018333333333,14.105,48.555,3.25,1002.23333333333,52.8448333333333,65.1716666666667,426.928333333333,193.018333333333,14.105,48.555,3.25,1002.23333333333
2016,299,13,55.9041666666667,187.351666666667,345.838333333333,186.703333333333,14.9416666666667,44.6283333333333,4.075,1001.15,55.9041666666667,187.351666666667,345.838333333333,186.703333333333,14.9416666666667,44.6283333333333,4.075,1001.15
2016,299,14,61.9861666666667,232.033333333333,196.291666666667,132.426666666667,15.3416666666667,42.6716666666667,4.16833333333333,1000.40333333333,61.9861666666667,232.033333333333,196.291666666667,132.426666666667,15.3416666666667,42.6716666666667,4.16833333333333,1000.40333333333
2016,299,15,70.2815,6.57833333333333,128.306666666667,56.435,15.0466666666667,42.3666666666667,4.215,1000.125,70.2815,6.57833333333333,128.306666666667,56.435,15.0466666666667,42.3666666666667,4.215,1000.125
2016,299,16,80.026,36.19,75.57,34.76,14.3016666666667,48.8633333333333,5.35333333333333,999.604999999999,80.026,36.19,75.57,34.76,14.3016666666667,48.8633333333333,5.35333333333333,999.604999999999
2016,299,17,90.6696666666667,0.336666666666667,3.93333333333333,1.955,13.305,53.945,4.53833333333333,1000.02666666667,90.6696666666667,0.336666666666667,3.93333333333333,1.955,13.305,53.945,4.53833333333333,1000.02666666667
2016,299,18,102.105166666667,0.14,-0.4,0,12.6466666666667,56.725,4.685,1000.15333333333,102.105166666667,0.14,-0.4,0,12.6466666666667,56.725,4.685,1000.15333333333
2016,299,19,113.566166666667,0.125,-0.4,0,12.0266666666667,62.42,6.44333333333333,1000.22666666667,113.566166666667,0.125,-0.4,0,12.0266666666667,62.42,6.44333333333333,1000.22666666667
2016,299,20,124.898333333333,0.38,-0.4,0,11.4383333333333,65.3366666666667,6.335,1000.15333333333,124.898333333333,0.38,-0.4,0,11.4383333333333,65.3366666666667,6.335,1000.15333333333
2016,299,21,135.627166666667,0.0183333333333333,-0.301666666666667,0,11.0116666666667,69.3133333333333,5.97,1000.10833333333,135.627166666667,0.0183333333333333,-0.301666666666667,0,11.0116666666667,69.3133333333333,5.97,1000.10833333333
2016,299,22,144.889833333333,0.378333333333333,-0.37,0,10.2583333333333,77.0266666666667,4.93333333333333,1000.71166666667,144.889833333333,0.378333333333333,-0.37,0,10.2583333333333,77.0266666666667,4.93333333333333,1000.71166666667
2016,299,23,151.028666666667,-0.085,-0.396666666666666,0,9.63,82.4916666666667,6.06333333333333,999.869999999999,151.028666666667,-0.085,-0.396666666666666,0,9.63,82.4916666666667,6.06333333333333,999.869999999999
2016,300,0,151.887333333333,-0.17,-0.265,0,9.285,84.7216666666667,5.585,999.496666666667,151.887333333333,-0.17,-0.265,0,9.285,84.7216666666667,5.585,999.496666666667
2016,300,1,147.057833333333,-0.296666666666667,-0.203333333333333,0,9.17833333333333,85.1866666666667,6.80833333333333,998.458333333333,147.057833333333,-0.296666666666667,-0.203333333333333,0,9.17833333333333,85.1866666666667,6.80833333333333,998.458333333333
2016,300,2,138.48,-0.301666666666667,-0.246666666666667,0,9.55166666666668,83.7233333333333,6.715,997.734999999999,138.48,-0.301666666666667,-0.246666666666667,0,9.55166666666668,83.7233333333333,6.715,997.734999999999
2016,300,3,128.062833333333,-0.208333333333333,-0.35,0,9.61333333333334,83.1516666666667,6.65,997.018333333334,128.062833333333,-0.208333333333333,-0.35,0,9.61333333333334,83.1516666666667,6.65,997.018333333334
2016,300,4,116.856666666667,-0.185,-0.39,0,9.44333333333334,83.8133333333333,5.94,996.933333333333,116.856666666667,-0.185,-0.39,0,9.44333333333334,83.8133333333333,5.94,996.933333333333
2016,300,5,105.412333333333,-0.235,-0.275,0,9.41499999999999,84.275,5.44,997.375,105.412333333333,-0.235,-0.275,0,9.41499999999999,84.275,5.44,997.375
2016,300,6,93.9858333333333,0.823333333333333,0.975,0.528333333333333,9.18000000000001,84.1866666666667,6.14833333333333,996.666666666667,93.9858333333333,0.823333333333333,0.975,0.528333333333333,9.18000000000001,84.1866666666667,6.14833333333333,996.666666666667
2016,300,7,83.0576666666667,11.31,56.1316666666667,24.3166666666667,8.97166666666666,85.1133333333333,7.3,995.756666666667,83.0576666666667,11.31,56.1316666666667,24.3166666666667,8.97166666666666,85.1133333333333,7.3,995.756666666667
2016,300,8,73.0825,8.24333333333333,116.693333333333,51.59,9.66999999999999,82.005,6.29,996.098333333332,73.0825,8.24333333333333,116.693333333333,51.59,9.66999999999999,82.005,6.29,996.098333333332
2016,300,9,64.3508333333333,15.5166666666667,200.483333333333,90.06,10.62,78.9066666666667,7.035,995.466666666666,64.3508333333333,15.5166666666667,200.483333333333,90.06,10.62,78.9066666666667,7.035,995.466666666666
2016,300,10,57.6118333333333,231.213333333333,361.191666666667,208.803333333333,13.0016666666667,69.445,7.55166666666667,994.573333333333,57.6118333333333,231.213333333333,361.191666666667,208.803333333333,13.0016666666667,69.445,7.55166666666667,994.573333333333
2016,300,11,53.6756666666667,110.883333333333,352.693333333333,181.131666666667,15.575,59.3583333333333,7.05833333333334,993.495,53.6756666666667,110.883333333333,352.693333333333,181.131666666667,15.575,59.3583333333333,7.05833333333334,993.495
2016,300,12,53.185,51.16,278.025,135.903389830509,18.0566666666667,53.38,6.43666666666667,992.336666666667,53.185,51.16,278.025,135.903389830509,18.0566666666667,53.38,6.43666666666667,992.336666666667
2016,300,13,56.2318333333333,0.548333333333334,54.56,27.555,17.9816666666667,62.1966666666667,4.83666666666667,991.651666666667,56.2318333333333,0.548333333333334,54.56,27.555,17.9816666666667,62.1966666666667,4.83666666666667,991.651666666667
2016,300,14,62.2926666666667,-0.16,29.2566666666667,15.345,15.7783333333333,81.385,4.29,991.219999999999,62.2926666666667,-0.16,29.2566666666667,15.345,15.7783333333333,81.385,4.29,991.219999999999
2016,300,15,70.5605,-0.328333333333333,18.595,9.79666666666667,15.1366666666667,88.95,4.73,991.411666666667,70.5605,-0.328333333333333,18.595,9.79666666666667,15.1366666666667,88.95,4.73,991.411666666667
2016,300,16,80.2811666666667,0.29,5.48,2.99333333333333,14.715,93.635,4.05,991.466666666667,80.2811666666667,0.29,5.48,2.99333333333333,14.715,93.635,4.05,991.466666666667
2016,300,17,90.9231666666667,-0.0266666666666667,1.22,0.67,14.8566666666667,94.3383333333333,5.93666666666667,991.036666666666,90.9231666666667,-0.0266666666666667,1.22,0.67,14.8566666666667,94.3383333333333,5.93666666666667,991.036666666666
2016,300,18,102.335833333333,0.173333333333333,-0.4,0,15.1733333333333,93.6916666666666,5.30666666666667,990.808333333334,102.335833333333,0.173333333333333,-0.4,0,15.1733333333333,93.6916666666666,5.30666666666667,990.808333333334
2016,300,19,113.795333333333,0.353333333333333,-0.323333333333333,0,15.3866666666667,92.7016666666666,4.605,990.653333333333,113.795333333333,0.353333333333333,-0.323333333333333,0,15.3866666666667,92.7016666666666,4.605,990.653333333333
2016,300,20,125.135666666667,0.00833333333333332,-0.256666666666667,0,15.4683333333333,92.6083333333333,4.84166666666667,990.618333333332,125.135666666667,0.00833333333333332,-0.256666666666667,0,15.4683333333333,92.6083333333333,4.84166666666667,990.618333333332
2016,300,21,135.886166666667,0.085,-0.131666666666667,0,15.55,93.5683333333334,5.565,990.636666666665,135.886166666667,0.085,-0.131666666666667,0,15.55,93.5683333333334,5.565,990.636666666665
2016,300,22,145.183666666667,0.341666666666667,-0.275,0,15.5533333333333,93.8616666666667,8.1,991.003333333333,145.183666666667,0.341666666666667,-0.275,0,15.5533333333333,93.8616666666667,8.1,991.003333333333
2016,300,23,151.359166666667,0.454999999999999,-0.411666666666666,0,12.83,94.68,8.18833333333333,992.033333333334,151.359166666667,0.454999999999999,-0.411666666666666,0,12.83,94.68,8.18833333333333,992.033333333334
2016,301,0,152.216,0.4,-0.4,0,11.925,89.2383333333333,7.115,992.558333333333,152.216,0.4,-0.4,0,11.925,89.2383333333333,7.115,992.558333333333
2016,301,1,147.3405,0.266666666666667,-0.28,0,10.9466666666667,90.3416666666667,5.885,992.71,147.3405,0.266666666666667,-0.28,0,10.9466666666667,90.3416666666667,5.885,992.71
2016,301,2,138.7155,0.09,-0.366666666666667,0,10.385,87.1833333333334,7.60666666666667,993.235,138.7155,0.09,-0.366666666666667,0,10.385,87.1833333333334,7.60666666666667,993.235
2016,301,3,128.269833333333,0.4,-0.356666666666666,0,9.96833333333334,88.0983333333333,6.59333333333333,993.913333333333,128.269833333333,0.4,-0.356666666666666,0,9.96833333333334,88.0983333333333,6.59333333333333,993.913333333333
2016,301,4,117.049833333333,0.4,-0.4,0,9.22333333333333,87.855,6.92666666666667,994.681666666667,117.049833333333,0.4,-0.4,0,9.22333333333333,87.855,6.92666666666667,994.681666666667
2016,301,5,105.605333333333,0.4,-0.4,0,8.71000000000001,87.9633333333334,6.56166666666667,995.258333333334,105.605333333333,0.4,-0.4,0,8.71000000000001,87.9633333333334,6.56166666666667,995.258333333334
2016,301,6,94.1928333333333,0.4,0.533333333333333,0.405,8.56000000000001,85.7933333333333,5.355,995.78,94.1928333333333,0.4,0.533333333333333,0.405,8.56000000000001,85.7933333333333,5.355,995.78
2016,301,7,83.2698333333333,0.268333333333333,23.3783333333333,10.6666666666667,8.73,84.675,5.15666666666667,996.636666666667,83.2698333333333,0.268333333333333,23.3783333333333,10.6666666666667,8.73,84.675,5.15666666666667,996.636666666667
2016,301,8,73.323,0.4,65.5533333333334,29.5266666666667,9.01333333333334,84.1116666666666,5.14333333333333,997.406666666666,73.323,0.4,65.5533333333334,29.5266666666667,9.01333333333334,84.1116666666666,5.14333333333333,997.406666666666
2016,301,9,64.6233333333333,0.4,148.361666666667,65.7933333333333,9.43666666666667,82.9683333333333,5.57833333333333,997.904999999999,64.6233333333333,0.4,148.361666666667,65.7933333333333,9.43666666666667,82.9683333333333,5.57833333333333,997.904999999999
2016,301,10,57.9151666666667,0.4,134.156666666667,60.7816666666667,9.70166666666666,82.36,5.39166666666667,998.521666666666,57.9151666666667,0.4,134.156666666667,60.7816666666667,9.70166666666666,82.36,5.39166666666667,998.521666666666
2016,301,11,54.0035,0.41,172.021666666667,77.4633333333334,9.96666666666667,78.325,4.70166666666667,998.751666666667,54.0035,0.41,172.021666666667,77.4633333333334,9.96666666666667,78.325,4.70166666666667,998.751666666667
2016,301,12,53.5203333333333,0.4,124.868333333333,57.3533333333333,10.0383333333333,77.56,4.905,998.84,53.5203333333333,0.4,124.868333333333,57.3533333333333,10.0383333333333,77.56,4.905,998.84
2016,301,13,56.5571666666667,0.368333333333333,134.895,61.8766666666667,10.2833333333333,77.1033333333333,4.61666666666667,998.674999999999,56.5571666666667,0.368333333333333,134.895,61.8766666666667,10.2833333333333,77.1033333333333,4.61666666666667,998.674999999999
2016,301,14,62.5931666666667,0.386666666666666,142.69,64.195,10.35,76.8316666666667,4.22666666666667,998.761666666668,62.5931666666667,0.386666666666666,142.69,64.195,10.35,76.8316666666667,4.22666666666667,998.761666666668
2016,301,15,70.836,0.395,113.105,50.5166666666667,10.4433333333333,75.6466666666667,3.24833333333333,998.85,70.836,0.395,113.105,50.5166666666667,10.4433333333333,75.6466666666667,3.24833333333333,998.85
2016,301,16,80.531,0.4,60.4716666666667,26.5883333333333,10.4833333333333,75.16,1.64166666666667,998.789999999999,80.531,0.4,60.4716666666667,26.5883333333333,10.4833333333333,75.16,1.64166666666667,998.789999999999
2016,301,17,91.16,1.21333333333334,3.97666666666667,1.75833333333333,10.13,79.3233333333333,1.57,999.051666666666,91.16,1.21333333333334,3.97666666666667,1.75833333333333,10.13,79.3233333333333,1.57,999.051666666666
2016,301,18,102.562666666667,0.386666666666666,-0.391666666666666,0,9.92166666666667,80.1966666666667,1.40166666666667,999.133333333332,102.562666666667,0.386666666666666,-0.391666666666666,0,9.92166666666667,80.1966666666667,1.40166666666667,999.133333333332
2016,301,19,114.020333333333,0.323333333333333,-0.356666666666667,0,9.85499999999999,79.465,0.979999999999999,999.516666666665,114.020333333333,0.323333333333333,-0.356666666666667,0,9.85499999999999,79.465,0.979999999999999,999.516666666665
2016,301,20,125.368333333333,0.391666666666666,-0.4,0,9.315,85.49,1.97333333333333,999.153333333333,125.368333333333,0.391666666666666,-0.4,0,9.315,85.49,1.97333333333333,999.153333333333
2016,301,21,136.138333333333,0.37,-0.4,0,8.68666666666667,88.2616666666666,2.65666666666667,999.046666666666,136.138333333333,0.37,-0.4,0,8.68666666666667,88.2616666666666,2.65666666666667,999.046666666666
2016,301,22,145.472666666667,0.151666666666667,-0.4,0,7.96666666666666,89.625,2.49666666666667,999.011666666667,145.472666666667,0.151666666666667,-0.4,0,7.96666666666666,89.625,2.49666666666667,999.011666666667
2016,301,23,151.686166666667,0.281666666666667,-0.388333333333333,0,7.36333333333333,90.2666666666667,2.26833333333333,998.875000000001,151.686166666667,0.281666666666667,-0.388333333333333,0,7.36333333333333,90.2666666666667,2.26833333333333,998.875000000001
2016,302,0,152.541,0.348333333333333,-0.4,0,6.995,91.6066666666666,2.73333333333333,998.839999999999,152.541,0.348333333333333,-0.4,0,6.995,91.6066666666666,2.73333333333333,998.839999999999
2016,302,1,147.6215,0.243333333333334,-0.385,0,6.765,92.8283333333334,2.33166666666667,998.790000000001,147.6215,0.243333333333334,-0.385,0,6.765,92.8283333333334,2.33166666666667,998.790000000001
2016,302,2,138.9505,0.368333333333333,-0.395,0,6.79833333333334,92.97,2.73,999.124999999999,138.9505,0.368333333333333,-0.395,0,6.79833333333334,92.97,2.73,999.124999999999
2016,302,3,128.475833333333,0.133333333333333,-0.386666666666666,0,6.205,94.5066666666667,3.57666666666667,998.824999999999,128.475833333333,0.133333333333333,-0.386666666666666,0,6.205,94.5066666666667,3.57666666666667,998.824999999999
2016,302,4,117.2445,0.398333333333333,-0.4,0,5.76333333333333,94.9233333333333,3.14333333333333,998.968333333332,117.2445,0.398333333333333,-0.4,0,5.76333333333333,94.9233333333333,3.14333333333333,998.968333333332
2016,302,5,105.797666666667,0.198333333333333,-0.391666666666666,0,5.38166666666667,96.2566666666667,3.58833333333333,998.991666666667,105.797666666667,0.198333333333333,-0.391666666666666,0,5.38166666666667,96.2566666666667,3.58833333333333,998.991666666667
2016,302,6,94.3995,3.86166666666667,2.42166666666667,1.105,5.465,95.945,3.85166666666667,998.963333333333,94.3995,3.86166666666667,2.42166666666667,1.105,5.465,95.945,3.85166666666667,998.963333333333
2016,302,7,83.481,272.338333333333,55.0316666666667,38.9916666666667,6.295,94.795,3.98666666666667,998.968333333333,83.481,272.338333333333,55.0316666666667,38.9916666666667,6.295,94.795,3.98666666666667,998.968333333333
2016,302,8,73.5633333333333,397.121666666667,114.735,99.355,8.47333333333333,89.785,5.73333333333333,998.788333333333,73.5633333333333,397.121666666667,114.735,99.355,8.47333333333333,89.785,5.73333333333333,998.788333333333
2016,302,9,64.8941666666667,245.96,228.918333333333,141.455,10.3933333333333,84.0083333333333,7.17333333333334,998.619999999999,64.8941666666667,245.96,228.918333333333,141.455,10.3933333333333,84.0083333333333,7.17333333333334,998.619999999999
2016,302,10,58.2175,389.781666666667,274.941666666667,206.003333333333,12.4416666666667,78.7916666666666,7.025,998.153333333333,58.2175,389.781666666667,274.941666666667,206.003333333333,12.4416666666667,78.7916666666666,7.025,998.153333333333
2016,302,11,54.3286666666667,673.51,203.196666666667,254.431666666667,14.3933333333333,74.8066666666667,6.94166666666667,997.068333333334,54.3286666666667,673.51,203.196666666667,254.431666666667,14.3933333333333,74.8066666666667,6.94166666666667,997.068333333334
2016,302,12,53.8531666666667,620.351666666667,234.223333333333,255.628333333333,16.55,72.8483333333333,7.525,995.64,53.8531666666667,620.351666666667,234.223333333333,255.628333333333,16.55,72.8483333333333,7.525,995.64
2016,302,13,56.8775,579.291666666667,208.606666666667,223.58,18.1833333333333,71.4016666666667,8.96166666666667,993.971666666666,56.8775,579.291666666667,208.606666666667,223.58,18.1833333333333,71.4016666666667,8.96166666666667,993.971666666666
2016,302,14,62.8896666666667,317.833333333333,217.49,155.763333333333,18.695,71.0516666666667,9.28,993.045000000001,62.8896666666667,317.833333333333,217.49,155.763333333333,18.695,71.0516666666667,9.28,993.045000000001
2016,302,15,71.106,243.525,161.025,102.81,18.505,71.125,9.075,992.865,71.106,243.525,161.025,102.81,18.505,71.125,9.075,992.865
2016,302,16,80.7753333333333,39.8616666666666,81.4000000000001,37.3633333333333,18.275,72.9133333333333,7.37333333333333,992.376666666667,80.7753333333333,39.8616666666666,81.4000000000001,37.3633333333333,18.275,72.9133333333333,7.37333333333333,992.376666666667
2016,302,17,91.3911666666667,0.504999999999999,5.05500000000001,2.30666666666667,17.355,77.005,5.73,992.273333333334,91.3911666666667,0.504999999999999,5.05500000000001,2.30666666666667,17.355,77.005,5.73,992.273333333334
2016,302,18,102.7835,0.04,-0.4,0,16.6,80.355,6.05666666666667,992.233333333332,102.7835,0.04,-0.4,0,16.6,80.355,6.05666666666667,992.233333333332
2016,302,19,114.239333333333,-0.14,-0.4,0,16.2933333333333,81.785,6.79833333333333,991.961666666667,114.239333333333,-0.14,-0.4,0,16.2933333333333,81.785,6.79833333333333,991.961666666667
2016,302,20,125.595166666667,-0.318333333333333,-0.4,0,16.4016666666667,81.5716666666667,6.97,992.026666666666,125.595166666667,-0.318333333333333,-0.4,0,16.4016666666667,81.5716666666667,6.97,992.026666666666
2016,302,21,136.386833333333,-0.0516666666666667,-0.4,0,16.4216666666666,82.5483333333333,7.17833333333333,991.923333333334,136.386833333333,-0.0516666666666667,-0.4,0,16.4216666666666,82.5483333333333,7.17833333333333,991.923333333334
2016,302,22,145.755833333333,-0.248333333333333,-0.4,0,16.3116666666667,84.4833333333333,7.39166666666667,991.335,145.755833333333,-0.248333333333333,-0.4,0,16.3116666666667,84.4833333333333,7.39166666666667,991.335
2016,302,23,152.008,-0.325,-0.4,0,16.5366666666667,85.33,6.83833333333333,991.118333333333,152.008,-0.325,-0.4,0,16.5366666666667,85.33,6.83833333333333,991.118333333333
2016,303,0,152.863166666667,-0.333333333333333,-0.4,0,17.0916666666667,84.76,6.93666666666667,991.001666666667,152.863166666667,-0.333333333333333,-0.4,0,17.0916666666667,84.76,6.93666666666667,991.001666666667
2016,303,1,147.8995,-0.225,-0.4,0,17.0216666666667,85.7816666666667,7.58666666666667,990.875000000001,147.8995,-0.225,-0.4,0,17.0216666666667,85.7816666666667,7.58666666666667,990.875000000001
2016,303,2,139.183833333333,-0.111666666666667,-0.4,0,16.92,85.65,7.57833333333333,990.563333333334,139.183833333333,-0.111666666666667,-0.4,0,16.92,85.65,7.57833333333333,990.563333333334
2016,303,3,128.681333333333,-0.233333333333333,-0.4,0,16.9516666666667,84.3266666666667,6.67666666666666,990.284999999999,128.681333333333,-0.233333333333333,-0.4,0,16.9516666666667,84.3266666666667,6.67666666666666,990.284999999999
2016,303,4,117.437333333333,-0.255,-0.4,0,17.5,81.11,7.69833333333334,990.246666666668,117.437333333333,-0.255,-0.4,0,17.5,81.11,7.69833333333334,990.246666666668
2016,303,5,105.992,-0.138333333333333,-0.4,0,17.485,79.9783333333333,7.13833333333333,990.278333333333,105.992,-0.138333333333333,-0.4,0,17.485,79.9783333333333,7.13833333333333,990.278333333333
2016,303,6,94.607,0.421666666666667,1.07,0.7,17.0966666666667,80.885,6.78333333333333,990.241666666665,94.607,0.421666666666667,1.07,0.7,17.0966666666667,80.885,6.78333333333333,990.241666666665
2016,303,7,83.6928333333333,240.505,49.2,34.6116666666667,17.0816666666667,81.2166666666667,6.83666666666667,990.459999999999,83.6928333333333,240.505,49.2,34.6116666666667,17.0816666666667,81.2166666666667,6.83666666666667,990.459999999999
2016,303,8,73.8043333333333,334.941666666667,154.593333333333,103.713333333333,19.1766666666667,73.7483333333333,8.455,990.840000000001,73.8043333333333,334.941666666667,154.593333333333,103.713333333333,19.1766666666667,73.7483333333333,8.455,990.840000000001
2016,303,9,65.1633333333333,65.4083333333333,230.316666666667,113.216666666667,20.8433333333333,67.2333333333333,9.21,990.816666666667,65.1633333333333,65.4083333333333,230.316666666667,113.216666666667,20.8433333333333,67.2333333333333,9.21,990.816666666667
2016,303,10,58.517,187.115,270.355,162.196666666667,22.8883333333333,58.5783333333333,10.16,990.646666666666,58.517,187.115,270.355,162.196666666667,22.8883333333333,58.5783333333333,10.16,990.646666666666
2016,303,11,54.6503333333333,412.818333333333,282.373333333333,227.93,24.685,50.5583333333334,11.02,990.15,54.6503333333333,412.818333333333,282.373333333333,227.93,24.685,50.5583333333334,11.02,990.15
2016,303,12,54.1818333333333,699.016666666667,180.176666666667,254.235,25.3616666666667,48.03,10.6716666666667,989.375,54.1818333333333,699.016666666667,180.176666666667,254.235,25.3616666666667,48.03,10.6716666666667,989.375
2016,303,13,57.1931666666667,496.79,190.731666666667,199.956666666667,25.9783333333333,45.4933333333333,10.1633333333333,988.511666666667,57.1931666666667,496.79,190.731666666667,199.956666666667,25.9783333333333,45.4933333333333,10.1633333333333,988.511666666667
2016,303,14,63.1825,447.456666666667,183.706666666667,165.661666666667,26.385,44.8816666666667,9.42833333333333,988.081666666666,63.1825,447.456666666667,183.706666666667,165.661666666667,26.385,44.8816666666667,9.42833333333333,988.081666666666
2016,303,15,71.3723333333333,290.955,121.111666666667,93.0816666666667,25.945,48.6866666666667,8.805,988.098333333332,71.3723333333333,290.955,121.111666666667,93.0816666666667,25.945,48.6866666666667,8.805,988.098333333332
2016,303,16,81.0165,10.9166666666667,64.8783333333333,28.9633333333333,24.7766666666667,53.1433333333333,6.91833333333333,988.428333333333,81.0165,10.9166666666667,64.8783333333333,28.9633333333333,24.7766666666667,53.1433333333333,6.91833333333333,988.428333333333
2016,303,17,91.6193333333333,0.398333333333333,3.10833333333333,1.645,22.4733333333333,63.3783333333333,5.23333333333333,988.730000000001,91.6193333333333,0.398333333333333,3.10833333333333,1.645,22.4733333333333,63.3783333333333,5.23333333333333,988.730000000001
2016,303,18,103.0015,0.36,-0.4,0,21.2166666666667,69.0533333333333,5.77666666666667,988.865000000001,103.0015,0.36,-0.4,0,21.2166666666667,69.0533333333333,5.77666666666667,988.865000000001
2016,303,19,114.453666666667,0.311666666666667,-0.4,0,20.4366666666667,70.8066666666667,4.95833333333333,989.086666666666,114.453666666667,0.311666666666667,-0.4,0,20.4366666666667,70.8066666666667,4.95833333333333,989.086666666666
2016,303,20,125.816333333333,0.0466666666666667,-0.398333333333333,0,19.845,71.435,4.40166666666667,989.291666666668,125.816333333333,0.0466666666666667,-0.398333333333333,0,19.845,71.435,4.40166666666667,989.291666666668
2016,303,21,136.629,0.245,-0.4,0,19.375,71.0383333333333,4.96333333333333,989.579999999999,136.629,0.245,-0.4,0,19.375,71.0383333333333,4.96333333333333,989.579999999999
2016,303,22,146.0345,0.0816666666666667,-0.395,0,18.4516666666667,73.95,3.66833333333333,989.866666666668,146.0345,0.0816666666666667,-0.395,0,18.4516666666667,73.95,3.66833333333333,989.866666666668
2016,303,23,152.325,0.0266666666666666,-0.393333333333333,0,17.965,75.4633333333333,4.66,989.830000000001,152.325,0.0266666666666666,-0.393333333333333,0,17.965,75.4633333333333,4.66,989.830000000001
2016,304,0,153.1825,-0.0683333333333333,-0.373333333333333,0,17.865,74.1533333333333,5.30333333333333,989.828333333335,153.1825,-0.0683333333333333,-0.373333333333333,0,17.865,74.1533333333333,5.30333333333333,989.828333333335
2016,304,1,148.175166666667,0.095,-0.4,0,17.475,75.4483333333333,4.79666666666667,989.701666666666,148.175166666667,0.095,-0.4,0,17.475,75.4483333333333,4.79666666666667,989.701666666666
2016,304,2,139.415333333333,0.273333333333333,-0.4,0,16.97,74.3216666666667,4.69166666666666,989.495,139.415333333333,0.273333333333333,-0.4,0,16.97,74.3216666666667,4.69166666666666,989.495
2016,304,3,128.886,0.251666666666667,-0.4,0,16.1116666666667,79.4716666666667,4.55166666666667,989.236666666665,128.886,0.251666666666667,-0.4,0,16.1116666666667,79.4716666666667,4.55166666666667,989.236666666665
2016,304,4,117.630666666667,0.193333333333333,-0.4,0,15.1766666666667,84.9283333333333,3.87666666666667,989.365,117.630666666667,0.193333333333333,-0.4,0,15.1766666666667,84.9283333333333,3.87666666666667,989.365
2016,304,5,106.1835,0.175,-0.343333333333333,0,15.02,80.5133333333333,2.85666666666667,989.723333333334,106.1835,0.175,-0.343333333333333,0,15.02,80.5133333333333,2.85666666666667,989.723333333334
2016,304,6,94.8146666666667,0.646666666666667,1.195,0.721666666666667,14.5833333333333,82.7983333333334,3.23333333333333,990.27,94.8146666666667,0.646666666666667,1.195,0.721666666666667,14.5833333333333,82.7983333333334,3.23333333333333,990.27
2016,304,7,83.9031666666667,43.0366666666667,45.235,22.0733333333333,13.1016666666667,85.97,6.47333333333333,991.74,83.9031666666667,43.0366666666667,45.235,22.0733333333333,13.1016666666667,85.97,6.47333333333333,991.74
2016,304,8,74.0443333333333,63.02,115.516666666667,60.1983333333333,13.275,87.9533333333333,5.85166666666666,992.72,74.0443333333333,63.02,115.516666666667,60.1983333333333,13.275,87.9533333333333,5.85166666666666,992.72
2016,304,9,65.432,26.6633333333333,195.456666666667,90.7516666666667,14.1816666666667,82.3083333333333,5.64833333333333,993.096666666666,65.432,26.6633333333333,195.456666666667,90.7516666666667,14.1816666666667,82.3083333333333,5.64833333333333,993.096666666666
2016,304,10,58.8143333333333,274.106666666667,277.655,177.816666666667,15.0766666666667,76.92,6.81,993.791666666667,58.8143333333333,274.106666666667,277.655,177.816666666667,15.0766666666667,76.92,6.81,993.791666666667
2016,304,11,54.97,216.783333333333,290.063333333333,181.093333333333,15.6966666666667,72.3383333333334,6.94333333333333,994.184999999999,54.97,216.783333333333,290.063333333333,181.093333333333,15.6966666666667,72.3383333333334,6.94333333333333,994.184999999999
2016,304,12,54.506,401.21,255.756666666667,210.316666666667,16.38,66.7116666666667,7.21333333333333,994.066666666666,54.506,401.21,255.756666666667,210.316666666667,16.38,66.7116666666667,7.21333333333333,994.066666666666
2016,304,13,57.5065,363.766666666667,242.606666666667,188.915,17.2116666666667,60.1316666666667,7.25333333333333,994.035,57.5065,363.766666666667,242.606666666667,188.915,17.2116666666667,60.1316666666667,7.25333333333333,994.035
2016,304,14,63.47,41.7266666666667,216.645,102.093333333333,16.755,62.7166666666667,7.73166666666667,994.356666666667,63.47,41.7266666666667,216.645,102.093333333333,16.755,62.7166666666667,7.73166666666667,994.356666666667
2016,304,15,71.6336666666667,204.661666666667,139.073333333333,86.3083333333333,16.1833333333333,63.9666666666667,7.88,994.761666666667,71.6336666666667,204.661666666667,139.073333333333,86.3083333333333,16.1833333333333,63.9666666666667,7.88,994.761666666667
2016,304,16,81.2523333333333,176.425,55.0616666666667,34.96,15.2866666666667,65.8966666666667,7.04833333333333,995.026666666666,81.2523333333333,176.425,55.0616666666667,34.96,15.2866666666667,65.8966666666667,7.04833333333333,995.026666666666
2016,304,17,91.8545,21.6250000000001,5.61500000000001,2.855,13.6033333333333,70.6,6.14833333333333,995.761666666666,91.8545,21.6250000000001,5.61500000000001,2.855,13.6033333333333,70.6,6.14833333333333,995.761666666666
2016,304,18,103.212166666667,0.383333333333333,-0.4,0,11.8016666666667,77.2533333333333,5.38333333333333,996.703333333334,103.212166666667,0.383333333333333,-0.4,0,11.8016666666667,77.2533333333333,5.38333333333333,996.703333333334
2016,304,19,114.6625,-0.00166666666666666,-0.4,0,10.8916666666667,79.1383333333333,4.89333333333333,996.975000000001,114.6625,-0.00166666666666666,-0.4,0,10.8916666666667,79.1383333333333,4.89333333333333,996.975000000001
2016,304,20,126.032666666667,-0.138333333333333,-0.4,0,10.6183333333333,76.5683333333333,5.835,996.803333333333,126.032666666667,-0.138333333333333,-0.4,0,10.6183333333333,76.5683333333333,5.835,996.803333333333
2016,304,21,136.864833333333,0.085,-0.4,0,9.91666666666666,77.4333333333333,4.69333333333333,996.66,136.864833333333,0.085,-0.4,0,9.91666666666666,77.4333333333333,4.69333333333333,996.66
2016,304,22,146.306666666667,0.125,-0.4,0,9.30666666666667,79.52,4.365,996.568333333333,146.306666666667,0.125,-0.4,0,9.30666666666667,79.52,4.365,996.568333333333
2016,304,23,152.637833333333,0.136666666666667,-0.4,0,8.495,81.41,3.65833333333334,996.653333333333,152.637833333333,0.136666666666667,-0.4,0,8.495,81.41,3.65833333333334,996.653333333333
2016,305,0,153.498333333333,0.0483333333333333,-0.4,0,7.92,82.055,3.70333333333333,996.354999999999,153.498333333333,0.0483333333333333,-0.4,0,7.92,82.055,3.70333333333333,996.354999999999
2016,305,1,148.448833333333,-0.0833333333333333,-0.4,0,7.5,82.9983333333333,3.41166666666667,995.855,148.448833333333,-0.0833333333333333,-0.4,0,7.5,82.9983333333333,3.41166666666667,995.855
2016,305,2,139.644333333333,-0.2,-0.4,0,7.60833333333333,81.9183333333333,3.17666666666667,995.548333333334,139.644333333333,-0.2,-0.4,0,7.60833333333333,81.9183333333333,3.17666666666667,995.548333333334
2016,305,3,129.089666666667,-0.191666666666667,-0.4,0,7.54166666666666,82.1716666666667,4.14,995.188333333333,129.089666666667,-0.191666666666667,-0.4,0,7.54166666666666,82.1716666666667,4.14,995.188333333333
2016,305,4,117.823666666667,-0.311666666666667,-0.4,0,7.45999999999999,83.9316666666666,4.52166666666667,994.873333333334,117.823666666667,-0.311666666666667,-0.4,0,7.45999999999999,83.9316666666666,4.52166666666667,994.873333333334
2016,305,5,106.375833333333,0.0816666666666667,-0.4,0,7.09166666666666,86.45,4.47666666666666,994.521666666666,106.375833333333,0.0816666666666667,-0.4,0,7.09166666666666,86.45,4.47666666666666,994.521666666666
2016,305,6,95.023,0.15,0.631666666666666,0.406666666666667,6.72333333333333,89.1583333333333,3.645,994.740000000001,95.023,0.15,0.631666666666666,0.406666666666667,6.72333333333333,89.1583333333333,3.645,994.740000000001
2016,305,7,84.1141666666667,18.3783333333333,50.8216666666667,22.135,7.26,89.4166666666667,4.55333333333333,994.858333333334,84.1141666666667,18.3783333333333,50.8216666666667,22.135,7.26,89.4166666666667,4.55333333333333,994.858333333334
2016,305,8,74.284,122.446666666667,132.598333333333,72.84,8.41666666666666,87.565,5.74166666666667,994.835,74.284,122.446666666667,132.598333333333,72.84,8.41666666666666,87.565,5.74166666666667,994.835
2016,305,9,65.6993333333333,283.716666666667,217.703333333333,144.14,10.5783333333333,83.6166666666666,6.65666666666667,994.543333333333,65.6993333333333,283.716666666667,217.703333333333,144.14,10.5783333333333,83.6166666666666,6.65666666666667,994.543333333333
2016,305,10,59.1098333333333,214.905,283.31,169.568333333333,12.435,80.2583333333334,5.58666666666667,994.385000000001,59.1098333333333,214.905,283.31,169.568333333333,12.435,80.2583333333334,5.58666666666667,994.385000000001
2016,305,11,55.2858333333333,4.405,298.71,131.336666666667,13.6416666666667,79.1133333333333,5.22666666666667,993.388333333333,55.2858333333333,4.405,298.71,131.336666666667,13.6416666666667,79.1133333333333,5.22666666666667,993.388333333333
2016,305,12,54.8265,321.45,263.103333333333,192.908333333333,14.9666666666667,78.6533333333333,4.92,992.071666666667,54.8265,321.45,263.103333333333,192.908333333333,14.9666666666667,78.6533333333333,4.92,992.071666666667
2016,305,13,57.8131666666667,485.76,201.246666666667,197.415,16.8583333333333,75.63,5.47666666666667,990.636666666666,57.8131666666667,485.76,201.246666666667,197.415,16.8583333333333,75.63,5.47666666666667,990.636666666666
2016,305,14,63.7528333333333,329.008333333333,216.225,157.071666666667,18.62,69.7466666666667,5.16333333333333,989.781666666666,63.7528333333333,329.008333333333,216.225,157.071666666667,18.62,69.7466666666667,5.16333333333333,989.781666666666
2016,305,15,71.8896666666667,258.808333333333,144.438333333333,95.8316666666667,19.4633333333334,68.0783333333333,6.13666666666667,988.95,71.8896666666667,258.808333333333,144.438333333333,95.8316666666667,19.4633333333334,68.0783333333333,6.13666666666667,988.95
2016,305,16,81.4836666666667,128.283333333333,61.9833333333333,36.49,19.0916666666667,70.7133333333334,5.2,988.644999999999,81.4836666666667,128.283333333333,61.9833333333333,36.49,19.0916666666667,70.7133333333334,5.2,988.644999999999
2016,305,17,92.0728333333333,0.361666666666666,3.67,1.84666666666667,17.0866666666667,78.7683333333334,4.36,988.593333333332,92.0728333333333,0.361666666666666,3.67,1.84666666666667,17.0866666666667,78.7683333333334,4.36,988.593333333332
2016,305,18,103.4175,-0.111666666666667,-0.4,0,16.0533333333333,83.1,4.89666666666667,988.611666666666,103.4175,-0.111666666666667,-0.4,0,16.0533333333333,83.1,4.89666666666667,988.611666666666
2016,305,19,114.865833333333,0.131666666666667,-0.4,0,15.3583333333333,86.1516666666667,4.55666666666667,988.393333333333,114.865833333333,0.131666666666667,-0.4,0,15.3583333333333,86.1516666666667,4.55666666666667,988.393333333333
2016,305,20,126.242833333333,-0.346666666666667,-0.4,0,15.2383333333333,86.9416666666667,4.97166666666667,987.938333333334,126.242833333333,-0.346666666666667,-0.4,0,15.2383333333333,86.9416666666667,4.97166666666667,987.938333333334
2016,305,21,137.095666666667,-0.258333333333333,-0.4,0,15.7483333333333,85.4666666666667,6.585,987.638333333332,137.095666666667,-0.258333333333333,-0.4,0,15.7483333333333,85.4666666666667,6.585,987.638333333332
2016,305,22,146.572666666667,-0.21,-0.4,0,15.675,86.9316666666667,5.825,987.413333333334,146.572666666667,-0.21,-0.4,0,15.675,86.9316666666667,5.825,987.413333333334
2016,305,23,152.946,-0.22,-0.4,0,15.925,87.6333333333333,5.975,987.151666666666,152.946,-0.22,-0.4,0,15.925,87.6333333333333,5.975,987.151666666666
2016,306,0,153.811166666667,-0.215,-0.393333333333333,0,16.1866666666667,88.54,5.34666666666667,987.041666666666,153.811166666667,-0.215,-0.393333333333333,0,16.1866666666667,88.54,5.34666666666667,987.041666666666
2016,306,1,148.720166666667,-0.0833333333333333,-0.4,0,16.6616666666667,88.085,4.63166666666667,987.256666666667,148.720166666667,-0.0833333333333333,-0.4,0,16.6616666666667,88.085,4.63166666666667,987.256666666667
2016,306,2,139.873333333333,-0.0766666666666667,-0.4,0,16.9366666666667,87.8483333333333,5.01333333333333,987.574999999999,139.873333333333,-0.0766666666666667,-0.4,0,16.9366666666667,87.8483333333333,5.01333333333333,987.574999999999
2016,306,3,129.292666666667,0.055,-0.4,0,16.615,88.805,4.88333333333333,987.463333333334,129.292666666667,0.055,-0.4,0,16.615,88.805,4.88333333333333,987.463333333334
2016,306,4,118.015166666667,-0.0583333333333333,-0.4,0,16.6983333333333,87.555,5.11166666666666,987.473333333333,118.015166666667,-0.0583333333333333,-0.4,0,16.6983333333333,87.555,5.11166666666666,987.473333333333
2016,306,5,106.5695,0.025,-0.4,0,16.67,86.805,5.40333333333333,987.693333333333,106.5695,0.025,-0.4,0,16.67,86.805,5.40333333333333,987.693333333333
2016,306,6,95.2445,0.131666666666667,0.275,0.331666666666667,16.2033333333333,86.37,5.44833333333333,988.118333333333,95.2445,0.131666666666667,0.275,0.331666666666667,16.2033333333333,86.37,5.44833333333333,988.118333333333
2016,306,7,84.321,7.5,33.0133333333333,15.1983333333333,16.4066666666667,84.1566666666667,5.985,988.748333333333,84.321,7.5,33.0133333333333,15.1983333333333,16.4066666666667,84.1566666666667,5.985,988.748333333333
2016,306,8,74.5218333333333,164.373333333333,95.4516666666667,59.8316666666667,17.6416666666667,78.0366666666667,6.58166666666667,989.415000000001,74.5218333333333,164.373333333333,95.4516666666667,59.8316666666667,17.6416666666667,78.0366666666667,6.58166666666667,989.415000000001
2016,306,9,65.9656666666667,457.308333333333,164.76,151.825,19.915,67.3516666666667,8.02666666666667,989.538333333333,65.9656666666667,457.308333333333,164.76,151.825,19.915,67.3516666666667,8.02666666666667,989.538333333333
2016,306,10,59.4036666666667,449.245,215.145,193.22,22.7666666666667,54,9.48666666666666,989.390000000001,59.4036666666667,449.245,215.145,193.22,22.7666666666667,54,9.48666666666666,989.390000000001
2016,306,11,55.5993333333333,419.835,289.773333333333,227.485,23.6383333333333,51.18,11.5066666666667,989.239999999999,55.5993333333333,419.835,289.773333333333,227.485,23.6383333333333,51.18,11.5066666666667,989.239999999999
2016,306,12,55.1443333333333,197.793333333333,270.413333333333,169.838333333333,23.9083333333333,51.7466666666667,9.935,988.731666666667,55.1443333333333,197.793333333333,270.413333333333,169.838333333333,23.9083333333333,51.7466666666667,9.935,988.731666666667
2016,306,13,58.1158333333333,589.495,169.676666666667,207.17,24.9883333333333,48.03,9.46833333333333,988.020000000001,58.1158333333333,589.495,169.676666666667,207.17,24.9883333333333,48.03,9.46833333333333,988.020000000001
2016,306,14,64.0311666666667,531.375,163.676666666667,171.196666666667,25.415,46.7116666666667,9.67833333333333,987.783333333334,64.0311666666667,531.375,163.676666666667,171.196666666667,25.415,46.7116666666667,9.67833333333333,987.783333333334
2016,306,15,72.1418333333333,600.021666666666,84.33,114.021666666667,25.3216666666666,49.5333333333333,9.69333333333333,987.880000000001,72.1418333333333,600.021666666666,84.33,114.021666666667,25.3216666666666,49.5333333333333,9.69333333333333,987.880000000001
2016,306,16,81.7091666666667,351.298333333333,46.7816666666667,43.7683333333333,24.825,52.9733333333333,7.56333333333333,988.093333333333,81.7091666666667,351.298333333333,46.7816666666667,43.7683333333333,24.825,52.9733333333333,7.56333333333333,988.093333333333
2016,306,17,92.2871666666667,11.8783333333333,3.91166666666666,2.345,22.8133333333333,60.9433333333333,5.08833333333333,988.89,92.2871666666667,11.8783333333333,3.91166666666666,2.345,22.8133333333333,60.9433333333333,5.08833333333333,988.89
2016,306,18,103.618666666667,0.4,-0.4,0,20.9233333333333,67.3366666666667,4.12,989.765,103.618666666667,0.4,-0.4,0,20.9233333333333,67.3366666666667,4.12,989.765
2016,306,19,115.063666666667,0.258333333333334,-0.4,0,19.8066666666667,70.6566666666667,3.99833333333333,990.385,115.063666666667,0.258333333333334,-0.4,0,19.8066666666667,70.6566666666667,3.99833333333333,990.385
2016,306,20,126.447666666667,0.345,-0.4,0,19.1183333333333,72.9966666666667,3.51333333333333,991.015,126.447666666667,0.345,-0.4,0,19.1183333333333,72.9966666666667,3.51333333333333,991.015
2016,306,21,137.320333333333,0.313333333333333,-0.4,0,18.7016666666667,72.78,3.895,991.589999999999,137.320333333333,0.313333333333333,-0.4,0,18.7016666666667,72.78,3.895,991.589999999999
2016,306,22,146.834,0.265,-0.4,0,17.9916666666667,72.7533333333333,4.22666666666667,992.043333333332,146.834,0.265,-0.4,0,17.9916666666667,72.7533333333333,4.22666666666667,992.043333333332
2016,306,23,153.248833333333,-0.118333333333333,-0.4,0,17.49,73.2866666666667,4.32333333333333,992.333333333334,153.248833333333,-0.118333333333333,-0.4,0,17.49,73.2866666666667,4.32333333333333,992.333333333334
2016,307,0,154.119833333333,0.156666666666667,-0.4,0,17.3766666666667,73.575,4.86,992.831666666667,154.119833333333,0.156666666666667,-0.4,0,17.3766666666667,73.575,4.86,992.831666666667
2016,307,1,148.987666666667,-0.00166666666666665,-0.4,0,16.9383333333333,75.2733333333334,5.07,993.188333333333,148.987666666667,-0.00166666666666665,-0.4,0,16.9383333333333,75.2733333333334,5.07,993.188333333333
2016,307,2,140.0995,-0.178333333333333,-0.4,0,17.1166666666667,74.505,4.83833333333333,993.223333333332,140.0995,-0.178333333333333,-0.4,0,17.1166666666667,74.505,4.83833333333333,993.223333333332
2016,307,3,129.494333333333,0.271666666666667,-0.4,0,16.74,76.225,4.67333333333333,993.181666666666,129.494333333333,0.271666666666667,-0.4,0,16.74,76.225,4.67333333333333,993.181666666666
2016,307,4,118.206166666667,-0.0116666666666667,-0.4,0,16.2,79.125,4.8,993.253333333333,118.206166666667,-0.0116666666666667,-0.4,0,16.2,79.125,4.8,993.253333333333
2016,307,5,106.761333333333,-0.311666666666667,-0.398333333333333,0,16.145,79.8583333333333,4.79333333333333,993.491666666667,106.761333333333,-0.311666666666667,-0.398333333333333,0,16.145,79.8583333333333,4.79333333333333,993.491666666667
2016,307,6,95.4545,0.253333333333333,1.03833333333333,0.438333333333333,16.8,78.185,4.43,993.770000000001,95.4545,0.253333333333333,1.03833333333333,0.438333333333333,16.8,78.185,4.43,993.770000000001
2016,307,7,84.5303333333333,6.38166666666667,34.695,15.9333333333333,16.825,78.105,4.45,994.163333333333,84.5303333333333,6.38166666666667,34.695,15.9333333333333,16.825,78.105,4.45,994.163333333333
2016,307,8,74.7605,12.7166666666667,122.616666666667,55.9733333333333,17.73,74.8516666666667,5.04333333333333,994.533333333333,74.7605,12.7166666666667,122.616666666667,55.9733333333333,17.73,74.8516666666667,5.04333333333333,994.533333333333
2016,307,9,66.23,241.673333333333,225.358333333333,142.155,19.9083333333333,65.6933333333333,6.22666666666666,994.561666666666,66.23,241.673333333333,225.358333333333,142.155,19.9083333333333,65.6933333333333,6.22666666666666,994.561666666666
2016,307,10,59.6946666666667,121.08,277.326666666667,150.583333333333,21.4066666666667,62.3816666666667,6.73166666666667,994.678333333333,59.6946666666667,121.08,277.326666666667,150.583333333333,21.4066666666667,62.3816666666667,6.73166666666667,994.678333333333
2016,307,11,55.9086666666667,116.666666666667,303.818333333333,165.173333333333,22.7633333333333,60.6566666666667,6.14333333333333,994.503333333334,55.9086666666667,116.666666666667,303.818333333333,165.173333333333,22.7633333333333,60.6566666666667,6.14333333333333,994.503333333334
2016,307,12,55.4561666666667,10.29,244.696666666667,114.625,24.04,60.1783333333333,6.82833333333333,994.016666666667,55.4561666666667,10.29,244.696666666667,114.625,24.04,60.1783333333333,6.82833333333333,994.016666666667
2016,307,13,58.4141666666667,38.04,158.08,81.34,23.5183333333333,63.84,4.36166666666667,993.433333333333,58.4141666666667,38.04,158.08,81.34,23.5183333333333,63.84,4.36166666666667,993.433333333333
2016,307,14,64.305,163.51,216.323333333333,124.51,24.7883333333333,60.1816666666667,6.75666666666667,992.516666666667,64.305,163.51,216.323333333333,124.51,24.7883333333333,60.1816666666667,6.75666666666667,992.516666666667
2016,307,15,72.3885,21.205,100.938333333333,47.585,24.5366666666667,61.0066666666667,5.78166666666667,992.701666666667,72.3885,21.205,100.938333333333,47.585,24.5366666666667,61.0066666666667,5.78166666666667,992.701666666667
2016,307,16,81.9293333333333,27.7366666666667,52.2016666666666,24.1578947368421,24.475,62.5633333333333,6.35833333333333,992.591666666667,81.9293333333333,27.7366666666667,52.2016666666666,24.1578947368421,24.475,62.5633333333333,6.35833333333333,992.591666666667
2016,307,17,92.4968333333333,1.355,-0.124999999999999,0.323333333333333,22.5166666666667,67.7,7.70333333333333,994.01,92.4968333333333,1.355,-0.124999999999999,0.323333333333333,22.5166666666667,67.7,7.70333333333333,994.01
2016,307,18,103.815333333333,-0.18,-0.398333333333333,0,17.4966666666667,89.5716666666667,5.88166666666667,994.875,103.815333333333,-0.18,-0.398333333333333,0,17.4966666666667,89.5716666666667,5.88166666666667,994.875
2016,307,19,115.256166666667,0.0316666666666667,-0.175,0,17.1716666666667,92.96,4.32166666666667,994.416666666667,115.256166666667,0.0316666666666667,-0.175,0,17.1716666666667,92.96,4.32166666666667,994.416666666667
2016,307,20,126.647,0.00833333333333333,-0.4,0,16.7683333333334,94.11,7.865,993.935,126.647,0.00833333333333333,-0.4,0,16.7683333333334,94.11,7.865,993.935
2016,307,21,137.5385,-0.0566666666666667,-0.4,0,16.5466666666667,94.255,7.24,994.005,137.5385,-0.0566666666666667,-0.4,0,16.5466666666667,94.255,7.24,994.005
2016,307,22,147.088166666667,-0.0216666666666667,-0.163333333333333,0,16.7533333333333,93.7833333333333,4.4,994.621666666667,147.088166666667,-0.0216666666666667,-0.163333333333333,0,16.7533333333333,93.7833333333333,4.4,994.621666666667
2016,307,23,153.547833333333,0.0666666666666667,0,0,16.8266666666667,93.8816666666667,2.99333333333333,994.883333333334,153.547833333333,0.0666666666666667,0,0,16.8266666666667,93.8816666666667,2.99333333333333,994.883333333334
2016,308,0,154.425833333333,0.09,0,0,16.63,94.355,2.78333333333333,995.153333333332,154.425833333333,0.09,0,0,16.63,94.355,2.78333333333333,995.153333333332
2016,308,1,149.254666666667,0.0283333333333333,-0.065,0,16.67,94.4650000000001,2.58833333333333,995.08,149.254666666667,0.0283333333333333,-0.065,0,16.67,94.4650000000001,2.58833333333333,995.08
2016,308,2,140.325,0.015,-0.07,0,16.4816666666667,95.1633333333333,3.13333333333333,994.793333333334,140.325,0.015,-0.07,0,16.4816666666667,95.1633333333333,3.13333333333333,994.793333333334
2016,308,3,129.695,0.015,0,0,16.6316666666667,95.355,2.73833333333333,994.840000000001,129.695,0.015,0,0,16.6316666666667,95.355,2.73833333333333,994.840000000001
2016,308,4,118.398166666667,0.133333333333333,-0.025,0,16.7033333333334,95.3383333333333,2.62333333333333,994.758333333333,118.398166666667,0.133333333333333,-0.025,0,16.7033333333334,95.3383333333333,2.62333333333333,994.758333333333
2016,308,5,106.952666666667,0.055,-0.08,0,16.535,95.68,3.49166666666667,995.345,106.952666666667,0.055,-0.08,0,16.535,95.68,3.49166666666667,995.345
2016,308,6,95.665,0.328333333333333,-0.393333333333333,0.0366666666666667,15.9216666666666,95.5183333333332,4.40833333333333,995.735000000001,95.665,0.328333333333333,-0.393333333333333,0.0366666666666667,15.9216666666666,95.5183333333332,4.40833333333333,995.735000000001
2016,308,7,84.7366666666667,0.316666666666667,22.62,9.92833333333333,15.5816666666667,93.9166666666667,4.625,996.203333333335,84.7366666666667,0.316666666666667,22.62,9.92833333333333,15.5816666666667,93.9166666666667,4.625,996.203333333335
2016,308,8,74.9978333333333,0.306666666666667,77.5883333333333,35.3133333333333,15.2033333333333,94.01,4.92166666666667,996.631666666667,74.9978333333333,0.306666666666667,77.5883333333333,35.3133333333333,15.2033333333333,94.01,4.92166666666667,996.631666666667
2016,308,9,66.4936666666667,1.73,141.728333333333,63.4466666666667,15.1066666666667,92.7166666666667,5.04833333333333,996.733333333333,66.4936666666667,1.73,141.728333333333,63.4466666666667,15.1066666666667,92.7166666666667,5.04833333333333,996.733333333333
2016,308,10,59.984,15.8916666666667,215.871666666667,98.3083333333333,15.845,88.785,4.965,997.004999999999,59.984,15.8916666666667,215.871666666667,98.3083333333333,15.845,88.785,4.965,997.004999999999
2016,308,11,56.2151666666667,114.476666666667,291.521666666667,155.983333333333,16.63,81.395,6.14833333333333,997.136666666667,56.2151666666667,114.476666666667,291.521666666667,155.983333333333,16.63,81.395,6.14833333333333,997.136666666667
2016,308,12,55.7641666666667,378.985,256.6,199.413333333333,16.7283333333333,78.765,5.20333333333333,996.743333333332,55.7641666666667,378.985,256.6,199.413333333333,16.7283333333333,78.765,5.20333333333333,996.743333333332
2016,308,13,58.7068333333333,495.168333333333,184.546666666667,187.278333333333,16.815,76.2083333333333,5.45166666666667,996.776666666668,58.7068333333333,495.168333333333,184.546666666667,187.278333333333,16.815,76.2083333333333,5.45166666666667,996.776666666668
2016,308,14,64.5735,787.408333333333,77.2016666666667,174.626666666667,17.4133333333333,71.8166666666667,5.61833333333333,996.886666666668,64.5735,787.408333333333,77.2016666666667,174.626666666667,17.4133333333333,71.8166666666667,5.61833333333333,996.886666666668
2016,308,15,72.63,741.173333333333,52.9883333333333,113.4,17.8966666666667,67.8266666666666,3.91333333333333,996.963333333333,72.63,741.173333333333,52.9883333333333,113.4,17.8966666666667,67.8266666666666,3.91333333333333,996.963333333333
2016,308,16,82.1451666666667,482.138333333333,32.7683333333333,42.5483333333333,17.8283333333333,67.42,3.40166666666667,997.288333333334,82.1451666666667,482.138333333333,32.7683333333333,42.5483333333333,17.8283333333333,67.42,3.40166666666667,997.288333333334
2016,308,17,92.7008333333333,38.1083333333334,3.80166666666667,2.4,16.2683333333333,74.1083333333333,3.25,997.761666666668,92.7008333333333,38.1083333333334,3.80166666666667,2.4,16.2683333333333,74.1083333333333,3.25,997.761666666668
2016,308,18,104.006166666667,0.391666666666666,-0.4,0,15.095,78.23,4.14166666666667,998.46,104.006166666667,0.391666666666666,-0.4,0,15.095,78.23,4.14166666666667,998.46
2016,308,19,115.443166666667,0.391666666666666,-0.4,0,13.4483333333333,84.8266666666667,3.505,998.986666666667,115.443166666667,0.391666666666666,-0.4,0,13.4483333333333,84.8266666666667,3.505,998.986666666667
2016,308,20,126.838166666667,0.396666666666666,-0.4,0,12.815,85.12,3.30166666666667,999.151666666665,126.838166666667,0.396666666666666,-0.4,0,12.815,85.12,3.30166666666667,999.151666666665
2016,308,21,137.749833333333,0.338333333333333,-0.4,0,12.3533333333333,85.7483333333334,2.67333333333333,999.523333333332,137.749833333333,0.338333333333333,-0.4,0,12.3533333333333,85.7483333333334,2.67333333333333,999.523333333332
2016,308,22,147.336666666667,0.4,-0.4,0,11.6816666666667,88.4566666666667,3.53333333333333,999.955,147.336666666667,0.4,-0.4,0,11.6816666666667,88.4566666666667,3.53333333333333,999.955
2016,308,23,153.841,-0.0183333333333334,-0.326666666666667,0,11.07,89.2716666666666,4.52666666666667,1000.345,153.841,-0.0183333333333334,-0.326666666666667,0,11.07,89.2716666666666,4.52666666666667,1000.345
2016,309,0,154.726333333333,-0.0716666666666667,-0.4,0,10.1516666666667,89.8833333333334,4.55166666666667,1000.90333333333,154.726333333333,-0.0716666666666667,-0.4,0,10.1516666666667,89.8833333333334,4.55166666666667,1000.90333333333
2016,309,1,149.517666666667,-0.301666666666667,-0.4,0,10.24,88.35,4.32666666666667,1001.37666666667,149.517666666667,-0.301666666666667,-0.4,0,10.24,88.35,4.32666666666667,1001.37666666667
2016,309,2,140.548,0.173333333333333,-0.4,0,9.80333333333333,91.0266666666666,3.78833333333333,1001.84166666667,140.548,0.173333333333333,-0.4,0,9.80333333333333,91.0266666666666,3.78833333333333,1001.84166666667
2016,309,3,129.8945,0.4,-0.4,0,9.02666666666667,93.015,1.90666666666667,1002.075,129.8945,0.4,-0.4,0,9.02666666666667,93.015,1.90666666666667,1002.075
2016,309,4,118.5895,0.168333333333333,-0.398333333333333,0,8.72666666666667,94,2.45666666666667,1002.74333333333,118.5895,0.168333333333333,-0.398333333333333,0,8.72666666666667,94,2.45666666666667,1002.74333333333
2016,309,5,107.144166666667,0.276666666666667,-0.393333333333333,0,8.64833333333334,93.7133333333333,1.88166666666667,1003.44333333333,107.144166666667,0.276666666666667,-0.393333333333333,0,8.64833333333334,93.7133333333333,1.88166666666667,1003.44333333333
2016,309,6,95.8755,0.4,0.608333333333333,0.466666666666667,7.91666666666667,93.1183333333334,2.895,1003.815,95.8755,0.4,0.608333333333333,0.466666666666667,7.91666666666667,93.1183333333334,2.895,1003.815
2016,309,7,84.9418333333333,616.4,24.0816666666667,32.2816666666667,6.90666666666667,93.945,2.40666666666667,1004.485,84.9418333333333,616.4,24.0816666666667,32.2816666666667,6.90666666666667,93.945,2.40666666666667,1004.485
2016,309,8,75.2338333333333,749.726666666667,45.7633333333333,102.618333333333,8.88,86.43,1.59833333333333,1005.18,75.2338333333333,749.726666666667,45.7633333333333,102.618333333333,8.88,86.43,1.59833333333333,1005.18
2016,309,9,66.7553333333333,876.856666666667,55.1133333333333,163.793333333333,11.3333333333333,69.52,2.31333333333333,1005.14166666667,66.7553333333333,876.856666666667,55.1133333333333,163.793333333333,11.3333333333333,69.52,2.31333333333333,1005.14166666667
2016,309,10,60.2696666666667,939.77,59.0933333333333,214.973333333333,13.2516666666667,57.9016666666667,1.72033898305085,1005.08333333333,60.2696666666667,939.77,59.0933333333333,214.973333333333,13.2516666666667,57.9016666666667,1.72033898305085,1005.08333333333
2016,309,11,56.5175,962.345,61.845,243.813333333333,14.5266666666667,55.0216666666666,1.93333333333333,1004.85,56.5175,962.345,61.845,243.813333333333,14.5266666666667,55.0216666666666,1.93333333333333,1004.85
2016,309,12,56.0671666666667,974.131666666667,60.31,248.003333333333,14.5016666666667,54.865,3.69,1004.26166666667,56.0671666666667,974.131666666667,60.31,248.003333333333,14.5016666666667,54.865,3.69,1004.26166666667
2016,309,13,58.9951666666667,953.098333333333,58.7133333333333,224.446428571429,15.1083333333333,49.28,2.77166666666667,1003.86333333333,58.9951666666667,953.098333333333,58.7133333333333,224.446428571429,15.1083333333333,49.28,2.77166666666667,1003.86333333333
2016,309,14,64.8373333333333,901.575,54.395,176.424242424242,15.64,46.195,3.02333333333333,1003.56666666667,64.8373333333333,901.575,54.395,176.424242424242,15.64,46.195,3.02333333333333,1003.56666666667
2016,309,15,72.8665,800.571666666667,46.1866666666667,111.741463414634,15.8233333333333,46.695,2.97333333333333,1003.19666666667,72.8665,800.571666666667,46.1866666666667,111.741463414634,15.8233333333333,46.695,2.97333333333333,1003.19666666667
2016,309,16,82.355,549.048333333333,29.2333333333333,40.32,15.375,51,2.68,1003.18,82.355,549.048333333333,29.2333333333333,40.32,15.375,51,2.68,1003.18
2016,309,17,92.9005,50.3200000000001,3.34833333333333,2.21666666666667,14.0033333333333,56.2333333333333,1.85333333333333,1003.12166666667,92.9005,50.3200000000001,3.34833333333333,2.21666666666667,14.0033333333333,56.2333333333333,1.85333333333333,1003.12166666667
2016,309,18,104.19,0.313333333333333,-0.396666666666666,0,13.375,57.5983333333334,1.595,1003.16166666667,104.19,0.313333333333333,-0.396666666666666,0,13.375,57.5983333333334,1.595,1003.16166666667
2016,309,19,115.623833333333,0.4,-0.403333333333333,0,12.0083333333333,63.6483333333333,1.24333333333333,1003.14,115.623833333333,0.4,-0.403333333333333,0,12.0083333333333,63.6483333333333,1.24333333333333,1003.14
2016,309,20,127.0265,0.4,-0.396666666666666,0,10.4816666666667,70.365,0.575862068965518,1003.01833333333,127.0265,0.4,-0.396666666666666,0,10.4816666666667,70.365,0.575862068965518,1003.01833333333
2016,309,21,137.956,0.4,-0.4,0,9.44,75.1616666666667,0.4,1003.055,137.956,0.4,-0.4,0,9.44,75.1616666666667,0.4,1003.055
2016,309,22,147.580166666667,0.4,-0.4,0,8.91166666666666,77.8933333333333,0.395,1002.75,147.580166666667,0.4,-0.4,0,8.91166666666666,77.8933333333333,0.395,1002.75
2016,309,23,154.1285,0.396666666666666,-0.38,0,8.215,81.4233333333333,0.319047619047619,1002.54666666667,154.1285,0.396666666666666,-0.38,0,8.215,81.4233333333333,0.319047619047619,1002.54666666667
2016,310,0,155.025,0.33,-0.396666666666666,0,7.785,83.4766666666667,0.3,1002.415,155.025,0.33,-0.396666666666666,0,7.785,83.4766666666667,0.3,1002.415
2016,310,1,149.778166666667,0.398333333333333,-0.396666666666666,0,6.96166666666667,87.9266666666666,0.2125,1002.50333333333,149.778166666667,0.398333333333333,-0.396666666666666,0,6.96166666666667,87.9266666666666,0.2125,1002.50333333333
2016,310,2,140.769666666667,0.155,-0.393333333333333,0,6.94666666666667,88.58,0.372093023255814,1002.75833333333,140.769666666667,0.155,-0.393333333333333,0,6.94666666666667,88.58,0.372093023255814,1002.75833333333
2016,310,3,130.093833333333,0.33,-0.4,0,6.57666666666666,90.4066666666667,0.289473684210526,1002.77166666667,130.093833333333,0.33,-0.4,0,6.57666666666666,90.4066666666667,0.289473684210526,1002.77166666667
2016,310,4,118.779333333333,0.106666666666667,-0.388333333333333,0,6.15666666666667,92.8216666666666,0.518965517241379,1003.06666666667,118.779333333333,0.106666666666667,-0.388333333333333,0,6.15666666666667,92.8216666666666,0.518965517241379,1003.06666666667
2016,310,5,107.3355,0.338333333333333,-0.32,0,5.74,94.3516666666667,0.5,1003.41666666667,107.3355,0.338333333333333,-0.32,0,5.74,94.3516666666667,0.5,1003.41666666667
2016,310,6,96.0865,0.413333333333333,1.305,0.508333333333333,5.46833333333333,95.35,0.26304347826087,1003.59833333333,96.0865,0.413333333333333,1.305,0.508333333333333,5.46833333333333,95.35,0.26304347826087,1003.59833333333
2016,310,7,85.1453333333333,212.118333333333,42.8766666666667,26.2716666666667,5.89166666666667,92.8716666666667,0.473684210526316,1004.055,85.1453333333333,212.118333333333,42.8766666666667,26.2716666666667,5.89166666666667,92.8716666666667,0.473684210526316,1004.055
2016,310,8,75.469,487.228333333333,95.3916666666667,97.545,7.72833333333333,84.595,1.43,1004.39333333333,75.469,487.228333333333,95.3916666666667,97.545,7.72833333333333,84.595,1.43,1004.39333333333
2016,310,9,67.015,451.906666666667,165.515,143.638333333333,11.1183333333333,70.46,3.005,1004.29333333333,67.015,451.906666666667,165.515,143.638333333333,11.1183333333333,70.46,3.005,1004.29333333333
2016,310,10,60.5525,549.225,196.745,197.488333333333,13.2933333333333,60.4183333333333,3.25,1004.05666666667,60.5525,549.225,196.745,197.488333333333,13.2933333333333,60.4183333333333,3.25,1004.05666666667
2016,310,11,56.8163333333333,475.486666666667,236.088333333333,211.303333333333,14.9366666666667,55.6333333333333,3.31,1003.39666666667,56.8163333333333,475.486666666667,236.088333333333,211.303333333333,14.9366666666667,55.6333333333333,3.31,1003.39666666667
2016,310,12,56.3661666666667,483.588333333334,226.44,211.617857142857,15.955,52.3633333333333,3.09333333333333,1002.52333333333,56.3661666666667,483.588333333334,226.44,211.617857142857,15.955,52.3633333333333,3.09333333333333,1002.52333333333
2016,310,13,59.2785,245.666666666667,254.241666666667,162.518333333333,16.2066666666667,50.745,3.17666666666667,1001.83333333333,59.2785,245.666666666667,254.241666666667,162.518333333333,16.2066666666667,50.745,3.17666666666667,1001.83333333333
2016,310,14,65.095,329.901666666667,212.493333333333,148.51,16.7383333333333,49.2016666666667,2.22333333333333,1001.45666666667,65.095,329.901666666667,212.493333333333,148.51,16.7383333333333,49.2016666666667,2.22333333333333,1001.45666666667
2016,310,15,73.0978333333333,264.625,129.98,87.6116666666667,16.9316666666667,47.4783333333333,2.50833333333333,1001.36666666667,73.0978333333333,264.625,129.98,87.6116666666667,16.9316666666667,47.4783333333333,2.50833333333333,1001.36666666667
2016,310,16,82.5596666666667,67.92,66.2966666666667,32.375,16.175,52.6616666666666,2.705,1001.255,82.5596666666667,67.92,66.2966666666667,32.375,16.175,52.6616666666666,2.705,1001.255
2016,310,17,93.1086666666667,0.576666666666666,2.69833333333333,1.32166666666667,14.4166666666667,62.6983333333333,2.93666666666667,1001.22833333333,93.1086666666667,0.576666666666666,2.69833333333333,1.32166666666667,14.4166666666667,62.6983333333333,2.93666666666667,1001.22833333333
2016,310,18,104.37,0.4,-0.4,0,12.9,69.7983333333333,2.92166666666667,1001.54166666667,104.37,0.4,-0.4,0,12.9,69.7983333333333,2.92166666666667,1001.54166666667
2016,310,19,115.8,0.266666666666667,-0.4,0,12.5216666666667,69.93,2.36333333333333,1001.66333333333,115.8,0.266666666666667,-0.4,0,12.5216666666667,69.93,2.36333333333333,1001.66333333333
2016,310,20,127.206833333333,0.291666666666667,-0.383333333333333,0,11.8683333333333,71.55,1.025,1001.74833333333,127.206833333333,0.291666666666667,-0.383333333333333,0,11.8683333333333,71.55,1.025,1001.74833333333
2016,310,21,138.155666666667,0.0466666666666667,-0.386666666666666,0,11.2166666666667,74.5966666666667,1.21833333333333,1001.87166666667,138.155666666667,0.0466666666666667,-0.386666666666666,0,11.2166666666667,74.5966666666667,1.21833333333333,1001.87166666667
2016,310,22,147.814833333333,0.29,-0.351666666666667,0,10.495,77.5583333333333,1.60833333333333,1001.90833333333,147.814833333333,0.29,-0.351666666666667,0,10.495,77.5583333333333,1.60833333333333,1001.90833333333
2016,310,23,154.4105,0.391666666666666,-0.4,0,9.83833333333333,80.5583333333333,0.935,1001.925,154.4105,0.391666666666666,-0.4,0,9.83833333333333,80.5583333333333,0.935,1001.925
2016,311,0,155.319333333333,0.4,-0.4,0,9.23,83.245,0.375,1001.84333333333,155.319333333333,0.4,-0.4,0,9.23,83.245,0.375,1001.84333333333
2016,311,1,150.036166666667,0.165,-0.38,0,8.86166666666667,85.7966666666667,0.683333333333333,1001.92333333333,150.036166666667,0.165,-0.38,0,8.86166666666667,85.7966666666667,0.683333333333333,1001.92333333333
2016,311,2,140.9895,0.378333333333333,-0.4,0,8.35666666666667,88.05,0.118333333333333,1002.11833333333,140.9895,0.378333333333333,-0.4,0,8.35666666666667,88.05,0.118333333333333,1002.11833333333
2016,311,3,130.290666666667,0.15,-0.4,0,8.55333333333333,87.345,0,1002.00333333333,130.290666666667,0.15,-0.4,0,8.55333333333333,87.345,0,1002.00333333333
2016,311,4,118.968666666667,-0.0566666666666666,-0.353333333333333,0,8.96666666666667,82.645,0.145,1002.08833333333,118.968666666667,-0.0566666666666666,-0.353333333333333,0,8.96666666666667,82.645,0.145,1002.08833333333
2016,311,5,107.5265,0.291666666666667,-0.376666666666666,0,8.485,85.53,0.885,1002.41833333333,107.5265,0.291666666666667,-0.376666666666666,0,8.485,85.53,0.885,1002.41833333333
2016,311,6,96.2996666666667,0.305,0.398333333333333,0.335,7.54333333333333,86.7216666666667,1.23666666666667,1002.545,96.2996666666667,0.305,0.398333333333333,0.335,7.54333333333333,86.7216666666667,1.23666666666667,1002.545
2016,311,7,85.3473333333333,311.583333333333,24.0733333333333,25.9983333333333,7.525,85.35,1.64333333333333,1002.95,85.3473333333333,311.583333333333,24.0733333333333,25.9983333333333,7.525,85.35,1.64333333333333,1002.95
2016,311,8,75.7031666666667,673.82,50.5533333333333,95.1216666666667,9.02,84.6833333333334,1.82666666666667,1003.455,75.7031666666667,673.82,50.5533333333333,95.1216666666667,9.02,84.6833333333334,1.82666666666667,1003.455
2016,311,9,67.2725,811.895,63.435,157.075,11.9866666666667,75.2066666666667,2.37833333333333,1003.64333333333,67.2725,811.895,63.435,157.075,11.9866666666667,75.2066666666667,2.37833333333333,1003.64333333333
2016,311,10,60.8336666666667,878.615,69.035,207.806666666667,14.37,63.2916666666667,2.82333333333333,1003.33,60.8336666666667,878.615,69.035,207.806666666667,14.37,63.2916666666667,2.82333333333333,1003.33
2016,311,11,57.1118333333333,910.89,69.8266666666667,236.803333333333,16.0333333333333,52.495,3.72333333333334,1002.725,57.1118333333333,910.89,69.8266666666667,236.803333333333,16.0333333333333,52.495,3.72333333333334,1002.725
2016,311,12,56.661,918.986666666666,68.7866666666666,240.64,17.185,45.2483333333333,4.05166666666666,1001.73833333333,56.661,918.986666666666,68.7866666666666,240.64,17.185,45.2483333333333,4.05166666666666,1001.73833333333
2016,311,13,59.5573333333333,902.143333333333,67.775,218.876666666667,18.065,40.27,4.36,1000.975,59.5573333333333,902.143333333333,67.775,218.876666666667,18.065,40.27,4.36,1000.975
2016,311,14,65.3485,851.353333333333,61.715,172.371666666667,18.5533333333333,39.2583333333333,4.235,1000.28166666667,65.3485,851.353333333333,61.715,172.371666666667,18.5533333333333,39.2583333333333,4.235,1000.28166666667
2016,311,15,73.3243333333333,690.133333333333,50.2883333333333,103.513333333333,18.5683333333333,38.99,4.695,1000.16166666667,73.3243333333333,690.133333333333,50.2883333333333,103.513333333333,18.5683333333333,38.99,4.695,1000.16166666667
2016,311,16,82.7591666666667,437.301666666667,31.1166666666667,36.0666666666666,17.71,44.7133333333333,4.04166666666667,1000.04666666667,82.7591666666667,437.301666666667,31.1166666666667,36.0666666666666,17.71,44.7133333333333,4.04166666666667,1000.04666666667
2016,311,17,93.2976666666667,27.3400000000001,2.89333333333333,1.76333333333333,16.2933333333333,50.6,3.37166666666667,1000.085,93.2976666666667,27.3400000000001,2.89333333333333,1.76333333333333,16.2933333333333,50.6,3.37166666666667,1000.085
2016,311,18,104.543333333333,0.331666666666667,-0.4,0,15.18,54.9516666666667,3.43833333333333,1000.28333333333,104.543333333333,0.331666666666667,-0.4,0,15.18,54.9516666666667,3.43833333333333,1000.28333333333
2016,311,19,115.9695,0.201666666666667,-0.366666666666666,0,13.655,60.3716666666667,3.03833333333333,1000.31666666667,115.9695,0.201666666666667,-0.366666666666666,0,13.655,60.3716666666667,3.03833333333333,1000.31666666667
2016,311,20,127.382,-0.188333333333333,-0.371666666666666,0,12.7566666666667,63.23,2.19333333333333,1000.475,127.382,-0.188333333333333,-0.371666666666666,0,12.7566666666667,63.23,2.19333333333333,1000.475
2016,311,21,138.349,0.283333333333333,-0.383333333333333,0,11.7616666666667,66.9916666666667,3.14833333333333,1000.61166666667,138.349,0.283333333333333,-0.383333333333333,0,11.7616666666667,66.9916666666667,3.14833333333333,1000.61166666667
2016,311,22,148.045666666667,0.265,-0.4,0,10.42,72.2083333333333,2.67,1000.41166666667,148.045666666667,0.265,-0.4,0,10.42,72.2083333333333,2.67,1000.41166666667
2016,311,23,154.687166666667,0.216666666666667,-0.391666666666666,0,10.3416666666667,71.5366666666666,3.02,1000.39,154.687166666667,0.216666666666667,-0.391666666666666,0,10.3416666666667,71.5366666666666,3.02,1000.39
2016,312,0,155.609833333333,-0.07,-0.375,0,9.935,72.34,3.28166666666667,1000.38333333333,155.609833333333,-0.07,-0.375,0,9.935,72.34,3.28166666666667,1000.38333333333
2016,312,1,150.292166666667,-0.06,-0.325,0,10.3066666666667,69.245,3.81833333333334,1000.28666666667,150.292166666667,-0.06,-0.325,0,10.3066666666667,69.245,3.81833333333334,1000.28666666667
2016,312,2,141.207166666667,0.133333333333333,-0.4,0,9.02999999999999,74.655,3.51166666666667,1000.43666666667,141.207166666667,0.133333333333333,-0.4,0,9.02999999999999,74.655,3.51166666666667,1000.43666666667
2016,312,3,130.488,0.353333333333333,-0.4,0,8.42666666666667,77.2883333333333,3.88,1000.29166666667,130.488,0.353333333333333,-0.4,0,8.42666666666667,77.2883333333333,3.88,1000.29166666667
2016,312,4,119.1575,0.113333333333333,-0.4,0,7.88,79.4333333333333,4.13666666666667,1000.38166666667,119.1575,0.113333333333333,-0.4,0,7.88,79.4333333333333,4.13666666666667,1000.38166666667
2016,312,5,107.7175,0.396666666666666,-0.4,0,7.34833333333333,81.5716666666666,3.13,1000.63666666667,107.7175,0.396666666666666,-0.4,0,7.34833333333333,81.5716666666666,3.13,1000.63666666667
2016,312,6,96.4985,0.06,0.361666666666667,0.29,7.30166666666667,82.0266666666667,2.23666666666667,1000.70666666667,96.4985,0.06,0.361666666666667,0.29,7.30166666666667,82.0266666666667,2.23666666666667,1000.70666666667
2016,312,7,85.5731666666667,339.361666666667,21.9533333333333,24.015,6.965,83.74,3.465,1001.21833333333,85.5731666666667,339.361666666667,21.9533333333333,24.015,6.965,83.74,3.465,1001.21833333333
2016,312,8,75.9358333333333,688.088333333333,49.4766666666667,87.385,9.26333333333334,80.3133333333333,3.225,1001.37833333334,75.9358333333333,688.088333333333,49.4766666666667,87.385,9.26333333333334,80.3133333333333,3.225,1001.37833333334
2016,312,9,67.5291666666667,814.298333333333,65.6116666666667,153.615,12.5483333333333,68.5283333333334,3.41,1001.26333333333,67.5291666666667,814.298333333333,65.6116666666667,153.615,12.5483333333333,68.5283333333334,3.41,1001.26333333333
2016,312,10,61.1108333333333,866.171666666667,77.7416666666666,204.27,15.36,55.4116666666667,2.84666666666667,1001.09333333333,61.1108333333333,866.171666666667,77.7416666666666,204.27,15.36,55.4116666666667,2.84666666666667,1001.09333333333
2016,312,11,57.4028333333333,878.343333333334,88.2983333333333,232.38,17.465,47.165,2.805,1000.63166666667,57.4028333333333,878.343333333334,88.2983333333333,232.38,17.465,47.165,2.805,1000.63166666667
2016,312,12,56.9501666666667,767.035,121.253333333333,225.313333333333,18.9683333333333,41.6733333333333,3.16166666666667,1000.13666666667,56.9501666666667,767.035,121.253333333333,225.313333333333,18.9683333333333,41.6733333333333,3.16166666666667,1000.13666666667
2016,312,13,59.8301666666667,613.38,165.363333333333,197.87,19.5316666666667,41.3883333333333,3.12166666666667,999.456666666667,59.8301666666667,613.38,165.363333333333,197.87,19.5316666666667,41.3883333333333,3.12166666666667,999.456666666667
2016,312,14,65.5963333333333,51.8033333333333,173.605,83.2666666666667,19.2116666666667,43.4383333333333,3.035,999.006666666667,65.5963333333333,51.8033333333333,173.605,83.2666666666667,19.2116666666667,43.4383333333333,3.035,999.006666666667
2016,312,15,73.5446666666667,113.488333333333,171.338333333333,82.8516666666667,19.0883333333333,43.8866666666667,3.65666666666667,998.973333333334,73.5446666666667,113.488333333333,171.338333333333,82.8516666666667,19.0883333333333,43.8866666666667,3.65666666666667,998.973333333334
2016,312,16,82.9516666666667,51.98,61.99,27.7551724137931,18.6533333333333,45.7616666666667,2.58666666666667,998.840000000001,82.9516666666667,51.98,61.99,27.7551724137931,18.6533333333333,45.7616666666667,2.58666666666667,998.840000000001
2016,312,17,93.482,0.4,1.39833333333333,0.858333333333333,17.665,49.5266666666666,3.105,998.856666666667,93.482,0.4,1.39833333333333,0.858333333333333,17.665,49.5266666666666,3.105,998.856666666667
2016,312,18,104.712,0.4,-0.4,0,16.155,55.9666666666667,3.27833333333333,999.240000000001,104.712,0.4,-0.4,0,16.155,55.9666666666667,3.27833333333333,999.240000000001
2016,312,19,116.132833333333,0.0383333333333333,-0.4,0,15.0483333333333,60.3433333333333,3.42166666666667,999.356666666667,116.132833333333,0.0383333333333333,-0.4,0,15.0483333333333,60.3433333333333,3.42166666666667,999.356666666667
2016,312,20,127.550166666667,0.388333333333333,-0.4,0,14.3416666666667,61.4683333333333,2.705,999.345000000001,127.550166666667,0.388333333333333,-0.4,0,14.3416666666667,61.4683333333333,2.705,999.345000000001
2016,312,21,138.5355,0.381666666666666,-0.4,0,13.4183333333333,65.2566666666667,2.26833333333333,999.245,138.5355,0.381666666666666,-0.4,0,13.4183333333333,65.2566666666667,2.26833333333333,999.245
2016,312,22,148.267166666667,-0.045,-0.3,0,12.895,67.4516666666667,2.40833333333333,999.003333333334,148.267166666667,-0.045,-0.3,0,12.895,67.4516666666667,2.40833333333333,999.003333333334
2016,312,23,154.957833333333,0.245,-0.313333333333333,0,12.0133333333333,72.805,2.06333333333333,998.734999999999,154.957833333333,0.245,-0.313333333333333,0,12.0133333333333,72.805,2.06333333333333,998.734999999999
2016,313,0,155.895833333333,-0.0683333333333334,-0.358333333333334,0,12.165,73.6533333333334,2.93,998.378333333333,155.895833333333,-0.0683333333333334,-0.358333333333334,0,12.165,73.6533333333334,2.93,998.378333333333
2016,313,1,150.544666666667,0.166666666666667,-0.255,0,12.3533333333333,72.275,1.50166666666667,998.093333333332,150.544666666667,0.166666666666667,-0.255,0,12.3533333333333,72.275,1.50166666666667,998.093333333332
2016,313,2,141.423666666667,0.316666666666667,-0.33,0,12.4983333333333,71.575,2.22166666666667,998.128333333333,141.423666666667,0.316666666666667,-0.33,0,12.4983333333333,71.575,2.22166666666667,998.128333333333
2016,313,3,130.684166666667,0.4,-0.276666666666667,0,11.91,77.4266666666667,1.92166666666667,997.926666666668,130.684166666667,0.4,-0.276666666666667,0,11.91,77.4266666666667,1.92166666666667,997.926666666668
2016,313,4,119.345666666667,0.285,-0.266666666666667,0,12.085,78.0833333333333,2.845,997.800000000001,119.345666666667,0.285,-0.266666666666667,0,12.085,78.0833333333333,2.845,997.800000000001
2016,313,5,107.9075,-0.185,-0.0333333333333333,0,12.4016666666667,77.7533333333333,3.33833333333333,997.806666666667,107.9075,-0.185,-0.0333333333333333,0,12.4016666666667,77.7533333333333,3.33833333333333,997.806666666667
2016,313,6,96.6986666666667,0.111666666666667,-0.101666666666667,0.05,12.6216666666667,78.505,3.87166666666667,997.86,96.6986666666667,0.111666666666667,-0.101666666666667,0.05,12.6216666666667,78.505,3.87166666666667,997.86
2016,313,7,85.7866666666667,0.355,4.97666666666667,2.515,12.5566666666667,80.895,3.52666666666667,997.776666666668,85.7866666666667,0.355,4.97666666666667,2.515,12.5566666666667,80.895,3.52666666666667,997.776666666668
2016,313,8,76.1675,-0.263333333333333,18.6183333333333,9.53666666666666,12.385,85.07,3.27,998.189999999999,76.1675,-0.263333333333333,18.6183333333333,9.53666666666666,12.385,85.07,3.27,998.189999999999
2016,313,9,67.7825,-0.116666666666667,45.5033333333333,23.085,12.3533333333333,91.6683333333333,3.335,998.319999999999,67.7825,-0.116666666666667,45.5033333333333,23.085,12.3533333333333,91.6683333333333,3.335,998.319999999999
2016,313,10,61.3851666666667,0.0766666666666666,43.9483333333333,22.8333333333333,12.6383333333334,93.6616666666667,3.23,998.323333333334,61.3851666666667,0.0766666666666666,43.9483333333333,22.8333333333333,12.6383333333334,93.6616666666667,3.23,998.323333333334
2016,313,11,57.6896666666667,0.19,41.0666666666667,22.0233333333333,12.8816666666667,94.6183333333334,3.97833333333333,997.98,57.6896666666667,0.19,41.0666666666667,22.0233333333333,12.8816666666667,94.6183333333334,3.97833333333333,997.98
2016,313,12,57.2358333333333,0.233333333333333,30.8566666666667,16.7866666666667,12.9883333333333,94.5933333333333,4.64833333333333,997.453333333333,57.2358333333333,0.233333333333333,30.8566666666667,16.7866666666667,12.9883333333333,94.5933333333333,4.64833333333333,997.453333333333
2016,313,13,60.0978333333333,0.183333333333333,65.69,32.7,13.0683333333334,94.9966666666667,4.85,996.508333333333,60.0978333333333,0.183333333333333,65.69,32.7,13.0683333333334,94.9966666666667,4.85,996.508333333333
2016,313,14,65.8385,0.176666666666667,79.2833333333334,36.61,13.5133333333333,94.2083333333334,5.19666666666667,996.355000000001,65.8385,0.176666666666667,79.2833333333334,36.61,13.5133333333333,94.2083333333334,5.19666666666667,996.355000000001
2016,313,15,73.7598333333333,3.88166666666667,104.596666666667,45.88,13.9733333333333,89.74,4.48,996.208333333333,73.7598333333333,3.88166666666667,104.596666666667,45.88,13.9733333333333,89.74,4.48,996.208333333333
2016,313,16,83.1393333333333,116.728333333333,52.7916666666667,27.3084745762712,13.7966666666667,89.0516666666667,3.92666666666667,996.323333333334,83.1393333333333,116.728333333333,52.7916666666667,27.3084745762712,13.7966666666667,89.0516666666667,3.92666666666667,996.323333333334
2016,313,17,93.6616666666667,1.18333333333333,2.59833333333333,1.28333333333333,12.75,92.6433333333334,3.36166666666667,996.813333333333,93.6616666666667,1.18333333333333,2.59833333333333,1.28333333333333,12.75,92.6433333333334,3.36166666666667,996.813333333333
2016,313,18,104.874333333333,0.181666666666667,-0.333333333333333,0,12.2333333333333,90.2233333333333,4.11833333333333,997.525,104.874333333333,0.181666666666667,-0.333333333333333,0,12.2333333333333,90.2233333333333,4.11833333333333,997.525
2016,313,19,116.290666666667,0.0666666666666667,-0.398333333333333,0,11.1116666666667,80.5966666666667,6.405,998.375,116.290666666667,0.0666666666666667,-0.398333333333333,0,11.1116666666667,80.5966666666667,6.405,998.375
2016,313,20,127.712333333333,0.398333333333333,-0.4,0,9.25666666666667,88.145,4.55,999.454999999999,127.712333333333,0.398333333333333,-0.4,0,9.25666666666667,88.145,4.55,999.454999999999
2016,313,21,138.716,0.4,-0.4,0,8.20666666666667,87.6783333333334,2.89333333333333,999.743333333332,138.716,0.4,-0.4,0,8.20666666666667,87.6783333333334,2.89333333333333,999.743333333332
2016,313,22,148.484166666667,0.368333333333333,-0.391666666666666,0,7.55833333333334,88.55,2.15166666666667,999.599999999999,148.484166666667,0.368333333333333,-0.391666666666666,0,7.55833333333334,88.55,2.15166666666667,999.599999999999
2016,313,23,155.2235,0.28,-0.398333333333333,0,7.04166666666666,89.54,2.88833333333333,999.463333333334,155.2235,0.28,-0.398333333333333,0,7.04166666666666,89.54,2.88833333333333,999.463333333334
2016,314,0,156.178,0.353333333333333,-0.321666666666667,0,6.23,91.9583333333333,3.93666666666666,999.791666666667,156.178,0.353333333333333,-0.321666666666667,0,6.23,91.9583333333333,3.93666666666666,999.791666666667
2016,314,1,150.7945,0.373333333333333,-0.4,0,5.925,89.3533333333333,4.23333333333333,1000.00666666667,150.7945,0.373333333333333,-0.4,0,5.925,89.3533333333333,4.23333333333333,1000.00666666667
2016,314,2,141.638,0.4,-0.4,0,5.70166666666667,88.6933333333333,3.34,1000.175,141.638,0.4,-0.4,0,5.70166666666667,88.6933333333333,3.34,1000.175
2016,314,3,130.878666666667,0.4,-0.4,0,5.06,89.6833333333334,3.89166666666667,1000.23,130.878666666667,0.4,-0.4,0,5.06,89.6833333333334,3.89166666666667,1000.23
2016,314,4,119.533666666667,0.4,-0.4,0,4.58666666666667,90.3683333333333,3.865,1000.11833333333,119.533666666667,0.4,-0.4,0,4.58666666666667,90.3683333333333,3.865,1000.11833333333
2016,314,5,108.096833333333,0.4,-0.4,0,4.48833333333333,89.765,4.475,1000.47666666667,108.096833333333,0.4,-0.4,0,4.48833333333333,89.765,4.475,1000.47666666667
2016,314,6,96.8963333333333,0.4,0.101666666666667,0.191666666666667,4.24333333333333,89.56,4.085,1000.86833333333,96.8963333333333,0.4,0.101666666666667,0.191666666666667,4.24333333333333,89.56,4.085,1000.86833333333
2016,314,7,85.9983333333333,340.348333333333,19.37,24.7533333333333,4.015,90.7166666666667,3.62333333333333,1001.535,85.9983333333333,340.348333333333,19.37,24.7533333333333,4.015,90.7166666666667,3.62333333333333,1001.535
2016,314,8,76.397,727.923333333333,42.89,91.6883333333333,5.40333333333333,87.7,4.26666666666667,1002.01,76.397,727.923333333333,42.89,91.6883333333333,5.40333333333333,87.7,4.26666666666667,1002.01
2016,314,9,68.0353333333333,806.143333333333,63.7783333333333,148.5,7.255,82.41,4.97333333333333,1002.055,68.0353333333333,806.143333333333,63.7783333333333,148.5,7.255,82.41,4.97333333333333,1002.055
2016,314,10,61.6571666666667,750.288333333333,115.536666666667,194.523333333333,9.08833333333334,76.8733333333333,4.92,1002.17,61.6571666666667,750.288333333333,115.536666666667,194.523333333333,9.08833333333334,76.8733333333333,4.92,1002.17
2016,314,11,57.9723333333333,579.276666666667,192.2,208.83,10.2016666666667,71.1416666666667,5.37,1001.87833333333,57.9723333333333,579.276666666667,192.2,208.83,10.2016666666667,71.1416666666667,5.37,1001.87833333333
2016,314,12,57.515,610.866666666667,188.288333333333,214.75,10.9533333333333,68.6116666666667,4.37,1001.14166666667,57.515,610.866666666667,188.288333333333,214.75,10.9533333333333,68.6116666666667,4.37,1001.14166666667
2016,314,13,60.3601666666667,521.89,159.988333333333,169.862068965517,11.5566666666667,66.6516666666667,4.42166666666667,1000.76166666667,60.3601666666667,521.89,159.988333333333,169.862068965517,11.5566666666667,66.6516666666667,4.42166666666667,1000.76166666667
2016,314,14,66.0748333333333,862.208333333333,65.8283333333333,166.842857142857,12.135,63.055,3.78,1000.19166666667,66.0748333333333,862.208333333333,65.8283333333333,166.842857142857,12.135,63.055,3.78,1000.19166666667
2016,314,15,73.9693333333333,760.318333333333,48.325,103.466666666667,12.4,60.0166666666667,3.46333333333333,999.966666666667,73.9693333333333,760.318333333333,48.325,103.466666666667,12.4,60.0166666666667,3.46333333333333,999.966666666667
2016,314,16,83.3221666666667,496.833333333333,28.5016666666667,35.86,12.1366666666667,61.8316666666667,3.13833333333333,999.833333333334,83.3221666666667,496.833333333333,28.5016666666667,35.86,12.1366666666667,61.8316666666667,3.13833333333333,999.833333333334
2016,314,17,93.8355,23.3350000000001,2.26,1.35166666666667,10.9133333333333,66.3683333333334,3.02333333333333,999.886666666667,93.8355,23.3350000000001,2.26,1.35166666666667,10.9133333333333,66.3683333333334,3.02333333333333,999.886666666667
2016,314,18,105.0305,0.281666666666667,-0.4,0,9.88,66.5433333333334,3.165,1000.365,105.0305,0.281666666666667,-0.4,0,9.88,66.5433333333334,3.165,1000.365
2016,314,19,116.442333333333,-0.276666666666667,-0.4,0,8.655,68.1183333333334,2.16,1000.39666666667,116.442333333333,-0.276666666666667,-0.4,0,8.655,68.1183333333334,2.16,1000.39666666667
2016,314,20,127.8685,0.4,-0.4,0,7.425,72.235,1.73166666666667,1000.56333333333,127.8685,0.4,-0.4,0,7.425,72.235,1.73166666666667,1000.56333333333
2016,314,21,138.888833333333,0.4,-0.4,0,6.675,73.8766666666667,0.765,1000.72666666667,138.888833333333,0.4,-0.4,0,6.675,73.8766666666667,0.765,1000.72666666667
2016,314,22,148.694,0.4,-0.4,-0.01,5.94333333333333,77.9833333333333,1.84,1000.12833333333,148.694,0.4,-0.4,-0.01,5.94333333333333,77.9833333333333,1.84,1000.12833333333
2016,314,23,155.482166666667,0.4,-0.393333333333333,0,5.39833333333334,77.265,2.95833333333333,999.546666666666,155.482166666667,0.4,-0.393333333333333,0,5.39833333333334,77.265,2.95833333333333,999.546666666666
2016,315,0,156.455833333333,0.4,-0.4,0,4.66333333333333,77.1583333333333,2.73166666666667,999.716666666668,156.455833333333,0.4,-0.4,0,4.66333333333333,77.1583333333333,2.73166666666667,999.716666666668
2016,315,1,151.041666666667,0.4,-0.4,-0.00166666666666667,4.02,81.07,1.53166666666667,999.791666666667,151.041666666667,0.4,-0.4,-0.00166666666666667,4.02,81.07,1.53166666666667,999.791666666667
2016,315,2,141.851166666667,0.4,-0.4,0,3.24333333333334,84.6116666666667,1.65666666666667,999.931666666668,141.851166666667,0.4,-0.4,0,3.24333333333334,84.6116666666667,1.65666666666667,999.931666666668
2016,315,3,131.072666666667,0.4,-0.4,0,3.31166666666667,84.9766666666666,2.87666666666667,999.541666666667,131.072666666667,0.4,-0.4,0,3.31166666666667,84.9766666666666,2.87666666666667,999.541666666667
2016,315,4,119.7205,0.4,-0.4,0,2.645,86.69,2.64333333333333,999.229999999999,119.7205,0.4,-0.4,0,2.645,86.69,2.64333333333333,999.229999999999
2016,315,5,108.286333333333,0.4,-0.4,0,2.695,86.125,2.37333333333333,999.064999999999,108.286333333333,0.4,-0.4,0,2.695,86.125,2.37333333333333,999.064999999999
2016,315,6,97.0936666666667,0.4,0.0949999999999999,0.19,2.435,87.3733333333333,3.26,998.778333333332,97.0936666666667,0.4,0.0949999999999999,0.19,2.435,87.3733333333333,3.26,998.778333333332
2016,315,7,86.2091666666667,361.966666666667,18.4633333333333,24.6433333333333,2.41333333333333,87.4133333333333,4.10166666666667,998.516666666667,86.2091666666667,361.966666666667,18.4633333333333,24.6433333333333,2.41333333333333,87.4133333333333,4.10166666666667,998.516666666667
2016,315,8,76.6258333333333,749.391666666667,40.4733333333333,90.8614035087719,4.24833333333333,85.43,4.12166666666667,998.579999999999,76.6258333333333,749.391666666667,40.4733333333333,90.8614035087719,4.24833333333333,85.43,4.12166666666667,998.579999999999
2016,315,9,68.2843333333333,876.215,51.8816666666667,151.915,7.91166666666667,77.555,5.33666666666667,998.416666666667,68.2843333333333,876.215,51.8816666666667,151.915,7.91166666666667,77.555,5.33666666666667,998.416666666667
2016,315,10,61.9251666666667,933.2,57.7283333333333,203.011666666667,10.8283333333333,66.375,7.12166666666667,997.831666666666,61.9251666666667,933.2,57.7283333333333,203.011666666667,10.8283333333333,66.375,7.12166666666667,997.831666666666
2016,315,11,58.2501666666667,958.706666666667,61.345,231.77,12.4483333333333,59.1833333333333,8.43,996.731666666667,58.2501666666667,958.706666666667,61.345,231.77,12.4483333333333,59.1833333333333,8.43,996.731666666667
2016,315,12,57.79,947.43,65.1966666666667,234.465,13.68,55.9316666666667,7.725,995.415,57.79,947.43,65.1966666666667,234.465,13.68,55.9316666666667,7.725,995.415
2016,315,13,60.6173333333333,930.688333333333,62.58,212.36,14.28,53.8866666666667,8.62166666666667,994.133333333333,60.6173333333333,930.688333333333,62.58,212.36,14.28,53.8866666666667,8.62166666666667,994.133333333333
2016,315,14,66.3066666666667,888.253333333334,56.7016666666667,166.991666666667,14.6833333333333,54.5583333333333,9.01166666666666,993.235,66.3066666666667,888.253333333334,56.7016666666667,166.991666666667,14.6833333333333,54.5583333333333,9.01166666666666,993.235
2016,315,15,74.1723333333333,785.918333333333,45.7366666666667,103.425,14.9133333333333,53.885,8.325,992.671666666666,74.1723333333333,785.918333333333,45.7366666666667,103.425,14.9133333333333,53.885,8.325,992.671666666666
2016,315,16,83.4976666666667,507.351666666667,26.655,35.0933333333333,14.1183333333333,59.3083333333333,6.71166666666667,992.263333333333,83.4976666666667,507.351666666667,26.655,35.0933333333333,14.1183333333333,59.3083333333333,6.71166666666667,992.263333333333
2016,315,17,93.992,22.3933333333334,1.96,1.255,11.9333333333333,66.335,5.74,992.223333333333,93.992,22.3933333333334,1.96,1.255,11.9333333333333,66.335,5.74,992.223333333333
2016,315,18,105.181833333333,0.17,-0.4,0,10.09,72.3916666666667,4.735,992.721666666667,105.181833333333,0.17,-0.4,0,10.09,72.3916666666667,4.735,992.721666666667
2016,315,19,116.587666666667,-0.216666666666667,-0.4,0,9.21833333333334,75.2866666666667,6.015,992.625,116.587666666667,-0.216666666666667,-0.4,0,9.21833333333334,75.2866666666667,6.015,992.625
2016,315,20,128.017666666667,-0.103333333333333,-0.4,0,8.38333333333333,78.8733333333333,5.515,992.606666666666,128.017666666667,-0.103333333333333,-0.4,0,8.38333333333333,78.8733333333333,5.515,992.606666666666
2016,315,21,139.0555,-0.305,-0.4,0,7.80666666666667,79.9033333333333,5.28333333333333,992.456666666668,139.0555,-0.305,-0.4,0,7.80666666666667,79.9033333333333,5.28333333333333,992.456666666668
2016,315,22,148.896166666667,0.02,-0.305,0,8.115,77.7166666666667,4.71166666666667,992.053333333333,148.896166666667,0.02,-0.305,0,8.115,77.7166666666667,4.71166666666667,992.053333333333
2016,315,23,155.735333333333,-0.671666666666666,-0.285,0,10.7,66.4633333333333,6.32,991.656666666665,155.735333333333,-0.671666666666666,-0.285,0,10.7,66.4633333333333,6.32,991.656666666665
2016,316,0,156.729333333333,-0.065,-0.4,0,9.885,70.4683333333333,5.67666666666667,991.825000000001,156.729333333333,-0.065,-0.4,0,9.885,70.4683333333333,5.67666666666667,991.825000000001
2016,316,1,151.284666666667,0.116666666666667,-0.4,0,8.52833333333333,77.0733333333333,5.01666666666667,991.835,151.284666666667,0.116666666666667,-0.4,0,8.52833333333333,77.0733333333333,5.01666666666667,991.835
2016,316,2,142.062333333333,0.193333333333333,-0.4,0,7.54,81.395,3.71666666666667,992.231666666667,142.062333333333,0.193333333333333,-0.4,0,7.54,81.395,3.71666666666667,992.231666666667
2016,316,3,131.264666666667,0.4,-0.4,0,6.72,83.7933333333333,3.135,992.868333333334,131.264666666667,0.4,-0.4,0,6.72,83.7933333333333,3.135,992.868333333334
2016,316,4,119.906,0.165,-0.326666666666667,0,6.85833333333334,82.9566666666667,3.705,993.571666666667,119.906,0.165,-0.326666666666667,0,6.85833333333334,82.9566666666667,3.705,993.571666666667
2016,316,5,108.4755,0.4,-0.398333333333333,0,7.08666666666667,81.185,4.08333333333333,994.525,108.4755,0.4,-0.398333333333333,0,7.08666666666667,81.185,4.08333333333333,994.525
2016,316,6,97.2905,0.4,0.185,0.156666666666667,6.515,81.8033333333333,4.10333333333333,995.386666666666,97.2905,0.4,0.185,0.156666666666667,6.515,81.8033333333333,4.10333333333333,995.386666666666
2016,316,7,86.42,250.446666666667,30.8133333333333,19.6866666666667,6.23666666666666,81.0816666666666,4.18,996.053333333333,86.42,250.446666666667,30.8133333333333,19.6866666666667,6.23666666666666,81.0816666666666,4.18,996.053333333333
2016,316,8,76.8531666666667,152.076666666667,109.378333333333,62.69,7.79166666666667,78.3616666666667,4.715,996.841666666667,76.8531666666667,152.076666666667,109.378333333333,62.69,7.79166666666667,78.3616666666667,4.715,996.841666666667
2016,316,9,68.5318333333333,681.181666666667,203.228333333333,183.078333333333,10.23,67.3283333333333,7.89333333333333,997.233333333333,68.5318333333333,681.181666666667,203.228333333333,183.078333333333,10.23,67.3283333333333,7.89333333333333,997.233333333333
2016,316,10,62.1901666666667,460.466666666667,304.095,215.785,11.0916666666667,67.2833333333333,7.90333333333333,997.991666666666,62.1901666666667,460.466666666667,304.095,215.785,11.0916666666667,67.2833333333333,7.90333333333333,997.991666666666
2016,316,11,58.5248333333333,288.006666666667,299.163333333333,191.361666666667,11.925,67.9166666666667,8.34,998.488333333333,58.5248333333333,288.006666666667,299.163333333333,191.361666666667,11.925,67.9166666666667,8.34,998.488333333333
2016,316,12,58.0588333333333,220.178333333333,281.423333333333,171.373333333333,12.8633333333333,61.4083333333333,8.08,998.523333333333,58.0588333333333,220.178333333333,281.423333333333,171.373333333333,12.8633333333333,61.4083333333333,8.08,998.523333333333
2016,316,13,60.8688333333333,65.5716666666667,193.735,96.65,12.62,57.2166666666667,8.33666666666667,998.676666666666,60.8688333333333,65.5716666666667,193.735,96.65,12.62,57.2166666666667,8.33666666666667,998.676666666666
2016,316,14,66.5311666666667,306.06,149.578333333333,112.433333333333,12.4616666666667,53.5933333333333,8.88333333333333,999.005,66.5311666666667,306.06,149.578333333333,112.433333333333,12.4616666666667,53.5933333333333,8.88333333333333,999.005
2016,316,15,74.3711666666667,185.551666666667,136.948333333333,79.86,11.335,57.37,10.0533333333333,999.756666666667,74.3711666666667,185.551666666667,136.948333333333,79.86,11.335,57.37,10.0533333333333,999.756666666667
2016,316,16,83.6683333333333,15.33,43.27,19.2966666666667,9.75666666666667,59.3783333333333,7.84666666666667,1000.47833333333,83.6683333333333,15.33,43.27,19.2966666666667,9.75666666666667,59.3783333333333,7.84666666666667,1000.47833333333
2016,316,17,94.156,0.291666666666667,1.02833333333333,0.793333333333333,8.09333333333333,65.375,7.22166666666667,1000.99666666667,94.156,0.291666666666667,1.02833333333333,0.793333333333333,8.09333333333333,65.375,7.22166666666667,1000.99666666667
2016,316,18,105.325666666667,-0.0116666666666667,-0.4,0,6.98833333333334,69.35,6.43166666666667,1001.95666666667,105.325666666667,-0.0116666666666667,-0.4,0,6.98833333333334,69.35,6.43166666666667,1001.95666666667
2016,316,19,116.727166666667,-0.0633333333333333,-0.4,0,6.24833333333333,71.0966666666667,6.37166666666667,1002.99666666667,116.727166666667,-0.0633333333333333,-0.4,0,6.24833333333333,71.0966666666667,6.37166666666667,1002.99666666667
2016,316,20,128.16,0.4,-0.4,0,5.31666666666667,74.7933333333333,5.47333333333333,1003.42,128.16,0.4,-0.4,0,5.31666666666667,74.7933333333333,5.47333333333333,1003.42
2016,316,21,139.214666666667,0.4,-0.4,0,3.97833333333333,81.8466666666667,4.455,1003.67666666667,139.214666666667,0.4,-0.4,0,3.97833333333333,81.8466666666667,4.455,1003.67666666667
2016,316,22,149.0915,0.4,-0.4,0,3.01666666666667,86.1883333333334,4.31833333333333,1004.04833333333,149.0915,0.4,-0.4,0,3.01666666666667,86.1883333333334,4.31833333333333,1004.04833333333
2016,316,23,155.981666666667,0.4,-0.4,0,2.49333333333333,85.955,4.33,1004.155,155.981666666667,0.4,-0.4,0,2.49333333333333,85.955,4.33,1004.155
2016,317,0,156.998833333333,0.4,-0.4,0,1.50666666666667,90.3616666666666,3.11833333333333,1004.11833333333,156.998833333333,0.4,-0.4,0,1.50666666666667,90.3616666666666,3.11833333333333,1004.11833333333
2016,317,1,151.5275,0.4,-0.4,0,0.723333333333334,87.7983333333333,3.25,1004.235,151.5275,0.4,-0.4,0,0.723333333333334,87.7983333333333,3.25,1004.235
2016,317,2,142.271666666667,0.4,-0.4,0,0.353333333333334,91.0583333333334,3.43166666666667,1004.93166666667,142.271666666667,0.4,-0.4,0,0.353333333333334,91.0583333333334,3.43166666666667,1004.93166666667
2016,317,3,131.456166666667,0.4,-0.4,0,0.178333333333333,92.8216666666667,3.33666666666667,1005.00166666667,131.456166666667,0.4,-0.4,0,0.178333333333333,92.8216666666667,3.33666666666667,1005.00166666667
2016,317,4,120.092166666667,0.4,-0.4,0,-0.195,93.5766666666667,3.11166666666667,1005.1,120.092166666667,0.4,-0.4,0,-0.195,93.5766666666667,3.11166666666667,1005.1
2016,317,5,108.6625,0.4,-0.4,0,-0.31,92.8733333333334,2.84833333333333,1005.22166666667,108.6625,0.4,-0.4,0,-0.31,92.8733333333334,2.84833333333333,1005.22166666667
2016,317,6,97.4868333333333,0.4,-0.0433333333333335,0.115,-0.37,92.525,3.13666666666666,1005.74,97.4868333333333,0.4,-0.0433333333333335,0.115,-0.37,92.525,3.13666666666666,1005.74
2016,317,7,86.6296666666667,313.895,19.08,20.475,0.435,90.3033333333333,1.98333333333333,1006.04833333333,86.6296666666667,313.895,19.08,20.475,0.435,90.3033333333333,1.98333333333333,1006.04833333333
2016,317,8,77.0786666666667,718.746666666667,44.6283333333333,86.85625,1.99666666666667,84.6933333333334,1.66666666666667,1006.645,77.0786666666667,718.746666666667,44.6283333333333,86.85625,1.99666666666667,84.6933333333334,1.66666666666667,1006.645
2016,317,9,68.7766666666667,861.16,57.4416666666667,146.386666666667,4.8,73.3166666666667,2.47666666666667,1006.655,68.7766666666667,861.16,57.4416666666667,146.386666666667,4.8,73.3166666666667,2.47666666666667,1006.655
2016,317,10,62.4516666666667,924.198333333333,64.6583333333333,197.455,6.42666666666667,63.725,2.81666666666667,1006.64,62.4516666666667,924.198333333333,64.6583333333333,197.455,6.42666666666667,63.725,2.81666666666667,1006.64
2016,317,11,58.7945,950.723333333333,68.0599999999999,226.21,7.64,52.3033333333333,2.355,1005.84166666667,58.7945,950.723333333333,68.0599999999999,226.21,7.64,52.3033333333333,2.355,1005.84166666667
2016,317,12,58.3241666666667,955.356666666667,68.4,230.229824561403,8.75,47.8283333333333,1.54833333333333,1004.635,58.3241666666667,955.356666666667,68.4,230.229824561403,8.75,47.8283333333333,1.54833333333333,1004.635
2016,317,13,61.1143333333333,935.17,65.78,208.073333333333,10.075,41.5066666666667,0.91864406779661,1003.53666666667,61.1143333333333,935.17,65.78,208.073333333333,10.075,41.5066666666667,0.91864406779661,1003.53666666667
2016,317,14,66.7505,883.048333333334,60.475,162.598333333333,10.5883333333333,40.0366666666667,1.18666666666667,1002.56,66.7505,883.048333333334,60.475,162.598333333333,10.5883333333333,40.0366666666667,1.18666666666667,1002.56
2016,317,15,74.5623333333333,768.328333333333,49.935,98.8883333333333,11.19,34.8716666666667,1.01071428571429,1001.81333333333,74.5623333333333,768.328333333333,49.935,98.8883333333333,11.19,34.8716666666667,1.01071428571429,1001.81333333333
2016,317,16,83.8321666666667,472.345,28.395,32.8827586206897,10.825,34.6916666666667,0.827450980392157,1001.41833333333,83.8321666666667,472.345,28.395,32.8827586206897,10.825,34.6916666666667,0.827450980392157,1001.41833333333
2016,317,17,94.314,15.4266666666666,1.78333333333333,1.06833333333333,9.09833333333334,42.02,0.623333333333333,1001.38833333333,94.314,15.4266666666666,1.78333333333333,1.06833333333333,9.09833333333334,42.02,0.623333333333333,1001.38833333333
2016,317,18,105.463333333333,0.398333333333333,-0.4,0,8.38666666666666,46.7483333333333,0.656666666666667,1001.66666666667,105.463333333333,0.398333333333333,-0.4,0,8.38666666666666,46.7483333333333,0.656666666666667,1001.66666666667
2016,317,19,116.8605,0.336666666666667,-0.4,0,6.67,54.755,0.723529411764706,1001.69833333333,116.8605,0.336666666666667,-0.4,0,6.67,54.755,0.723529411764706,1001.69833333333
2016,317,20,128.298333333333,0.201666666666667,-0.35,0.239285714285714,6.34333333333333,54.8166666666667,2.02166666666667,1001.40166666667,128.298333333333,0.201666666666667,-0.35,0.239285714285714,6.34333333333333,54.8166666666667,2.02166666666667,1001.40166666667
2016,317,21,139.367166666667,0.4,-0.4,0.239655172413793,4.86166666666667,62.5666666666667,1.62666666666667,1001.37166666667,139.367166666667,0.4,-0.4,0.239655172413793,4.86166666666667,62.5666666666667,1.62666666666667,1001.37166666667
2016,317,22,149.28,0.4,-0.388333333333333,0,3.33,70.1516666666666,1.26333333333333,1001.23833333333,149.28,0.4,-0.388333333333333,0,3.33,70.1516666666666,1.26333333333333,1001.23833333333
2016,317,23,156.223,0.4,-0.4,0,2.79166666666667,72.9433333333334,1.22,1001.03166666667,156.223,0.4,-0.4,0,2.79166666666667,72.9433333333334,1.22,1001.03166666667
2016,318,0,157.262666666667,0.333333333333333,-0.386666666666666,0,2.9,71.7466666666667,1.99666666666667,1000.74833333333,157.262666666667,0.333333333333333,-0.386666666666666,0,2.9,71.7466666666667,1.99666666666667,1000.74833333333
2016,318,1,151.765333333333,0.4,-0.4,0,1.56,78.1133333333334,2.925,1000.64833333333,151.765333333333,0.4,-0.4,0,1.56,78.1133333333334,2.925,1000.64833333333
2016,318,2,142.478833333333,0.4,-0.4,-0.025,0.858333333333333,81.9616666666667,2.16,1000.285,142.478833333333,0.4,-0.4,-0.025,0.858333333333333,81.9616666666667,2.16,1000.285
2016,318,3,131.647,0.376666666666666,-0.4,0,0.545,82.9066666666667,2.43,999.736666666666,131.647,0.376666666666666,-0.4,0,0.545,82.9066666666667,2.43,999.736666666666
2016,318,4,120.276666666667,0.4,-0.395,0,-0.168333333333333,83.4066666666666,1.78833333333333,999.578333333332,120.276666666667,0.4,-0.395,0,-0.168333333333333,83.4066666666666,1.78833333333333,999.578333333332
2016,318,5,108.849333333333,0.4,-0.393333333333333,0,-0.446666666666667,84.2033333333333,1.67833333333333,999.668333333333,108.849333333333,0.4,-0.393333333333333,0,-0.446666666666667,84.2033333333333,1.67833333333333,999.668333333333
2016,318,6,97.6823333333333,0.4,-0.11,0.23265306122449,-0.446666666666667,83.9983333333333,2.615,999.594999999999,97.6823333333333,0.4,-0.11,0.23265306122449,-0.446666666666667,83.9983333333333,2.615,999.594999999999
2016,318,7,86.8365,329.96,17.98,16.8509803921569,-0.73,85.3233333333333,2.31,999.616666666665,86.8365,329.96,17.98,16.8509803921569,-0.73,85.3233333333333,2.31,999.616666666665
2016,318,8,77.3015,752.04,42.59,80.3315789473684,0.693333333333333,85.9283333333333,2.28166666666667,999.63,77.3015,752.04,42.59,80.3315789473684,0.693333333333333,85.9283333333333,2.28166666666667,999.63
2016,318,9,69.018,897.215,53.4916666666667,151.556097560976,4.76833333333333,69.085,4.20666666666667,999.4,69.018,897.215,53.4916666666667,151.556097560976,4.76833333333333,69.085,4.20666666666667,999.4
2016,318,10,62.7093333333333,959.928333333333,59.0583333333333,189.770967741935,7.48833333333333,55.2733333333333,5.755,998.950000000001,62.7093333333333,959.928333333333,59.0583333333333,189.770967741935,7.48833333333333,55.2733333333333,5.755,998.950000000001
2016,318,11,59.0583333333333,984.326666666667,61.9366666666667,229.155555555556,9.51,46.6866666666667,5.93333333333333,998.21,59.0583333333333,984.326666666667,61.9366666666667,229.155555555556,9.51,46.6866666666667,5.93333333333333,998.21
2016,318,12,58.5815,979.951666666667,63.365,229.821153846154,10.8733333333333,44.285,5.62833333333333,997.06,58.5815,979.951666666667,63.365,229.821153846154,10.8733333333333,44.285,5.62833333333333,997.06
2016,318,13,61.3541666666667,957.235,62.2783333333333,206.067307692308,11.8416666666667,41.215,6.01,995.8,61.3541666666667,957.235,62.2783333333333,206.067307692308,11.8416666666667,41.215,6.01,995.8
2016,318,14,66.964,897.66,58.1066666666667,162.04406779661,12.6633333333333,38.8066666666667,6.12833333333333,995,66.964,897.66,58.1066666666667,162.04406779661,12.6633333333333,38.8066666666667,6.12833333333333,995
2016,318,15,74.7483333333333,783.446666666667,47.53,98.375,12.895,38.9216666666667,6.13833333333333,994.530000000001,74.7483333333333,783.446666666667,47.53,98.375,12.895,38.9216666666667,6.13833333333333,994.530000000001
2016,318,16,83.9906666666667,481.153333333333,26.5733333333333,33.6528301886792,12.0983333333333,43.0516666666667,4.95333333333333,994.060000000001,83.9906666666667,481.153333333333,26.5733333333333,33.6528301886792,12.0983333333333,43.0516666666667,4.95333333333333,994.060000000001
2016,318,17,94.4675,8.16833333333331,1.29833333333333,0.911666666666667,9.06333333333333,53.5533333333333,4.53666666666667,993.788333333334,94.4675,8.16833333333331,1.29833333333333,0.911666666666667,9.06333333333333,53.5533333333333,4.53666666666667,993.788333333334
2016,318,18,105.596333333333,0.4,-0.4,0,7.11666666666667,61.525,4.315,993.746666666668,105.596333333333,0.4,-0.4,0,7.11666666666667,61.525,4.315,993.746666666668
2016,318,19,116.987333333333,0.4,-0.4,0,5.865,67.2616666666667,4.14666666666666,993.666666666666,116.987333333333,0.4,-0.4,0,5.865,67.2616666666667,4.14666666666666,993.666666666666
2016,318,20,128.428333333333,0.406666666666666,-0.31,NA,4.85833333333333,69.7083333333334,2.32166666666667,993.825,128.428333333333,0.406666666666666,-0.31,0.119642857142857,4.85833333333333,69.7083333333334,2.32166666666667,993.825
2016,318,21,139.514,0.4,-0.4,0.1,4.49,68.42,3.18166666666667,993.973333333334,139.514,0.4,-0.4,0.1,4.49,68.42,3.18166666666667,993.973333333334
2016,318,22,149.460833333333,0.351666666666667,-0.348333333333334,-0.00166666666666667,2.96833333333333,73.0483333333333,3.99833333333333,993.478333333333,149.460833333333,0.351666666666667,-0.348333333333334,-0.00166666666666667,2.96833333333333,73.0483333333333,3.99833333333333,993.478333333333
2016,318,23,156.455833333333,0.4,-0.396666666666666,0,3.12666666666667,76.5366666666666,3.57666666666667,992.828333333333,156.455833333333,0.4,-0.396666666666666,0,3.12666666666667,76.5366666666666,3.57666666666667,992.828333333333
2016,319,0,157.524,0.353333333333333,-0.4,0.0116666666666667,3.42333333333333,74.89,3.91333333333333,992.27,157.524,0.353333333333333,-0.4,0.0116666666666667,3.42333333333333,74.89,3.91333333333333,992.27
2016,319,1,152.0015,0.4,-0.376666666666667,0.00833333333333333,3.20333333333333,75.22,2.845,991.886666666668,152.0015,0.4,-0.376666666666667,0.00833333333333333,3.20333333333333,75.22,2.845,991.886666666668
2016,319,2,142.684166666667,0.4,-0.385,0.00212765957446809,3.02833333333334,75.99,1.03695652173913,992.03,142.684166666667,0.4,-0.385,0.00212765957446809,3.02833333333334,75.99,1.03695652173913,992.03
2016,319,3,131.835166666667,0.4,-0.361666666666666,0,2.92166666666667,76.5833333333333,2.38166666666667,991.575,131.835166666667,0.4,-0.361666666666666,0,2.92166666666667,76.5833333333333,2.38166666666667,991.575
2016,319,4,120.460166666667,0.361666666666666,-0.316666666666667,0,3.11333333333334,77.2816666666667,2.985,991.228333333332,120.460166666667,0.361666666666666,-0.316666666666667,0,3.11333333333334,77.2816666666667,2.985,991.228333333332
2016,319,5,109.036666666667,0.388333333333333,-0.366666666666667,0,3.30166666666667,78.2566666666667,2.99333333333333,990.993333333334,109.036666666667,0.388333333333333,-0.366666666666667,0,3.30166666666667,78.2566666666667,2.99333333333333,990.993333333334
2016,319,6,97.8771666666667,0.358333333333333,0.0350000000000001,0.04,3.68833333333334,79.27,3.43166666666667,990.638333333332,97.8771666666667,0.358333333333333,0.0350000000000001,0.04,3.68833333333334,79.27,3.43166666666667,990.638333333332
2016,319,7,87.056,88.16,30.0933333333333,15.5530612244898,4.1,80.7066666666667,3.40333333333333,990.776666666667,87.056,88.16,30.0933333333333,15.5530612244898,4.1,80.7066666666667,3.40333333333333,990.776666666667
2016,319,8,77.5228333333333,34.9016666666667,101.61,44.82,5.77833333333333,72.6233333333333,4.24833333333333,990.815000000001,77.5228333333333,34.9016666666667,101.61,44.82,5.77833333333333,72.6233333333333,4.24833333333333,990.815000000001
2016,319,9,69.2581666666667,92.8683333333333,188.268333333333,94.845,8.20833333333333,66.2133333333333,5.35833333333333,990.279999999999,69.2581666666667,92.8683333333333,188.268333333333,94.845,8.20833333333333,66.2133333333333,5.35833333333333,990.279999999999
2016,319,10,62.9631666666667,289.048333333333,219.336666666667,148.483333333333,11.0216666666667,58.355,5.53,990.005000000001,62.9631666666667,289.048333333333,219.336666666667,148.483333333333,11.0216666666667,58.355,5.53,990.005000000001
2016,319,11,59.319,809.31,153.586666666667,235.558333333333,13.6033333333333,53.7466666666667,6.565,989.388333333333,59.319,809.31,153.586666666667,235.558333333333,13.6033333333333,53.7466666666667,6.565,989.388333333333
2016,319,12,58.8351666666667,851.92,92.24,221.456666666667,14.925,54.435,5.69166666666666,988.476666666667,58.8351666666667,851.92,92.24,221.456666666667,14.925,54.435,5.69166666666666,988.476666666667
2016,319,13,61.5866666666667,830.811666666667,88.465,200.888333333333,15.84,53.3933333333333,6.66666666666667,987.576666666668,61.5866666666667,830.811666666667,88.465,200.888333333333,15.84,53.3933333333333,6.66666666666667,987.576666666668
2016,319,14,67.1708333333333,726.883333333333,86.1683333333333,151.696666666667,16.43,52.96,7.54333333333333,987.083333333333,67.1708333333333,726.883333333333,86.1683333333333,151.696666666667,16.43,52.96,7.54333333333333,987.083333333333
2016,319,15,74.9293333333333,536.165,79.5833333333334,91.0783333333333,16.6783333333333,53.0833333333333,7.07166666666666,987.133333333332,74.9293333333333,536.165,79.5833333333334,91.0783333333333,16.6783333333333,53.0833333333333,7.07166666666666,987.133333333332
2016,319,16,84.1425,90.9833333333333,52.785,27.3881355932203,15.695,57.285,5.17333333333333,987.133333333332,84.1425,90.9833333333333,52.785,27.3881355932203,15.695,57.285,5.17333333333333,987.133333333332
2016,319,17,94.6145,0.403333333333333,1.21666666666666,0.698333333333333,13.5933333333333,66.155,3.89333333333333,987.270000000001,94.6145,0.403333333333333,1.21666666666666,0.698333333333333,13.5933333333333,66.155,3.89333333333333,987.270000000001
2016,319,18,105.7245,0.4,-0.4,0,11.5,74.01,4.12,987.466666666667,105.7245,0.4,-0.4,0,11.5,74.01,4.12,987.466666666667
2016,319,19,117.108666666667,0.363333333333333,-0.4,0,10.1233333333333,78.1983333333333,4.28666666666667,987.470000000001,117.108666666667,0.363333333333333,-0.4,0,10.1233333333333,78.1983333333333,4.28666666666667,987.470000000001
2016,319,20,128.551833333333,0.0166666666666667,-0.375,0,9.57333333333333,80.7516666666667,4.08,987.315000000001,128.551833333333,0.0166666666666667,-0.375,0,9.57333333333333,80.7516666666667,4.08,987.315000000001
2016,319,21,139.653166666667,0.201666666666667,-0.396666666666666,0,9.48166666666667,80.905,3.24166666666667,987.463333333333,139.653166666667,0.201666666666667,-0.396666666666666,0,9.48166666666667,80.905,3.24166666666667,987.463333333333
2016,319,22,149.6345,0.4,-0.4,0,8.49833333333334,84.0516666666667,2.92166666666667,987.378333333334,149.6345,0.4,-0.4,0,8.49833333333334,84.0516666666667,2.92166666666667,987.378333333334
2016,319,23,156.684,0.316666666666667,-0.398333333333333,0,8.59833333333333,82.7716666666667,3.18333333333333,987.208333333333,156.684,0.316666666666667,-0.398333333333333,0,8.59833333333333,82.7716666666667,3.18333333333333,987.208333333333
2016,320,0,157.778666666667,0.246666666666667,-0.388333333333333,0,8.26666666666667,83.455,2.63166666666667,987.358333333335,157.778666666667,0.246666666666667,-0.388333333333333,0,8.26666666666667,83.455,2.63166666666667,987.358333333335
2016,320,1,152.2335,0.121666666666667,-0.358333333333333,0,7.57166666666666,86.6,2.20833333333333,987.451666666667,152.2335,0.121666666666667,-0.358333333333333,0,7.57166666666666,86.6,2.20833333333333,987.451666666667
2016,320,2,142.887666666667,0.39,-0.4,0,7.27833333333334,89.655,1.45166666666667,987.381666666668,142.887666666667,0.39,-0.4,0,7.27833333333334,89.655,1.45166666666667,987.381666666668
2016,320,3,132.023333333333,0.271666666666667,-0.371666666666667,0,6.835,92.4383333333334,0.691666666666667,987.113333333333,132.023333333333,0.271666666666667,-0.371666666666667,0,6.835,92.4383333333334,0.691666666666667,987.113333333333
2016,320,4,120.643,0.643333333333333,-0.438333333333333,0,5.55166666666667,95.7266666666667,2.14833333333333,987.501666666666,120.643,0.643333333333333,-0.438333333333333,0,5.55166666666667,95.7266666666667,2.14833333333333,987.501666666666
2016,320,5,109.221,0.433333333333333,-0.381666666666666,0,5.55,97.3616666666667,2.80833333333333,987.478333333334,109.221,0.433333333333333,-0.381666666666666,0,5.55,97.3616666666667,2.80833333333333,987.478333333334
2016,320,6,98.0693333333333,0.413333333333333,-0.231666666666667,0.05,5.19833333333333,97.3333333333333,2.56833333333333,987.571666666667,98.0693333333333,0.413333333333333,-0.231666666666667,0.05,5.19833333333333,97.3333333333333,2.56833333333333,987.571666666667
2016,320,7,87.2611666666667,95.285,20.87,14.495,3.88333333333333,98.0233333333333,2.81833333333333,988.148333333333,87.2611666666667,95.285,20.87,14.495,3.88333333333333,98.0233333333333,2.81833333333333,988.148333333333
2016,320,8,77.7425,579.653333333333,55.455,76.4516666666667,5.09,96.0533333333333,3.92666666666667,988.806666666667,77.7425,579.653333333333,55.455,76.4516666666667,5.09,96.0533333333333,3.92666666666667,988.806666666667
2016,320,9,69.4943333333333,723.01,82.31,136.89,6.82833333333334,88.3183333333334,3.58833333333333,988.771666666666,69.4943333333333,723.01,82.31,136.89,6.82833333333334,88.3183333333334,3.58833333333333,988.771666666666
2016,320,10,63.2128333333333,785.713333333333,99.89,186.09,8.32166666666667,82.64,3.52333333333333,988.551666666666,63.2128333333333,785.713333333333,99.89,186.09,8.32166666666667,82.64,3.52333333333333,988.551666666666
2016,320,11,59.5746666666667,851.99,92.615,216.625,10.1766666666667,75.0616666666667,4.17833333333333,988.178333333334,59.5746666666667,851.99,92.615,216.625,10.1766666666667,75.0616666666667,4.17833333333333,988.178333333334
2016,320,12,59.083,839.196666666667,99.0016666666667,219.466666666667,11.9833333333333,68.2216666666667,4.19833333333333,987.53,59.083,839.196666666667,99.0016666666667,219.466666666667,11.9833333333333,68.2216666666667,4.19833333333333,987.53
2016,320,13,61.8151666666667,802.85,99.535,198.031666666667,13.2433333333333,63.725,4.39333333333333,987.141666666666,61.8151666666667,802.85,99.535,198.031666666667,13.2433333333333,63.725,4.39333333333333,987.141666666666
2016,320,14,67.372,710.876666666667,90.4983333333333,149.985,13.9166666666667,60.3333333333334,4.39666666666667,986.955,67.372,710.876666666667,90.4983333333333,149.985,13.9166666666667,60.3333333333334,4.39666666666667,986.955
2016,320,15,75.1035,496.54,89.6533333333334,88.3683333333333,14.0833333333333,58.725,4.56166666666667,986.973333333333,75.1035,496.54,89.6533333333334,88.3683333333333,14.0833333333333,58.725,4.56166666666667,986.973333333333
2016,320,16,84.2886666666667,216.363333333333,55.945,33.8056603773585,13.5616666666667,61.3616666666667,4.515,987.298333333334,84.2886666666667,216.363333333333,55.945,33.8056603773585,13.5616666666667,61.3616666666667,4.515,987.298333333334
2016,320,17,94.7558333333333,0.383333333333333,1.225,0.76,11.9816666666667,67.69,3.53,987.640000000001,94.7558333333333,0.383333333333333,1.225,0.76,11.9816666666667,67.69,3.53,987.640000000001
2016,320,18,105.843666666667,0.386666666666666,-0.4,0,10.7683333333333,71.61,2.48833333333333,987.553333333334,105.843666666667,0.386666666666666,-0.4,0,10.7683333333333,71.61,2.48833333333333,987.553333333334
2016,320,19,117.2225,0.34,-0.39,0,9.89833333333333,75.22,2.48666666666667,987.636666666666,117.2225,0.34,-0.39,0,9.89833333333333,75.22,2.48666666666667,987.636666666666
2016,320,20,128.669,0.36,-0.373333333333333,0,8.785,79.7033333333334,2.675,987.816666666668,128.669,0.36,-0.373333333333333,0,8.785,79.7033333333334,2.675,987.816666666668
2016,320,21,139.784833333333,0.4,-0.4,0,7.76,82.7216666666667,2.72166666666667,987.911666666667,139.784833333333,0.4,-0.4,0,7.76,82.7216666666667,2.72166666666667,987.911666666667
2016,320,22,149.8015,0.346666666666667,-0.366666666666667,0,7.17,84.575,3.04666666666667,987.883333333334,149.8015,0.346666666666667,-0.366666666666667,0,7.17,84.575,3.04666666666667,987.883333333334
2016,320,23,156.905,0.4,-0.398333333333333,0,6.39166666666667,86.985,3.39666666666667,987.543333333334,156.905,0.4,-0.398333333333333,0,6.39166666666667,86.985,3.39666666666667,987.543333333334
2016,321,0,158.029666666667,0.4,-0.335,0,5.33166666666667,89.9683333333333,2.645,987.229999999999,158.029666666667,0.4,-0.335,0,5.33166666666667,89.9683333333333,2.645,987.229999999999
2016,321,1,152.462,0.298333333333333,-0.341666666666667,0,5.35,89.8783333333333,2.27,986.821666666667,152.462,0.298333333333333,-0.341666666666667,0,5.35,89.8783333333333,2.27,986.821666666667
2016,321,2,143.089166666667,0.335,-0.388333333333333,0,5.50666666666667,89.395,1.52166666666667,986.6,143.089166666667,0.335,-0.388333333333333,0,5.50666666666667,89.395,1.52166666666667,986.6
2016,321,3,132.209833333333,0.355,-0.35,0,5.35833333333334,89.6116666666666,1.11833333333333,986.678333333333,132.209833333333,0.355,-0.35,0,5.35833333333334,89.6116666666666,1.11833333333333,986.678333333333
2016,321,4,120.824833333333,0.065,-0.33,0,5.08,90.65,1.66833333333333,986.876666666667,120.824833333333,0.065,-0.33,0,5.08,90.65,1.66833333333333,986.876666666667
2016,321,5,109.405,0.4,-0.4,0.0216666666666667,4.605,91.6,1.15,987.196666666667,109.405,0.4,-0.4,0.0216666666666667,4.605,91.6,1.15,987.196666666667
2016,321,6,98.2626666666667,0.446666666666666,-0.25,0.121666666666667,4.40666666666666,92.3733333333333,1.12833333333333,987.726666666667,98.2626666666667,0.446666666666666,-0.25,0.121666666666667,4.40666666666666,92.3733333333333,1.12833333333333,987.726666666667
2016,321,7,87.4658333333333,95.5033333333333,21.88,16.8508474576271,3.88166666666667,94.2483333333333,1.08833333333333,988.425,87.4658333333333,95.5033333333333,21.88,16.8508474576271,3.88166666666667,94.2483333333333,1.08833333333333,988.425
2016,321,8,77.9595,538.796666666667,57.42,75.7933333333334,4.61666666666667,93.0516666666667,1.60833333333333,988.993333333333,77.9595,538.796666666667,57.42,75.7933333333334,4.61666666666667,93.0516666666667,1.60833333333333,988.993333333333
2016,321,9,69.7283333333333,746.415,72.2083333333333,137.123333333333,7.74166666666667,83.895,2.185,988.726666666667,69.7283333333333,746.415,72.2083333333333,137.123333333333,7.74166666666667,83.895,2.185,988.726666666667
2016,321,10,63.4596666666667,826.53,81.8983333333333,187.146666666667,11.0183333333333,73.7783333333334,1.60666666666667,988.711666666666,63.4596666666667,826.53,81.8983333333333,187.146666666667,11.0183333333333,73.7783333333334,1.60666666666667,988.711666666666
2016,321,11,59.8245,848.795,88.1599999999999,214.611666666667,13.9866666666667,63.5533333333333,1.17966101694915,988.744999999999,59.8245,848.795,88.1599999999999,214.611666666667,13.9866666666667,63.5533333333333,1.17966101694915,988.744999999999
2016,321,12,59.325,843.01,89.5116666666667,218.164814814815,15.4516666666667,57.8283333333333,1.12881355932203,988.493333333333,59.325,843.01,89.5116666666667,218.164814814815,15.4516666666667,57.8283333333333,1.12881355932203,988.493333333333
2016,321,13,62.0365,835.065,85.47,199.738333333333,16.465,54.2116666666667,1.69333333333333,988.046666666667,62.0365,835.065,85.47,199.738333333333,16.465,54.2116666666667,1.69333333333333,988.046666666667
2016,321,14,67.5671666666667,799.383333333334,70.0566666666667,153.935,17.9116666666667,48.8833333333333,0.668421052631579,987.553333333333,67.5671666666667,799.383333333334,70.0566666666667,153.935,17.9116666666667,48.8833333333333,0.668421052631579,987.553333333333
2016,321,15,75.271,679.523333333333,54.8916666666667,92.0683333333333,18.0333333333333,47.38,0.848275862068966,987.448333333334,75.271,679.523333333333,54.8916666666667,92.0683333333333,18.0333333333333,47.38,0.848275862068966,987.448333333334
2016,321,16,84.4286666666667,342.573333333333,28.6416666666667,27.9316666666667,17.0683333333333,51.3016666666667,1.82666666666667,987.666666666667,84.4286666666667,342.573333333333,28.6416666666667,27.9316666666667,17.0683333333333,51.3016666666667,1.82666666666667,987.666666666667
2016,321,17,94.8915,1.75666666666667,1.05,0.793333333333333,15.6516666666667,56.9783333333333,2.73333333333333,987.865000000001,94.8915,1.75666666666667,1.05,0.793333333333333,15.6516666666667,56.9783333333333,2.73333333333333,987.865000000001
2016,321,18,105.957833333333,0.4,-0.4,0,13.5566666666667,66.045,3.41666666666667,988.046666666666,105.957833333333,0.4,-0.4,0,13.5566666666667,66.045,3.41666666666667,988.046666666666
2016,321,19,117.330833333333,0.4,-0.4,0,12.4316666666667,70.1866666666667,3.95166666666667,988.050000000001,117.330833333333,0.4,-0.4,0,12.4316666666667,70.1866666666667,3.95166666666667,988.050000000001
2016,321,20,128.779333333333,0.005,-0.328333333333333,0,10.8716666666667,75.7183333333333,4.24333333333333,987.911666666666,128.779333333333,0.005,-0.328333333333333,0,10.8716666666667,75.7183333333333,4.24333333333333,987.911666666666
2016,321,21,139.909833333333,-0.316666666666667,-0.39,0,9.88333333333333,79.7733333333333,4.935,987.738333333332,139.909833333333,-0.316666666666667,-0.39,0,9.88333333333333,79.7733333333333,4.935,987.738333333332
2016,321,22,149.960833333333,0.0983333333333333,-0.4,0,9.11833333333333,81.4633333333333,4.46666666666667,987.765000000001,149.960833333333,0.0983333333333333,-0.4,0,9.11833333333333,81.4633333333333,4.46666666666667,987.765000000001
2016,321,23,157.119333333333,-0.226666666666667,-0.396666666666666,0.00166666666666667,8.90333333333333,81.41,4.72166666666667,987.741666666667,157.119333333333,-0.226666666666667,-0.396666666666666,0.00166666666666667,8.90333333333333,81.41,4.72166666666667,987.741666666667
2016,322,0,158.275166666667,-0.378333333333333,-0.38,0.08,8.89833333333333,83.785,5.10666666666667,987.256666666666,158.275166666667,-0.378333333333333,-0.38,0.08,8.89833333333333,83.785,5.10666666666667,987.256666666666
2016,322,1,152.688833333333,0.0433333333333333,-0.4,0,8.675,84.965,4.28333333333333,987.121666666666,152.688833333333,0.0433333333333333,-0.4,0,8.675,84.965,4.28333333333333,987.121666666666
2016,322,2,143.288833333333,0.195,-0.4,0.00333333333333333,8.45833333333333,82.025,3.55,987.461666666666,143.288833333333,0.195,-0.4,0.00333333333333333,8.45833333333333,82.025,3.55,987.461666666666
2016,322,3,132.394333333333,0.183333333333333,-0.4,0.00666666666666667,7.765,84.2766666666667,3.47,987.373333333335,132.394333333333,0.183333333333333,-0.4,0.00666666666666667,7.765,84.2766666666667,3.47,987.373333333335
2016,322,4,121.005166666667,-0.375,-0.255,0,8.04,80.96,4.98166666666667,987.101666666666,121.005166666667,-0.375,-0.255,0,8.04,80.96,4.98166666666667,987.101666666666
2016,322,5,109.5885,-0.116666666666667,-0.4,0,8.14333333333333,78.395,5.33,986.723333333333,109.5885,-0.116666666666667,-0.4,0,8.14333333333333,78.395,5.33,986.723333333333
2016,322,6,98.4531666666667,-0.326666666666667,-0.183333333333334,0.0316666666666667,8.42,78.9333333333333,4.89666666666667,986.558333333333,98.4531666666667,-0.326666666666667,-0.183333333333334,0.0316666666666667,8.42,78.9333333333333,4.89666666666667,986.558333333333
2016,322,7,87.6675,67.8866666666667,23.5616666666667,12.0283333333333,9.14000000000001,80.5466666666667,4.94666666666667,986.715000000001,87.6675,67.8866666666667,23.5616666666667,12.0283333333333,9.14000000000001,80.5466666666667,4.94666666666667,986.715000000001
2016,322,8,78.1745,164.236666666667,92.8666666666667,53.1416666666667,10.0933333333333,78.94,5.16833333333333,986.998333333334,78.1745,164.236666666667,92.8666666666667,53.1416666666667,10.0933333333333,78.94,5.16833333333333,986.998333333334
2016,322,9,69.9585,636.11,83.2,127.55,12.945,72.5583333333333,6.61666666666667,986.913333333334,69.9585,636.11,83.2,127.55,12.945,72.5583333333333,6.61666666666667,986.913333333334
2016,322,10,63.7021666666667,389.54,176.4,148.506666666667,16.7583333333333,63.5316666666667,7.4,986.506666666668,63.7021666666667,389.54,176.4,148.506666666667,16.7583333333333,63.5316666666667,7.4,986.506666666668
2016,322,11,60.0705,444.721666666667,200.995,180.575,19.1483333333333,56.1233333333333,8.29666666666667,985.863333333334,60.0705,444.721666666667,200.995,180.575,19.1483333333333,56.1233333333333,8.29666666666667,985.863333333334
2016,322,12,59.5613333333333,324.928333333333,241.18,173.991666666667,20.7316666666667,50.2033333333333,8.91166666666667,984.869999999999,59.5613333333333,324.928333333333,241.18,173.991666666667,20.7316666666667,50.2033333333333,8.91166666666667,984.869999999999
2016,322,13,62.2526666666667,374.433333333333,236.516666666667,174.721666666667,22.3883333333333,44.41,10.0666666666667,984.086666666667,62.2526666666667,374.433333333333,236.516666666667,174.721666666667,22.3883333333333,44.41,10.0666666666667,984.086666666667
2016,322,14,67.7561666666667,404.815,162.868333333333,134.486666666667,23.0116666666667,42.8133333333333,10.22,983.518333333334,67.7561666666667,404.815,162.868333333333,134.486666666667,23.0116666666667,42.8133333333333,10.22,983.518333333334
2016,322,15,75.4321666666667,232.423333333333,122.271666666667,77.0433333333333,22.97,44,9.68,983.148333333333,75.4321666666667,232.423333333333,122.271666666667,77.0433333333333,22.97,44,9.68,983.148333333333
2016,322,16,84.5628333333333,39.0133333333333,40.61,18.4666666666667,21.895,46.6033333333333,8.26333333333333,982.975,84.5628333333333,39.0133333333333,40.61,18.4666666666667,21.895,46.6033333333333,8.26333333333333,982.975
2016,322,17,95.0091666666667,0.398333333333333,0.446666666666667,0.483333333333333,20.5383333333333,47.3366666666667,8.365,983.69,95.0091666666667,0.398333333333333,0.446666666666667,0.483333333333333,20.5383333333333,47.3366666666667,8.365,983.69
2016,322,18,106.066833333333,0.26,-0.495,0,18.7733333333333,51.27,7.36333333333333,984.358333333334,106.066833333333,0.26,-0.495,0,18.7733333333333,51.27,7.36333333333333,984.358333333334
2016,322,19,117.433833333333,-0.163333333333333,-0.4,0,17.825,54.6583333333334,7.24333333333333,984.705000000001,117.433833333333,-0.163333333333333,-0.4,0,17.825,54.6583333333334,7.24333333333333,984.705000000001
2016,322,20,128.883833333333,-0.328333333333333,-0.396666666666666,0,18.1283333333333,52.02,7.21333333333333,984.925000000001,128.883833333333,-0.328333333333333,-0.396666666666666,0,18.1283333333333,52.02,7.21333333333333,984.925000000001
2016,322,21,140.028333333333,0.161666666666667,-0.41,0,18.0133333333333,55.1416666666667,8.125,985.195,140.028333333333,0.161666666666667,-0.41,0,18.0133333333333,55.1416666666667,8.125,985.195
2016,322,22,150.111333333333,0.121666666666667,-0.413333333333333,0,16.7683333333333,60.5133333333333,7.19333333333333,985.259999999999,150.111333333333,0.121666666666667,-0.413333333333333,0,16.7683333333333,60.5133333333333,7.19333333333333,985.259999999999
2016,322,23,157.325833333333,0.075,-0.4,0,16.0333333333333,64.3416666666667,5.92333333333333,985.338333333334,157.325833333333,0.075,-0.4,0,16.0333333333333,64.3416666666667,5.92333333333333,985.338333333334
2016,323,0,158.517333333333,-0.248333333333333,-0.4,0,16.2183333333333,62.5233333333333,7.535,985.431666666667,158.517333333333,-0.248333333333333,-0.4,0,16.2183333333333,62.5233333333333,7.535,985.431666666667
2016,323,1,152.9115,0.206666666666667,-0.426666666666666,0,14.95,66.6816666666666,5.9,986.16,152.9115,0.206666666666667,-0.426666666666666,0,14.95,66.6816666666666,5.9,986.16
2016,323,2,143.486333333333,0.0366666666666667,-0.4,0,14.1583333333333,68.7116666666667,6.32,986.403333333334,143.486333333333,0.0366666666666667,-0.4,0,14.1583333333333,68.7116666666667,6.32,986.403333333334
2016,323,3,132.578166666667,-0.268333333333333,-0.4,0,13.9583333333333,67.0316666666667,6.805,986.466666666667,132.578166666667,-0.268333333333333,-0.4,0,13.9583333333333,67.0316666666667,6.805,986.466666666667
2016,323,4,121.184833333333,-0.0966666666666667,-0.4,0,13.7466666666667,65.3183333333333,5.655,986.466666666667,121.184833333333,-0.0966666666666667,-0.4,0,13.7466666666667,65.3183333333333,5.655,986.466666666667
2016,323,5,109.771666666667,-0.156666666666667,-0.4,0,13.0483333333333,67.7233333333333,6.09,986.333333333334,109.771666666667,-0.156666666666667,-0.4,0,13.0483333333333,67.7233333333333,6.09,986.333333333334
2016,323,6,98.6428333333333,-0.398333333333333,-0.226666666666667,0.0316666666666667,13.2733333333333,66.7583333333333,7.38666666666667,986.343333333335,98.6428333333333,-0.398333333333333,-0.226666666666667,0.0316666666666667,13.2733333333333,66.7583333333333,7.38666666666667,986.343333333335
2016,323,7,87.8675,101.916666666667,24.675,12.055,13.8066666666667,66.0166666666667,8.46666666666667,986.306666666668,87.8675,101.916666666667,24.675,12.055,13.8066666666667,66.0166666666667,8.46666666666667,986.306666666668
2016,323,8,78.3866666666667,177.168333333333,104.271666666667,60.215,15.2916666666667,65.1116666666667,8.82833333333334,986.234999999999,78.3866666666667,177.168333333333,104.271666666667,60.215,15.2916666666667,65.1116666666667,8.82833333333334,986.234999999999
2016,323,9,70.186,248.046666666667,165.868333333333,109.001666666667,17.13,62.0033333333334,11.99,985.816666666667,70.186,248.046666666667,165.868333333333,109.001666666667,17.13,62.0033333333334,11.99,985.816666666667
2016,323,10,63.9395,140.385,221.475,123.181666666667,18.3266666666667,66.6033333333333,12.7316666666667,985.555,63.9395,140.385,221.475,123.181666666667,18.3266666666667,66.6033333333333,12.7316666666667,985.555
2016,323,11,60.3105,12.9116666666667,188.295,88.1916666666667,19.1283333333333,68.7983333333334,12.0383333333333,985.268333333333,60.3105,12.9116666666667,188.295,88.1916666666667,19.1283333333333,68.7983333333334,12.0383333333333,985.268333333333
2016,323,12,59.7911666666667,1.77333333333334,136.93,63.7683333333333,20.32,67.7383333333333,11.3683333333333,984.735,59.7911666666667,1.77333333333334,136.93,63.7683333333333,20.32,67.7383333333333,11.3683333333333,984.735
2016,323,13,62.4615,0.34,38.74,20.195,20.08,70.395,9.21666666666667,984.246666666667,62.4615,0.34,38.74,20.195,20.08,70.395,9.21666666666667,984.246666666667
2016,323,14,67.938,0.403333333333333,10.1616666666667,6.99833333333333,18.0183333333333,84.7733333333333,8.97333333333333,984.041666666667,67.938,0.403333333333333,10.1616666666667,6.99833333333333,18.0183333333333,84.7733333333333,8.97333333333333,984.041666666667
2016,323,15,75.588,0.376666666666666,2.82,1.95,15.97,85.3533333333333,12.56,984.648333333333,75.588,0.376666666666666,2.82,1.95,15.97,85.3533333333333,12.56,984.648333333333
2016,323,16,84.6896666666667,8.16333333333332,28.2366666666667,12.3333333333333,12.51,77.2566666666667,9.48666666666667,985.113333333333,84.6896666666667,8.16333333333332,28.2366666666667,12.3333333333333,12.51,77.2566666666667,9.48666666666667,985.113333333333
2016,323,17,95.1338333333333,0.678333333333333,-0.00666666666666634,0.116666666666667,11.35,73.2216666666667,10.4216666666667,986.861666666666,95.1338333333333,0.678333333333333,-0.00666666666666634,0.116666666666667,11.35,73.2216666666667,10.4216666666667,986.861666666666
2016,323,18,106.168833333333,0.303333333333333,-0.476666666666666,0,8.39666666666667,71.915,10.505,988.198333333333,106.168833333333,0.303333333333333,-0.476666666666666,0,8.39666666666667,71.915,10.505,988.198333333333
2016,323,19,117.528166666667,0.355,-0.4,0,7,70.9,10.9283333333333,989.283333333334,117.528166666667,0.355,-0.4,0,7,70.9,10.9283333333333,989.283333333334
2016,323,20,128.980333333333,0.381666666666666,-0.4,0,6.03666666666667,71.4066666666667,8.91833333333333,990.086666666667,128.980333333333,0.381666666666666,-0.4,0,6.03666666666667,71.4066666666667,8.91833333333333,990.086666666667
2016,323,21,140.139,0.4,-0.4,0,5.19833333333333,68.9883333333333,10.6633333333333,990.843333333333,140.139,0.4,-0.4,0,5.19833333333333,68.9883333333333,10.6633333333333,990.843333333333
2016,323,22,150.256333333333,0.4,-0.4,0,4.775,69.8283333333333,10.4466666666667,991.658333333334,150.256333333333,0.4,-0.4,0,4.775,69.8283333333333,10.4466666666667,991.658333333334
2016,323,23,157.525833333333,0.4,-0.4,0,4.45666666666667,69.83,9.375,992.303333333333,157.525833333333,0.4,-0.4,0,4.45666666666667,69.83,9.375,992.303333333333
2016,324,0,158.752,0.4,-0.4,0,4.15833333333333,69.78,9.96333333333333,992.568333333332,158.752,0.4,-0.4,0,4.15833333333333,69.78,9.96333333333333,992.568333333332
2016,324,1,153.130833333333,0.4,-0.4,-0.00166666666666667,3.80333333333333,70.5066666666667,11.3616666666667,992.786666666668,153.130833333333,0.4,-0.4,-0.00166666666666667,3.80333333333333,70.5066666666667,11.3616666666667,992.786666666668
2016,324,2,143.681666666667,0.4,-0.4,0,3.46666666666667,69.9233333333333,12.145,993.140000000001,143.681666666667,0.4,-0.4,0,3.46666666666667,69.9233333333333,12.145,993.140000000001
2016,324,3,132.760166666667,0.4,-0.4,0,3.18666666666667,70.1766666666667,13.625,993.513333333333,132.760166666667,0.4,-0.4,0,3.18666666666667,70.1766666666667,13.625,993.513333333333
2016,324,4,121.363333333333,0.4,-0.4,0,2.78666666666666,68.9583333333333,13.87,993.891666666666,121.363333333333,0.4,-0.4,0,2.78666666666666,68.9583333333333,13.87,993.891666666666
2016,324,5,109.952333333333,0.4,-0.4,0,2.43666666666667,67.9283333333333,11.9966666666667,994.603333333333,109.952333333333,0.4,-0.4,0,2.43666666666667,67.9283333333333,11.9966666666667,994.603333333333
2016,324,6,98.8313333333333,0.4,-0.4,0,1.97833333333333,68.1833333333333,11.915,995.563333333333,98.8313333333333,0.4,-0.4,0,1.97833333333333,68.1833333333333,11.915,995.563333333333
2016,324,7,88.0683333333333,0.388333333333333,6.45666666666667,3.20166666666667,1.415,68.3283333333333,12.2566666666667,996.748333333333,88.0683333333333,0.388333333333333,6.45666666666667,3.20166666666667,1.415,68.3283333333333,12.2566666666667,996.748333333333
2016,324,8,78.5975,0.4,56.8066666666666,25.045,1.34166666666667,68.6966666666667,11.87,997.630000000001,78.5975,0.4,56.8066666666666,25.045,1.34166666666667,68.6966666666667,11.87,997.630000000001
2016,324,9,70.4091666666667,18.915,152.855,68.165,1.395,66.6566666666667,12.445,998.421666666667,70.4091666666667,18.915,152.855,68.165,1.395,66.6566666666667,12.445,998.421666666667
2016,324,10,64.1723333333333,4.21166666666667,180.121666666667,77.795,1.28,67.0583333333333,11.7733333333333,999.056666666665,64.1723333333333,4.21166666666667,180.121666666667,77.795,1.28,67.0583333333333,11.7733333333333,999.056666666665
2016,324,11,60.5443333333333,34.125,238.34,108.903333333333,1.46,64.5,11.675,999.135,60.5443333333333,34.125,238.34,108.903333333333,1.46,64.5,11.675,999.135
2016,324,12,60.016,157.385,247.4,137.437288135593,2.045,61.135,11.3116666666667,999.068333333332,60.016,157.385,247.4,137.437288135593,2.045,61.135,11.3116666666667,999.068333333332
2016,324,13,62.6645,266.19,252.465,163.068,2.72166666666667,55.4133333333333,11.595,999.124999999999,62.6645,266.19,252.465,163.068,2.72166666666667,55.4133333333333,11.595,999.124999999999
2016,324,14,68.1141666666667,50.3016666666667,148.298333333333,70.3483333333333,2.86,54.985,10.2133333333333,999.473333333332,68.1141666666667,50.3016666666667,148.298333333333,70.3483333333333,2.86,54.985,10.2133333333333,999.473333333332
2016,324,15,75.7368333333333,32.1083333333334,96.4733333333333,42.5982758620689,2.84666666666667,53.6766666666667,9.81833333333333,1000.12,75.7368333333333,32.1083333333334,96.4733333333333,42.5982758620689,2.84666666666667,53.6766666666667,9.81833333333333,1000.12
2016,324,16,84.8101666666667,141.458333333333,35.2716666666667,18.3060606060606,2.87833333333333,51.8166666666667,8.87833333333333,1000.555,84.8101666666667,141.458333333333,35.2716666666667,18.3060606060606,2.87833333333333,51.8166666666667,8.87833333333333,1000.555
2016,324,17,95.2523333333333,0.828333333333332,0.826666666666668,0.588333333333333,1.78666666666667,58.5316666666667,7.11166666666667,1000.885,95.2523333333333,0.828333333333332,0.826666666666668,0.588333333333333,1.78666666666667,58.5316666666667,7.11166666666667,1000.885
2016,324,18,106.264,0.4,-0.4,0,0.635,68.6466666666667,4.86666666666667,1001.45666666667,106.264,0.4,-0.4,0,0.635,68.6466666666667,4.86666666666667,1001.45666666667
2016,324,19,117.6175,0.4,-0.4,0,-0.105,73.3716666666667,4.905,1001.69166666667,117.6175,0.4,-0.4,0,-0.105,73.3716666666667,4.905,1001.69166666667
2016,324,20,129.071333333333,0.38,-0.4,0,-0.308333333333334,70.7233333333333,6.21333333333333,1001.91666666667,129.071333333333,0.38,-0.4,0,-0.308333333333334,70.7233333333333,6.21333333333333,1001.91666666667
2016,324,21,140.2425,0.4,-0.4,0,-0.826666666666667,72.31,5.51,1001.875,140.2425,0.4,-0.4,0,-0.826666666666667,72.31,5.51,1001.875
2016,324,22,150.393333333333,0.4,-0.4,0.00166666666666667,-1.63166666666667,77.72,4.51833333333333,1001.68166666667,150.393333333333,0.4,-0.4,0.00166666666666667,-1.63166666666667,77.72,4.51833333333333,1001.68166666667
2016,324,23,157.717166666667,0.4,-0.4,0,-1.95666666666667,77.73,4.435,1001.60333333333,157.717166666667,0.4,-0.4,0,-1.95666666666667,77.73,4.435,1001.60333333333
2016,325,0,158.9825,0.4,-0.4,0,-2.125,76.8933333333333,5.16833333333333,1001.55166666667,158.9825,0.4,-0.4,0,-2.125,76.8933333333333,5.16833333333333,1001.55166666667
2016,325,1,153.347666666667,0.4,-0.4,0,-2.79833333333333,80.17,3.87166666666667,1001.175,153.347666666667,0.4,-0.4,0,-2.79833333333333,80.17,3.87166666666667,1001.175
2016,325,2,143.874833333333,0.4,-0.4,0,-3.35,83.5166666666667,3.91666666666667,1001.57833333333,143.874833333333,0.4,-0.4,0,-3.35,83.5166666666667,3.91666666666667,1001.57833333333
2016,325,3,132.941166666667,0.4,-0.4,0,-3.52833333333333,83.0383333333333,4.24833333333333,1001.75166666667,132.941166666667,0.4,-0.4,0,-3.52833333333333,83.0383333333333,4.24833333333333,1001.75166666667
2016,325,4,121.540833333333,0.4,-0.4,0,-4.10166666666667,85.3716666666667,3.63333333333333,1001.64166666667,121.540833333333,0.4,-0.4,0,-4.10166666666667,85.3716666666667,3.63333333333333,1001.64166666667
2016,325,5,110.131,0.486666666666666,-0.4,0,-4.67,87.68,3.35833333333333,1001.75666666667,110.131,0.486666666666666,-0.4,0,-4.67,87.68,3.35833333333333,1001.75666666667
2016,325,6,99.0175,0.4,-0.318333333333333,0.015,-4.69333333333333,87.1183333333333,4.39333333333333,1002.615,99.0175,0.4,-0.318333333333333,0.015,-4.69333333333333,87.1183333333333,4.39333333333333,1002.615
2016,325,7,88.265,255.535,19.6783333333333,14.2433333333333,-4.65666666666667,87.535,4.025,1002.68666666667,88.265,255.535,19.6783333333333,14.2433333333333,-4.65666666666667,87.535,4.025,1002.68666666667
2016,325,8,78.8043333333333,540.791666666667,57.1916666666667,66.3516666666667,-3.72166666666667,81.725,5.14166666666666,1003.03166666667,78.8043333333333,540.791666666667,57.1916666666667,66.3516666666667,-3.72166666666667,81.725,5.14166666666666,1003.03166666667
2016,325,9,70.6298333333333,799.708333333333,73.135,137.801818181818,-2.76,74.7283333333334,5.27666666666667,1003.24833333333,70.6298333333333,799.708333333333,73.135,137.801818181818,-2.76,74.7283333333334,5.27666666666667,1003.24833333333
2016,325,10,64.4023333333333,925.918333333333,57.89,186.92,-1.83333333333333,68.8066666666667,4.55666666666667,1003.08,64.4023333333333,925.918333333333,57.89,186.92,-1.83333333333333,68.8066666666667,4.55666666666667,1003.08
2016,325,11,60.774,953.426666666667,59.3266666666667,215.843333333333,-0.938333333333333,64.875,4.43,1002.62333333333,60.774,953.426666666667,59.3266666666667,215.843333333333,-0.938333333333333,64.875,4.43,1002.62333333333
2016,325,12,60.2338333333333,952.688333333333,60.305,219.792156862745,-0.141666666666667,61.22,4.35166666666667,1001.79166666667,60.2338333333333,952.688333333333,60.305,219.792156862745,-0.141666666666667,61.22,4.35166666666667,1001.79166666667
2016,325,13,62.8611666666667,937.87,56.7566666666667,198.771186440678,0.801666666666667,57.7566666666667,4.15833333333333,1001.12833333333,62.8611666666667,937.87,56.7566666666667,198.771186440678,0.801666666666667,57.7566666666667,4.15833333333333,1001.12833333333
2016,325,14,68.2836666666667,884.786666666667,52.175,154.006666666667,1.48833333333333,54.9283333333333,4.24166666666667,1000.69333333333,68.2836666666667,884.786666666667,52.175,154.006666666667,1.48833333333333,54.9283333333333,4.24166666666667,1000.69333333333
2016,325,15,75.8796666666667,763.11,42.58,91.23,1.78333333333333,52.935,4.26,1000.655,75.8796666666667,763.11,42.58,91.23,1.78333333333333,52.935,4.26,1000.655
2016,325,16,84.9243333333333,447.5,22.2966666666667,26.6160714285714,1.61333333333333,55.9016666666667,3.44166666666667,1000.52,84.9243333333333,447.5,22.2966666666667,26.6160714285714,1.61333333333333,55.9016666666667,3.44166666666667,1000.52
2016,325,17,95.353,1.13,0.816666666666667,0.603333333333333,0.631666666666667,63.0883333333333,2.72333333333333,1000.56833333333,95.353,1.13,0.816666666666667,0.603333333333333,0.631666666666667,63.0883333333333,2.72333333333333,1000.56833333333
2016,325,18,106.3535,0.4,-0.4,-0.00833333333333333,-0.0366666666666667,65.2233333333333,2.16666666666667,1000.455,106.3535,0.4,-0.4,-0.00833333333333333,-0.0366666666666667,65.2233333333333,2.16666666666667,1000.455
2016,325,19,117.700833333333,0.4,-0.4,0.136363636363636,-0.53,67.5216666666667,2.15333333333333,1000.465,117.700833333333,0.4,-0.4,0.136363636363636,-0.53,67.5216666666667,2.15333333333333,1000.465
2016,325,20,129.155333333333,0.4,-0.4,NA,-0.923333333333334,69.2333333333333,2.105,1000.11333333333,129.155333333333,0.4,-0.4,0,-0.923333333333334,69.2333333333333,2.105,1000.11333333333
2016,325,21,140.3395,0.4,-0.4,0.06,-1.555,73.0333333333333,1.97,999.880000000001,140.3395,0.4,-0.4,0.06,-1.555,73.0333333333333,1.97,999.880000000001
2016,325,22,150.521333333333,0.466666666666666,-0.4,0,-2.06333333333333,77.6733333333333,0.960344827586206,999.781666666666,150.521333333333,0.466666666666666,-0.4,0,-2.06333333333333,77.6733333333333,0.960344827586206,999.781666666666
2016,325,23,157.902333333333,0.635,-0.4,NA,-2.16,77.6933333333333,0.858620689655172,999.661666666665,157.902333333333,0.635,-0.4,0,-2.16,77.6933333333333,0.858620689655172,999.661666666665
2016,326,0,159.207833333333,0.605,-0.4,0,-2.54833333333333,81.3366666666667,0.618333333333333,999.603333333333,159.207833333333,0.605,-0.4,0,-2.54833333333333,81.3366666666667,0.618333333333333,999.603333333333
2016,326,1,153.560166666667,1.09333333333333,-0.4,NA,-2.925,82.7233333333333,0.285294117647059,999.606666666666,153.560166666667,1.09333333333333,-0.4,-0.0254237288135593,-2.925,82.7233333333333,0.285294117647059,999.606666666666
2016,326,2,144.0655,0.840000000000001,-0.4,8.66666666666667,-3.205,83.0050000000001,0.501666666666667,1000.005,144.0655,0.840000000000001,-0.4,8.66666666666667,-3.205,83.0050000000001,0.501666666666667,1000.005
2016,326,3,133.121166666667,0.671666666666666,-0.4,0,-3.65,84.8183333333333,0.844230769230769,1000.05333333333,133.121166666667,0.671666666666666,-0.4,0,-3.65,84.8183333333333,0.844230769230769,1000.05333333333
2016,326,4,121.716666666667,0.639999999999999,-0.39,-0.230769230769231,-3.42833333333334,82.5883333333333,2.34833333333333,999.921666666668,121.716666666667,0.639999999999999,-0.39,-0.230769230769231,-3.42833333333334,82.5883333333333,2.34833333333333,999.921666666668
2016,326,5,110.3105,0.413333333333333,-0.4,-0.1,-3.19,81.2516666666667,1.54666666666667,999.956666666667,110.3105,0.413333333333333,-0.4,-0.1,-3.19,81.2516666666667,1.54666666666667,999.956666666667
2016,326,6,99.2033333333333,0.4,-0.325,1.575,-3.86833333333333,85.8466666666666,1.66166666666667,1000.125,99.2033333333333,0.4,-0.325,1.575,-3.86833333333333,85.8466666666666,1.66166666666667,1000.125
2016,326,7,88.4735,209.355,13.54,7.06,-3.99833333333334,86.775,0.92962962962963,1000.36,88.4735,209.355,13.54,7.06,-3.99833333333334,86.775,0.92962962962963,1000.36
2016,326,8,79.009,660.941666666666,41.6366666666667,80.5173913043478,-2.79,81.04,0.925,1000.81666666667,79.009,660.941666666666,41.6366666666667,80.5173913043478,-2.79,81.04,0.925,1000.81666666667
2016,326,9,70.8463333333333,830.84,54.81,137.402,-0.406666666666667,70.8233333333333,1.38166666666667,1001.31833333333,70.8463333333333,830.84,54.81,137.402,-0.406666666666667,70.8233333333333,1.38166666666667,1001.31833333333
2016,326,10,64.6263333333333,907.891666666667,60.955,180.422916666667,0.675,65.485,2.45166666666667,1001.18333333333,64.6263333333333,907.891666666667,60.955,180.422916666667,0.675,65.485,2.45166666666667,1001.18333333333
2016,326,11,60.9981666666667,935.28,65.665,210.265217391304,2.025,61.595,2.17833333333333,1000.61666666667,60.9981666666667,935.28,65.665,210.265217391304,2.025,61.595,2.17833333333333,1000.61666666667
2016,326,12,60.4455,940.321666666667,66.6483333333333,217.311111111111,3.21166666666667,58.4233333333333,2.04333333333333,1000.27166666667,60.4455,940.321666666667,66.6483333333333,217.311111111111,3.21166666666667,58.4233333333333,2.04333333333333,1000.27166666667
2016,326,13,63.0511666666667,917.868333333333,64.9366666666667,196.861403508772,4.25666666666667,53.1233333333333,1.91333333333333,999.9,63.0511666666667,917.868333333333,64.9366666666667,196.861403508772,4.25666666666667,53.1233333333333,1.91333333333333,999.9
2016,326,14,68.447,861.795,59.635,151.483333333333,4.88333333333334,51.0183333333333,2.32,999.341666666667,68.447,861.795,59.635,151.483333333333,4.88333333333334,51.0183333333333,2.32,999.341666666667
2016,326,15,76.0156666666667,552.91,51.1166666666667,77.305,5.21666666666667,49.5483333333333,1.645,999.16,76.0156666666667,552.91,51.1166666666667,77.305,5.21666666666667,49.5483333333333,1.645,999.16
2016,326,16,85.0335,63.45,45.435,21.4866666666667,4.45666666666667,55.1933333333333,2.115,998.788333333333,85.0335,63.45,45.435,21.4866666666667,4.45666666666667,55.1933333333333,2.115,998.788333333333
2016,326,17,95.4591666666667,0.451666666666666,0.236666666666667,0.346666666666667,3.63333333333334,60.0933333333333,2.50833333333333,998.599999999999,95.4591666666667,0.451666666666666,0.236666666666667,0.346666666666667,3.63333333333334,60.0933333333333,2.50833333333333,998.599999999999
2016,326,18,106.436833333333,0.4,-0.4,0.00833333333333333,3.07166666666667,60.2366666666667,2.41666666666667,998.680000000001,106.436833333333,0.4,-0.4,0.00833333333333333,3.07166666666667,60.2366666666667,2.41666666666667,998.680000000001
2016,326,19,117.778166666667,0.391666666666666,-0.398333333333333,0,2.26833333333333,66.0316666666667,2.745,998.894999999999,117.778166666667,0.391666666666666,-0.398333333333333,0,2.26833333333333,66.0316666666667,2.745,998.894999999999
2016,326,20,129.233,0.4,-0.4,0,1.655,69.0333333333333,2.95,999.174999999999,129.233,0.4,-0.4,0,1.655,69.0333333333333,2.95,999.174999999999
2016,326,21,140.429166666667,0.396666666666666,-0.395,0,0.713333333333334,73.3266666666667,3.34166666666667,998.976666666667,140.429166666667,0.396666666666666,-0.395,0,0.713333333333334,73.3266666666667,3.34166666666667,998.976666666667
2016,326,22,150.644166666667,0.4,-0.383333333333333,0,0.473333333333333,76.14,2.78166666666667,999.368333333334,150.644166666667,0.4,-0.383333333333333,0,0.473333333333333,76.14,2.78166666666667,999.368333333334
2016,326,23,158.0795,0.351666666666667,-0.338333333333333,0,0.585,76.3383333333334,3.19,999.658333333334,158.0795,0.351666666666667,-0.338333333333333,0,0.585,76.3383333333334,3.19,999.658333333334
2016,327,0,159.4265,0.4,-0.4,0,0.411666666666667,76.3166666666667,3.16166666666667,999.860000000001,159.4265,0.4,-0.4,0,0.411666666666667,76.3166666666667,3.16166666666667,999.860000000001
2016,327,1,153.77,0.365,-0.318333333333334,-0.0508474576271186,0.148333333333333,77.2966666666667,3.485,999.681666666667,153.77,0.365,-0.318333333333334,-0.0508474576271186,0.148333333333333,77.2966666666667,3.485,999.681666666667
2016,327,2,144.2545,0.305,-0.35,-0.01,0.454999999999999,77.6583333333333,5.33833333333333,999.341666666667,144.2545,0.305,-0.35,-0.01,0.454999999999999,77.6583333333333,5.33833333333333,999.341666666667
2016,327,3,133.2975,0.398333333333333,-0.37,0,0.461666666666667,81.27,5.20166666666667,999.228333333333,133.2975,0.398333333333333,-0.37,0,0.461666666666667,81.27,5.20166666666667,999.228333333333
2016,327,4,121.891333333333,0.4,-0.4,0.348275862068965,0.378333333333333,83.465,5.08166666666666,999.486666666666,121.891333333333,0.4,-0.4,0.348275862068965,0.378333333333333,83.465,5.08166666666666,999.486666666666
2016,327,5,110.488833333333,0.4,-0.4,-0.1375,0.346666666666667,83.7333333333333,4.69333333333333,999.315,110.488833333333,0.4,-0.4,-0.1375,0.346666666666667,83.7333333333333,4.69333333333333,999.315
2016,327,6,99.387,0.4,-0.366666666666667,NA,-0.0533333333333334,86.49,3.76333333333333,999.671666666667,99.387,0.4,-0.366666666666667,0.7875,-0.0533333333333334,86.49,3.76333333333333,999.671666666667
2016,327,7,88.6666666666667,0.4,10.0183333333333,15.55,-0.0433333333333333,86.1283333333333,4.93833333333333,999.878333333333,88.6666666666667,0.4,10.0183333333333,15.55,-0.0433333333333333,86.1283333333333,4.93833333333333,999.878333333333
2016,327,8,79.2108333333333,137.36,74.805,32.8166666666667,0.556666666666667,82.6366666666667,5.90833333333333,999.815,79.2108333333333,137.36,74.805,32.8166666666667,0.556666666666667,82.6366666666667,5.90833333333333,999.815
2016,327,9,71.0605,780.67,100.863333333333,153.594736842105,2.35666666666667,72.57,6.98,1000.31,71.0605,780.67,100.863333333333,153.594736842105,2.35666666666667,72.57,6.98,1000.31
2016,327,10,64.8465,681.021666666666,125.9,168.733333333333,4.05666666666667,65.1516666666667,7.70166666666667,1000.205,64.8465,681.021666666666,125.9,168.733333333333,4.05666666666667,65.1516666666667,7.70166666666667,1000.205
2016,327,11,61.2166666666667,481.556666666667,148.715,163.79298245614,5.28333333333333,61.195,7.71333333333333,999.141666666666,61.2166666666667,481.556666666667,148.715,163.79298245614,5.28333333333333,61.195,7.71333333333333,999.141666666666
2016,327,12,60.6515,6.63166666666666,219.203333333333,96.7366666666667,5.84,60.495,7.77166666666667,998.16,60.6515,6.63166666666666,219.203333333333,96.7366666666667,5.84,60.495,7.77166666666667,998.16
2016,327,13,63.2353333333333,200.886666666667,218.061666666667,130.141666666667,6.45,57.4966666666667,7.785,997.486666666667,63.2353333333333,200.886666666667,218.061666666667,130.141666666667,6.45,57.4966666666667,7.785,997.486666666667
2016,327,14,68.6038333333333,481.555,107.443333333333,120.733333333333,7.395,51.7733333333333,7.70666666666667,996.693333333333,68.6038333333333,481.555,107.443333333333,120.733333333333,7.395,51.7733333333333,7.70666666666667,996.693333333333
2016,327,15,76.1451666666667,4.46666666666666,84.6283333333333,38.035,7.345,53.7916666666667,6.49166666666667,996.398333333333,76.1451666666667,4.46666666666666,84.6283333333333,38.035,7.345,53.7916666666667,6.49166666666667,996.398333333333
2016,327,16,85.135,0.4,13.9083333333333,6.57,6.95333333333333,58.2016666666667,5.415,996.146666666666,85.135,0.4,13.9083333333333,6.57,6.95333333333333,58.2016666666667,5.415,996.146666666666
2016,327,17,95.5481666666667,0.321666666666667,0.0483333333333332,0.193333333333333,6.38333333333334,62.8416666666667,5.46333333333333,995.85,95.5481666666667,0.321666666666667,0.0483333333333332,0.193333333333333,6.38333333333334,62.8416666666667,5.46333333333333,995.85
2016,327,18,106.513166666667,0.378333333333333,-0.4,0,6.15333333333333,64.145,5.69666666666666,995.553333333334,106.513166666667,0.378333333333333,-0.4,0,6.15333333333333,64.145,5.69666666666666,995.553333333334
2016,327,19,117.847833333333,0.22,-0.4,0,5.59,68.82,7.10333333333333,994.935,117.847833333333,0.22,-0.4,0,5.59,68.82,7.10333333333333,994.935
2016,327,20,129.304,0.37,-0.15,0,5.14,72.7316666666667,5.56666666666667,995.393333333334,129.304,0.37,-0.15,0,5.14,72.7316666666667,5.56666666666667,995.393333333334
2016,327,21,140.512833333333,0.293333333333333,-0.391666666666666,0,4.74333333333333,78.1483333333333,5.87,995.336666666667,140.512833333333,0.293333333333333,-0.391666666666666,0,4.74333333333333,78.1483333333333,5.87,995.336666666667
2016,327,22,150.7585,0.283333333333333,-0.4,0,4.45166666666667,80.8483333333334,6.77833333333333,994.903333333333,150.7585,0.283333333333333,-0.4,0,4.45166666666667,80.8483333333334,6.77833333333333,994.903333333333
2016,327,23,158.2505,0.386666666666666,-0.39,0,4.30166666666666,83.8583333333333,8.20333333333333,994.915,158.2505,0.386666666666666,-0.39,0,4.30166666666666,83.8583333333333,8.20333333333333,994.915
2016,328,0,159.641833333333,0.188333333333333,-0.375,0,4.36166666666667,83.94,8.26333333333333,993.954999999999,159.641833333333,0.188333333333333,-0.375,0,4.36166666666667,83.94,8.26333333333333,993.954999999999
2016,328,1,153.9765,0.4,-0.393333333333333,0,4.27,85.1966666666667,6.78333333333333,993.808333333334,153.9765,0.4,-0.393333333333333,0,4.27,85.1966666666667,6.78333333333333,993.808333333334
2016,328,2,144.441333333333,0.4,-0.4,0,4.04333333333333,88.2716666666667,6.35833333333333,993.478333333333,144.441333333333,0.4,-0.4,0,4.04333333333333,88.2716666666667,6.35833333333333,993.478333333333
2016,328,3,133.474333333333,0.4,-0.4,0,3.77166666666667,93.1666666666666,7.415,992.768333333333,133.474333333333,0.4,-0.4,0,3.77166666666667,93.1666666666666,7.415,992.768333333333
2016,328,4,122.064333333333,0.4,-0.396666666666666,0,4.01333333333333,93.295,7.265,992.251666666666,122.064333333333,0.4,-0.396666666666666,0,4.01333333333333,93.295,7.265,992.251666666666
2016,328,5,110.663333333333,0.4,-0.396666666666666,0,4.145,93.3966666666667,6.74166666666667,991.941666666667,110.663333333333,0.4,-0.396666666666666,0,4.145,93.3966666666667,6.74166666666667,991.941666666667
2016,328,6,99.5681666666667,0.4,-0.4,0,4.19333333333333,95.5616666666667,7.95333333333333,991.155,99.5681666666667,0.4,-0.4,0,4.19333333333333,95.5616666666667,7.95333333333333,991.155
2016,328,7,88.8581666666667,0.35,1.10833333333333,0.64,4.435,96.3283333333334,8.01166666666667,990.500000000001,88.8581666666667,0.35,1.10833333333333,0.64,4.435,96.3283333333334,8.01166666666667,990.500000000001
2016,328,8,79.4095,0.391666666666666,6.29333333333333,3.47166666666667,5.02333333333333,96.1449999999999,5.98333333333333,990.270000000001,79.4095,0.391666666666666,6.29333333333333,3.47166666666667,5.02333333333333,96.1449999999999,5.98333333333333,990.270000000001
2016,328,9,71.2696666666667,0.193333333333333,19.02,9.94166666666667,5.63833333333333,95.2116666666666,4.92833333333333,989.968333333333,71.2696666666667,0.193333333333333,19.02,9.94166666666667,5.63833333333333,95.2116666666666,4.92833333333333,989.968333333333
2016,328,10,65.0615,-0.0633333333333334,26.5933333333333,14.0266666666667,6.46833333333334,92.77,6.00666666666667,989.538333333333,65.0615,-0.0633333333333334,26.5933333333333,14.0266666666667,6.46833333333334,92.77,6.00666666666667,989.538333333333
2016,328,11,61.4296666666667,-0.278333333333333,35.895,18.7883333333333,6.67333333333333,92.7683333333334,5.18166666666667,988.658333333333,61.4296666666667,-0.278333333333333,35.895,18.7883333333333,6.67333333333333,92.7683333333334,5.18166666666667,988.658333333333
2016,328,12,60.8506666666667,-0.305,38.1666666666667,20.1033333333333,7.00833333333334,94.43,5.47833333333333,987.743333333333,60.8506666666667,-0.305,38.1666666666667,20.1033333333333,7.00833333333334,94.43,5.47833333333333,987.743333333333
2016,328,13,63.412,-0.193333333333333,36.0116666666667,18.8666666666667,7.33833333333333,95.3600000000001,5.03666666666667,987.09,63.412,-0.193333333333333,36.0116666666667,18.8666666666667,7.33833333333333,95.3600000000001,5.03666666666667,987.09
2016,328,14,68.7525,0.145,19.285,10.2283333333333,7.69666666666667,95.8766666666667,4.9,986.940000000001,68.7525,0.145,19.285,10.2283333333333,7.69666666666667,95.8766666666667,4.9,986.940000000001
2016,328,15,76.269,0.381666666666666,13.0483333333333,6.81833333333333,7.79666666666667,96.7033333333334,5.32166666666667,987.335000000001,76.269,0.381666666666666,13.0483333333333,6.81833333333333,7.79666666666667,96.7033333333334,5.32166666666667,987.335000000001
2016,328,16,85.2308333333333,0.388333333333333,9.965,4.69833333333333,7.83166666666667,96.8316666666666,4.75333333333333,987.700000000001,85.2308333333333,0.388333333333333,9.965,4.69833333333333,7.83166666666667,96.8316666666666,4.75333333333333,987.700000000001
2016,328,17,95.6431666666667,0.185,-0.116666666666667,0.0733333333333333,7.895,97.2183333333332,4.03166666666667,988.088333333334,95.6431666666667,0.185,-0.116666666666667,0.0733333333333333,7.895,97.2183333333332,4.03166666666667,988.088333333334
2016,328,18,106.584166666667,0.0333333333333333,-0.216666666666667,0,8.38833333333333,97.3883333333333,5.11666666666666,988.675000000001,106.584166666667,0.0333333333333333,-0.216666666666667,0,8.38833333333333,97.3883333333333,5.11666666666666,988.675000000001
2016,328,19,117.910666666667,0.0766666666666667,-0.363333333333333,0,8.59000000000001,97.4866666666667,4.91333333333333,989.086666666666,117.910666666667,0.0766666666666667,-0.363333333333333,0,8.59000000000001,97.4866666666667,4.91333333333333,989.086666666666
2016,328,20,129.367,0.25,-0.4,0,8.85499999999999,97.3016666666667,4.65166666666667,989.501666666666,129.367,0.25,-0.4,0,8.85499999999999,97.3016666666667,4.65166666666667,989.501666666666
2016,328,21,140.588833333333,0.434999999999999,-0.4,0,8.02666666666667,95.9583333333334,6.635,990.091666666667,140.588833333333,0.434999999999999,-0.4,0,8.02666666666667,95.9583333333334,6.635,990.091666666667
2016,328,22,150.864333333333,0.4,-0.4,0,7.025,94.7583333333334,7.72833333333333,990.768333333334,150.864333333333,0.4,-0.4,0,7.025,94.7583333333334,7.72833333333333,990.768333333334
2016,328,23,158.412833333333,0.4,-0.4,0,6.335,95.0450000000001,7.11166666666667,991.468333333333,158.412833333333,0.4,-0.4,0,6.335,95.0450000000001,7.11166666666667,991.468333333333
2016,329,0,159.849,0.508333333333333,-0.4,0,5.71166666666667,94.39,7.51833333333333,992.108333333333,159.849,0.508333333333333,-0.4,0,5.71166666666667,94.39,7.51833333333333,992.108333333333
2016,329,1,154.178666666667,0.4,-0.4,0,5.47666666666666,91.47,6.98333333333333,992.745,154.178666666667,0.4,-0.4,0,5.47666666666666,91.47,6.98333333333333,992.745
2016,329,2,144.6255,0.4,-0.4,0,5.19333333333333,89.5183333333333,7.695,993.611666666667,144.6255,0.4,-0.4,0,5.19333333333333,89.5183333333333,7.695,993.611666666667
2016,329,3,133.648833333333,0.4,-0.4,0,4.98333333333333,89.3116666666667,6.66333333333333,994.18,133.648833333333,0.4,-0.4,0,4.98333333333333,89.3116666666667,6.66333333333333,994.18
2016,329,4,122.235833333333,0.4,-0.4,0,4.69,89.3783333333333,6.32333333333333,994.891666666667,122.235833333333,0.4,-0.4,0,4.69,89.3783333333333,6.32333333333333,994.891666666667
2016,329,5,110.836833333333,0.4,-0.375,0,4.42833333333334,87.5616666666667,5.73,995.678333333332,110.836833333333,0.4,-0.375,0,4.42833333333334,87.5616666666667,5.73,995.678333333332
2016,329,6,99.7483333333333,0.4,-0.395,0,4.26166666666666,86.7216666666667,5.35833333333333,996.131666666667,99.7483333333333,0.4,-0.395,0,4.26166666666666,86.7216666666667,5.35833333333333,996.131666666667
2016,329,7,89.0481666666667,0.4,1.95,1.08333333333333,4.08,86.145,4.54333333333333,996.638333333332,89.0481666666667,0.4,1.95,1.08333333333333,4.08,86.145,4.54333333333333,996.638333333332
2016,329,8,79.606,0.4,12.3433333333333,6.09833333333333,3.99833333333333,87.22,4.13833333333333,997.311666666666,79.606,0.4,12.3433333333333,6.09833333333333,3.99833333333333,87.22,4.13833333333333,997.311666666666
2016,329,9,71.4748333333333,0.4,27.025,13.23,3.915,85.9866666666667,4.49166666666667,997.805000000001,71.4748333333333,0.4,27.025,13.23,3.915,85.9866666666667,4.49166666666667,997.805000000001
2016,329,10,65.2723333333333,0.4,49.7383333333334,23.8816666666667,3.955,84.02,3.335,998.168333333333,65.2723333333333,0.4,49.7383333333334,23.8816666666667,3.955,84.02,3.335,998.168333333333
2016,329,11,61.6366666666667,0.4,58.43,28.1383333333333,3.88666666666667,83.5383333333333,3.68166666666667,998.058333333334,61.6366666666667,0.4,58.43,28.1383333333333,3.88666666666667,83.5383333333333,3.68166666666667,998.058333333334
2016,329,12,61.0448333333333,0.4,53.0683333333333,25.8,3.81333333333334,84.4966666666667,3.715,997.819999999999,61.0448333333333,0.4,53.0683333333333,25.8,3.81333333333334,84.4966666666667,3.715,997.819999999999
2016,329,13,63.5813333333333,0.4,56.1866666666666,26.8016666666667,3.71333333333333,85.335,3.81666666666667,997.456666666668,63.5813333333333,0.4,56.1866666666666,26.8016666666667,3.71333333333333,85.335,3.81666666666667,997.456666666668
2016,329,14,68.896,0.4,45.805,21.64,3.665,84.2366666666667,3.62333333333333,997.381666666667,68.896,0.4,45.805,21.64,3.665,84.2366666666667,3.62333333333333,997.381666666667
2016,329,15,76.3845,0.4,20.3366666666667,9.805,3.60166666666667,85.5433333333333,4.07333333333333,997.706666666668,76.3845,0.4,20.3366666666667,9.805,3.60166666666667,85.5433333333333,4.07333333333333,997.706666666668
2016,329,16,85.3201666666667,0.4,5.08666666666667,2.55333333333333,3.53,86.095,3.365,998.036666666667,85.3201666666667,0.4,5.08666666666667,2.55333333333333,3.53,86.095,3.365,998.036666666667
2016,329,17,95.7188333333333,0.4,-0.2,0.0283333333333333,3.63999999999999,85.94,3.45,998.576666666666,95.7188333333333,0.4,-0.2,0.0283333333333333,3.63999999999999,85.94,3.45,998.576666666666
2016,329,18,106.648333333333,0.4,-0.328333333333333,0,3.73666666666667,84.4083333333333,2.73166666666667,998.699999999999,106.648333333333,0.4,-0.328333333333333,0,3.73666666666667,84.4083333333333,2.73166666666667,998.699999999999
2016,329,19,117.968166666667,0.4,-0.335,0,3.74,85.175,1.99333333333333,998.713333333333,117.968166666667,0.4,-0.335,0,3.74,85.175,1.99333333333333,998.713333333333
2016,329,20,129.425166666667,0.4,-0.351666666666667,0,3.64,84.7066666666667,2.65833333333333,998.808333333334,129.425166666667,0.4,-0.351666666666667,0,3.64,84.7066666666667,2.65833333333333,998.808333333334
2016,329,21,140.657666666667,0.4,-0.365,0,3.54166666666667,83.0816666666667,2.96333333333333,999.078333333333,140.657666666667,0.4,-0.365,0,3.54166666666667,83.0816666666667,2.96333333333333,999.078333333333
2016,329,22,150.963166666667,0.4,-0.4,0,3.40166666666667,81.4883333333333,4.23333333333333,999.505,150.963166666667,0.4,-0.4,0,3.40166666666667,81.4883333333333,4.23333333333333,999.505
2016,329,23,158.568333333333,0.403333333333333,-0.378333333333333,0,3.40666666666667,82.0883333333334,3.465,999.526666666666,158.568333333333,0.403333333333333,-0.378333333333333,0,3.40666666666667,82.0883333333334,3.465,999.526666666666
2016,330,0,160.0525,0.4,-0.396666666666666,0,3.41833333333334,82.6133333333333,3.63833333333333,999.568333333333,160.0525,0.4,-0.396666666666666,0,3.41833333333334,82.6133333333333,3.63833333333333,999.568333333333
2016,330,1,154.377666666667,0.4,-0.373333333333333,0,3.49666666666667,82.3583333333333,3.44166666666667,999.716666666667,154.377666666667,0.4,-0.373333333333333,0,3.49666666666667,82.3583333333333,3.44166666666667,999.716666666667
2016,330,2,144.807666666667,0.4,-0.365,0,3.43166666666667,85.2433333333333,1.79333333333333,999.820000000001,144.807666666667,0.4,-0.365,0,3.43166666666667,85.2433333333333,1.79333333333333,999.820000000001
2016,330,3,133.820833333333,0.459999999999999,-0.338333333333333,0,3.505,84.4833333333334,1.55,999.978333333334,133.820833333333,0.459999999999999,-0.338333333333333,0,3.505,84.4833333333334,1.55,999.978333333334
2016,330,4,122.406333333333,0.4,-0.351666666666667,0,3.545,84.9066666666667,0.543333333333333,1000.04166666667,122.406333333333,0.4,-0.351666666666667,0,3.545,84.9066666666667,0.543333333333333,1000.04166666667
2016,330,5,111.009333333333,0.4,-0.363333333333334,0,3.53666666666667,85.8833333333333,1.17333333333333,1000.64333333333,111.009333333333,0.4,-0.363333333333334,0,3.53666666666667,85.8833333333333,1.17333333333333,1000.64333333333
2016,330,6,99.9263333333333,0.4,-0.315,0,3.42833333333334,89.5583333333334,1.89333333333333,1001.075,99.9263333333333,0.4,-0.315,0,3.42833333333334,89.5583333333334,1.89333333333333,1001.075
2016,330,7,89.2353333333333,0.4,3.715,1.93166666666667,3.405,90.6416666666667,1.655,1001.465,89.2353333333333,0.4,3.715,1.93166666666667,3.405,90.6416666666667,1.655,1001.465
2016,330,8,79.7991666666667,0.4,23.7466666666667,11.09,3.27833333333333,90.8483333333333,2.51666666666667,1002.01166666667,79.7991666666667,0.4,23.7466666666667,11.09,3.27833333333333,90.8483333333333,2.51666666666667,1002.01166666667
2016,330,9,71.6763333333333,0.536666666666666,80.5266666666667,36.2966666666667,3.15,85.735,3.50666666666667,1002.185,71.6763333333333,0.536666666666666,80.5266666666667,36.2966666666667,3.15,85.735,3.50666666666667,1002.185
2016,330,10,65.4773333333333,1.92,146.336666666667,65.6716666666667,3.51833333333333,80.32,3.625,1002.19,65.4773333333333,1.92,146.336666666667,65.6716666666667,3.51833333333333,80.32,3.625,1002.19
2016,330,11,61.8373333333333,44.0316666666667,183.546666666667,88.75,3.95,74.285,3.76666666666667,1001.96166666667,61.8373333333333,44.0316666666667,183.546666666667,88.75,3.95,74.285,3.76666666666667,1001.96166666667
2016,330,12,61.2306666666667,0.4,128.078333333333,58.0516666666667,4.04333333333333,74.9916666666667,2.99166666666667,1001.40166666667,61.2306666666667,0.4,128.078333333333,58.0516666666667,4.04333333333333,74.9916666666667,2.99166666666667,1001.40166666667
2016,330,13,63.7453333333333,0.398333333333333,104.056666666667,47.7016666666666,4.25833333333334,76.4583333333333,4.895,1001.51166666667,63.7453333333333,0.398333333333333,104.056666666667,47.7016666666666,4.25833333333334,76.4583333333333,4.895,1001.51166666667
2016,330,14,69.0325,0.4,109.343333333333,48.97,4.55666666666666,78.36,5.355,1001.51,69.0325,0.4,109.343333333333,48.97,4.55666666666666,78.36,5.355,1001.51
2016,330,15,76.4943333333333,0.398333333333333,54.9666666666667,24.69,4.72166666666667,80.57,5.05166666666667,1001.47666666667,76.4943333333333,0.398333333333333,54.9666666666667,24.69,4.72166666666667,80.57,5.05166666666667,1001.47666666667
2016,330,16,85.4033333333333,0.4,12.9483333333333,5.925,4.80000000000001,82.3633333333333,4.63666666666667,1001.96666666667,85.4033333333333,0.4,12.9483333333333,5.925,4.80000000000001,82.3633333333333,4.63666666666667,1001.96666666667
2016,330,17,95.8025,0.4,0.0166666666666665,0.14,4.725,84.8733333333333,2.93166666666667,1001.94166666667,95.8025,0.4,0.0166666666666665,0.14,4.725,84.8733333333333,2.93166666666667,1001.94166666667
2016,330,18,106.706333333333,0.4,-0.353333333333333,0,4.72666666666667,84.6516666666667,3.02666666666667,1002.37833333333,106.706333333333,0.4,-0.353333333333333,0,4.72666666666667,84.6516666666667,3.02666666666667,1002.37833333333
2016,330,19,118.019166666667,0.4,-0.358333333333334,0,4.70333333333333,84.8716666666667,2.54666666666667,1002.70833333333,118.019166666667,0.4,-0.358333333333334,0,4.70333333333333,84.8716666666667,2.54666666666667,1002.70833333333
2016,330,20,129.475833333333,0.4,-0.375,0,4.72166666666667,85.6966666666667,3.02833333333333,1002.95166666667,129.475833333333,0.4,-0.375,0,4.72166666666667,85.6966666666667,3.02833333333333,1002.95166666667
2016,330,21,140.718666666667,0.4,-0.39,0,4.73666666666666,85.335,2.85333333333333,1002.82166666667,140.718666666667,0.4,-0.39,0,4.73666666666666,85.335,2.85333333333333,1002.82166666667
2016,330,22,151.053833333333,0.376666666666666,-0.381666666666667,0,4.66666666666666,85.8766666666667,3.36333333333333,1002.85,151.053833333333,0.376666666666666,-0.381666666666667,0,4.66666666666666,85.8766666666667,3.36333333333333,1002.85
2016,330,23,158.715,0.4,-0.37,0,4.71666666666666,85.2133333333333,3.34333333333333,1002.89333333333,158.715,0.4,-0.37,0,4.71666666666666,85.2133333333333,3.34333333333333,1002.89333333333
2016,331,0,160.248666666667,0.4,-0.366666666666667,0,4.78,83.8883333333333,3.245,1002.785,160.248666666667,0.4,-0.366666666666667,0,4.78,83.8883333333333,3.245,1002.785
2016,331,1,154.571833333333,0.4,-0.381666666666666,0,4.755,84.325,3.59333333333333,1002.68,154.571833333333,0.4,-0.381666666666666,0,4.755,84.325,3.59333333333333,1002.68
2016,331,2,144.987333333333,0.358333333333333,-0.361666666666667,0,4.83833333333334,83.3233333333333,3.26833333333333,1003.12,144.987333333333,0.358333333333333,-0.361666666666667,0,4.83833333333334,83.3233333333333,3.26833333333333,1003.12
2016,331,3,133.991833333333,0.4,-0.4,0,4.53166666666667,85.9816666666667,3.13333333333333,1002.95166666667,133.991833333333,0.4,-0.4,0,4.53166666666667,85.9816666666667,3.13333333333333,1002.95166666667
2016,331,4,122.5745,0.4,-0.4,0,3.56666666666667,88.415,4.115,1002.895,122.5745,0.4,-0.4,0,3.56666666666667,88.415,4.115,1002.895
2016,331,5,111.1805,0.401666666666666,-0.4,0,2.48333333333333,91.2783333333334,3.06333333333333,1002.99166666667,111.1805,0.401666666666666,-0.4,0,2.48333333333333,91.2783333333334,3.06333333333333,1002.99166666667
2016,331,6,100.103,0.4,-0.391666666666666,0,1.73833333333333,93.32,2.055,1003.025,100.103,0.4,-0.391666666666666,0,1.73833333333333,93.32,2.055,1003.025
2016,331,7,89.4193333333333,26.765,13.2766666666667,7.15,0.911666666666667,96.1416666666667,1.51833333333333,1003.22833333333,89.4193333333333,26.765,13.2766666666667,7.15,0.911666666666667,96.1416666666667,1.51833333333333,1003.22833333333
2016,331,8,79.988,397.848333333333,63.36,55.6583333333333,1.475,95.1333333333333,1.47333333333333,1003.29833333333,79.988,397.848333333333,63.36,55.6583333333333,1.475,95.1333333333333,1.47333333333333,1003.29833333333
2016,331,9,71.8738333333333,631.423333333334,95.9916666666667,116.195,2.77833333333333,91.7816666666667,2.37,1003.40666666667,71.8738333333333,631.423333333334,95.9916666666667,116.195,2.77833333333333,91.7816666666667,2.37,1003.40666666667
2016,331,10,65.6773333333333,614.876666666667,146.921666666667,160.895,4.62833333333333,87.5866666666666,3.535,1003.18,65.6773333333333,614.876666666667,146.921666666667,160.895,4.62833333333333,87.5866666666666,3.535,1003.18
2016,331,11,62.0328333333333,296.065,245.971666666667,160.193333333333,6.24166666666667,83.2083333333333,5.37833333333333,1002.425,62.0328333333333,296.065,245.971666666667,160.193333333333,6.24166666666667,83.2083333333333,5.37833333333333,1002.425
2016,331,12,61.4103333333333,208.306666666667,257.815,148.886440677966,7.12,79.5733333333334,5.93166666666667,1001.45,61.4103333333333,208.306666666667,257.815,148.886440677966,7.12,79.5733333333334,5.93166666666667,1001.45
2016,331,13,63.9008333333333,201.081666666667,209.468333333333,125.128333333333,7.57833333333333,75.975,6.45,1000.78166666667,63.9008333333333,201.081666666667,209.468333333333,125.128333333333,7.57833333333333,75.975,6.45,1000.78166666667
2016,331,14,69.1616666666667,417.115,148.825,120.463793103448,8.075,73.3716666666667,5.94166666666667,999.943333333334,69.1616666666667,417.115,148.825,120.463793103448,8.075,73.3716666666667,5.94166666666667,999.943333333334
2016,331,15,76.5976666666667,372.14,93.2583333333333,73.0830508474576,8.26666666666667,72.095,5.66,999.318333333333,76.5976666666667,372.14,93.2583333333333,73.0830508474576,8.26666666666667,72.095,5.66,999.318333333333
2016,331,16,85.48,71.94,30.5216666666667,16.7204081632653,7.145,79.1983333333333,4.985,998.576666666666,85.48,71.94,30.5216666666667,16.7204081632653,7.145,79.1983333333333,4.985,998.576666666666
2016,331,17,95.8665,0.396666666666666,0.675000000000001,0.376666666666667,5.765,82.9483333333334,5.11833333333333,998.038333333333,95.8665,0.396666666666666,0.675000000000001,0.376666666666667,5.765,82.9483333333334,5.11833333333333,998.038333333333
2016,331,18,106.758666666667,0.4,-0.4,0,4.495,86.36,4.02,997.816666666666,106.758666666667,0.4,-0.4,0,4.495,86.36,4.02,997.816666666666
2016,331,19,118.064833333333,0.075,-0.4,0,3.85666666666667,87.9066666666667,4.54,997.6,118.064833333333,0.075,-0.4,0,3.85666666666667,87.9066666666667,4.54,997.6
2016,331,20,129.521833333333,0.218333333333333,-0.4,0,3.31333333333333,89.0900000000001,5.77333333333333,997.186666666666,129.521833333333,0.218333333333333,-0.4,0,3.31333333333333,89.0900000000001,5.77333333333333,997.186666666666
2016,331,21,140.773333333333,0.375,-0.4,0,2.82166666666666,90.0683333333333,5.63333333333333,996.773333333333,140.773333333333,0.375,-0.4,0,2.82166666666666,90.0683333333333,5.63333333333333,996.773333333333
2016,331,22,151.137333333333,0.266666666666667,-0.4,0,2.51,90.74,6.00333333333333,996.135,151.137333333333,0.266666666666667,-0.4,0,2.51,90.74,6.00333333333333,996.135
2016,331,23,158.854333333333,0.386666666666666,-0.4,0,2.06,92.0266666666667,3.94666666666667,996.206666666668,158.854333333333,0.386666666666666,-0.4,0,2.06,92.0266666666667,3.94666666666667,996.206666666668
2016,332,0,160.439833333333,0.4,-0.4,0,1.67166666666667,93.2166666666667,3.25666666666667,996.15,160.439833333333,0.4,-0.4,0,1.67166666666667,93.2166666666667,3.25666666666667,996.15
2016,332,1,154.7635,0.0666666666666666,-0.4,0,1.61,93.8516666666666,4.695,995.485000000001,154.7635,0.0666666666666666,-0.4,0,1.61,93.8516666666666,4.695,995.485000000001
2016,332,2,145.164,0.4,-0.4,0,1.25333333333333,94.9316666666667,3.18333333333333,995.568333333332,145.164,0.4,-0.4,0,1.25333333333333,94.9316666666667,3.18333333333333,995.568333333332
2016,332,3,134.160666666667,0.378333333333333,-0.4,0,0.610000000000001,96.9533333333332,4.11833333333333,995.091666666667,134.160666666667,0.378333333333333,-0.4,0,0.610000000000001,96.9533333333332,4.11833333333333,995.091666666667
2016,332,4,122.7415,0.4,-0.4,0,0.62,97.8033333333334,4.58333333333334,994.245,122.7415,0.4,-0.4,0,0.62,97.8033333333334,4.58333333333334,994.245
2016,332,5,111.350166666667,0.33,-0.4,0,0.511666666666667,98.6583333333333,5.01666666666667,994.044999999999,111.350166666667,0.33,-0.4,0,0.511666666666667,98.6583333333333,5.01666666666667,994.044999999999
2016,332,6,100.2765,0.301666666666667,-0.373333333333333,0,0.673333333333334,99.4166666666667,5.1,993.918333333334,100.2765,0.301666666666667,-0.373333333333333,0,0.673333333333334,99.4166666666667,5.1,993.918333333334
2016,332,7,89.6021666666667,0.4,6.13833333333333,2.735,0.796666666666667,99.9438596491228,5.695,993.973333333334,89.6021666666667,0.4,6.13833333333333,2.735,0.796666666666667,99.9438596491228,5.695,993.973333333334
2016,332,8,80.1738333333333,0.4,41.9533333333333,18.255,1.205,100,5.37333333333333,993.848333333333,80.1738333333333,0.4,41.9533333333333,18.255,1.205,100,5.37333333333333,993.848333333333
2016,332,9,72.0676666666667,0.398333333333333,79.9516666666667,35.0666666666667,1.71666666666667,99.9764705882353,6.36333333333333,993.855,72.0676666666667,0.398333333333333,79.9516666666667,35.0666666666667,1.71666666666667,99.9764705882353,6.36333333333333,993.855
2016,332,10,65.8731666666667,0.4,88.49,39.0066666666667,1.93,99.9615384615385,5.65666666666667,993.516666666667,65.8731666666667,0.4,88.49,39.0066666666667,1.93,99.9615384615385,5.65666666666667,993.516666666667
2016,332,11,62.2221666666667,0.4,106.598333333333,47.1016666666667,2.22,99.9666666666667,7.41666666666667,992.403333333334,62.2221666666667,0.4,106.598333333333,47.1016666666667,2.22,99.9666666666667,7.41666666666667,992.403333333334
2016,332,12,61.584,0.4,120.375,53.5266666666667,2.57,99.7107142857143,8.12,991.668333333333,61.584,0.4,120.375,53.5266666666667,2.57,99.7107142857143,8.12,991.668333333333
2016,332,13,64.0513333333333,0.4,117.375,52.4133333333333,3.515,97.975,7.86166666666667,990.653333333334,64.0513333333333,0.4,117.375,52.4133333333333,3.515,97.975,7.86166666666667,990.653333333334
2016,332,14,69.2841666666667,1.00833333333333,139.023333333333,60.615,5.00166666666667,90.53,7.81833333333334,989.343333333333,69.2841666666667,1.00833333333333,139.023333333333,60.615,5.00166666666667,90.53,7.81833333333334,989.343333333333
2016,332,15,76.6948333333333,0.516666666666666,82.0783333333333,35.355,6.105,85.5183333333333,8.75166666666667,988.061666666666,76.6948333333333,0.516666666666666,82.0783333333333,35.355,6.105,85.5183333333333,8.75166666666667,988.061666666666
2016,332,16,85.5513333333333,0.331666666666666,15.225,6.705,6.33833333333333,85.4783333333333,7.57166666666667,987.5,85.5513333333333,0.331666666666666,15.225,6.705,6.33833333333333,85.4783333333333,7.57166666666667,987.5
2016,332,17,95.9361666666667,0.31,-0.27,0.055,6.37333333333333,83.2383333333333,7.33166666666667,987.378333333334,95.9361666666667,0.31,-0.27,0.055,6.37333333333333,83.2383333333333,7.33166666666667,987.378333333334
2016,332,18,106.803833333333,0.258333333333333,-0.4,0,5.90833333333333,85.2133333333333,6.80333333333333,986.654999999999,106.803833333333,0.258333333333333,-0.4,0,5.90833333333333,85.2133333333333,6.80333333333333,986.654999999999
2016,332,19,118.103333333333,0.123333333333333,-0.4,0,5.895,84.295,7.155,986.421666666667,118.103333333333,0.123333333333333,-0.4,0,5.895,84.295,7.155,986.421666666667
2016,332,20,129.560333333333,0.045,-0.4,0,5.97333333333333,81.93,7.7,985.77,129.560333333333,0.045,-0.4,0,5.97333333333333,81.93,7.7,985.77
2016,332,21,140.821166666667,0.398333333333333,-0.4,0,5.73166666666666,83.51,8.48333333333333,984.75,140.821166666667,0.398333333333333,-0.4,0,5.73166666666666,83.51,8.48333333333333,984.75
2016,332,22,151.212666666667,0.173333333333333,-0.4,0,5.61666666666667,83.515,8.445,983.560000000001,151.212666666667,0.173333333333333,-0.4,0,5.61666666666667,83.515,8.445,983.560000000001
2016,332,23,158.985666666667,0.01,-0.4,0,5.815,80.105,9.08,982.498333333334,158.985666666667,0.01,-0.4,0,5.815,80.105,9.08,982.498333333334
2016,333,0,160.623666666667,-0.0333333333333333,-0.4,0,6.13166666666667,77.8066666666666,10.2133333333333,981.66,160.623666666667,-0.0333333333333333,-0.4,0,6.13166666666667,77.8066666666666,10.2133333333333,981.66
2016,333,1,154.951666666667,-1.57281595155231e-17,-0.4,0,6.165,79.2233333333334,9.18666666666667,981.623333333333,154.951666666667,-1.57281595155231e-17,-0.4,0,6.165,79.2233333333334,9.18666666666667,981.623333333333
2016,333,2,145.338,0.101666666666667,-0.4,0,6.05166666666667,82.2916666666667,10.335,980.689999999999,145.338,0.101666666666667,-0.4,0,6.05166666666667,82.2916666666667,10.335,980.689999999999
2016,333,3,134.326666666667,0.4,-0.4,0,5.805,87.9883333333334,11.3583333333333,980.026666666666,134.326666666667,0.4,-0.4,0,5.805,87.9883333333334,11.3583333333333,980.026666666666
2016,333,4,122.907,0.343333333333333,-0.4,0,6.01166666666667,87.9833333333334,11.115,979.086666666667,122.907,0.343333333333333,-0.4,0,6.01166666666667,87.9833333333334,11.115,979.086666666667
2016,333,5,111.517333333333,0.248333333333333,-0.4,0,6.45333333333333,85.5116666666667,10.7116666666667,978.983333333333,111.517333333333,0.248333333333333,-0.4,0,6.45333333333333,85.5116666666667,10.7116666666667,978.983333333333
2016,333,6,100.448166666667,0.045,-0.4,0,6.565,86.3383333333334,10.1683333333333,978.448333333333,100.448166666667,0.045,-0.4,0,6.565,86.3383333333334,10.1683333333333,978.448333333333
2016,333,7,89.7823333333333,-0.128333333333333,1.38,0.861666666666666,6.805,88.145,10.0866666666667,978.046666666667,89.7823333333333,-0.128333333333333,1.38,0.861666666666666,6.805,88.145,10.0866666666667,978.046666666667
2016,333,8,80.3568333333333,0.17,9.17166666666667,4.73,6.805,92.2383333333334,10.355,977.245000000001,80.3568333333333,0.17,9.17166666666667,4.73,6.805,92.2383333333334,10.355,977.245000000001
2016,333,9,72.257,0.206666666666667,24.195,12.1183333333333,6.83166666666666,93.8483333333334,9.43666666666667,976.35,72.257,0.206666666666667,24.195,12.1183333333333,6.83166666666666,93.8483333333334,9.43666666666667,976.35
2016,333,10,66.0631666666667,-0.0183333333333333,25.4416666666667,13.5016666666667,7.53666666666667,92.3683333333334,10.2133333333333,975.085,66.0631666666667,-0.0183333333333333,25.4416666666667,13.5016666666667,7.53666666666667,92.3683333333334,10.2133333333333,975.085
2016,333,11,62.4043333333333,-0.295,15.375,8.89333333333334,8.63333333333333,91.7899999999999,10.79,973.863333333333,62.4043333333333,-0.295,15.375,8.89333333333334,8.63333333333333,91.7899999999999,10.79,973.863333333333
2016,333,12,61.7511666666667,-0.395,27.9733333333333,15.4633333333333,8.86,93.9583333333333,10.6416666666667,972.845,61.7511666666667,-0.395,27.9733333333333,15.4633333333333,8.86,93.9583333333333,10.6416666666667,972.845
2016,333,13,64.1933333333333,-0.4,21.0833333333333,11.83,9.49333333333333,94.695,9.34666666666667,971.63,64.1933333333333,-0.4,21.0833333333333,11.83,9.49333333333333,94.695,9.34666666666667,971.63
2016,333,14,69.3998333333333,0.131666666666667,18.09,10.0366666666667,9.95833333333333,94.9533333333333,9.97333333333333,969.865,69.3998333333333,0.131666666666667,18.09,10.0366666666667,9.95833333333333,94.9533333333333,9.97333333333333,969.865
2016,333,15,76.7846666666667,0.36,10.2866666666667,5.41666666666667,9.68666666666667,93.785,10.5616666666667,968.575,76.7846666666667,0.36,10.2866666666667,5.41666666666667,9.68666666666667,93.785,10.5616666666667,968.575
2016,333,16,85.6146666666667,0.4,6.07333333333333,2.95333333333333,9.41833333333333,93.005,12.3933333333333,967.426666666666,85.6146666666667,0.4,6.07333333333333,2.95333333333333,9.41833333333333,93.005,12.3933333333333,967.426666666666
2016,333,17,95.9875,-0.195,-0.316666666666667,0.00166666666666667,9.70166666666666,93.4283333333333,11.0366666666667,966.718333333333,95.9875,-0.195,-0.316666666666667,0.00166666666666667,9.70166666666666,93.4283333333333,11.0366666666667,966.718333333333
2016,333,18,106.843333333333,-0.356666666666667,-0.4,0,10,94.2933333333333,11.3033333333333,964.82,106.843333333333,-0.356666666666667,-0.4,0,10,94.2933333333333,11.3033333333333,964.82
2016,333,19,118.134833333333,0.25,-0.4,NA,10.1766666666667,94.055,8.06833333333334,964.786666666667,118.134833333333,0.25,-0.4,0,10.1766666666667,94.055,8.06833333333334,964.786666666667
2016,333,20,129.5915,0.39,-0.4,NA,10.1883333333333,93.555,8.88666666666666,965.711666666667,129.5915,0.39,-0.4,0,10.1883333333333,93.555,8.88666666666666,965.711666666667
2016,333,21,140.863333333333,0.0633333333333333,-0.4,NA,10.1833333333333,91.9016666666667,10.2933333333333,966.514999999999,140.863333333333,0.0633333333333333,-0.4,0,10.1833333333333,91.9016666666667,10.2933333333333,966.514999999999
2016,333,22,151.282,-0.0966666666666667,-0.398333333333333,NA,10.1683333333333,89.71,10.2783333333333,967.475,151.282,-0.0966666666666667,-0.398333333333333,0,10.1683333333333,89.71,10.2783333333333,967.475
2016,333,23,159.109166666667,0.02,-0.4,NA,9.77833333333334,88.9833333333333,10.0266666666667,969.006666666667,159.109166666667,0.02,-0.4,0,9.77833333333334,88.9833333333333,10.0266666666667,969.006666666667
2016,334,0,160.802166666667,-0.23,-0.4,NA,9.28,88.8583333333333,10.1166666666667,970.206666666667,160.802166666667,-0.23,-0.4,0,9.28,88.8583333333333,10.1166666666667,970.206666666667
2016,334,1,155.134333333333,-0.305,-0.4,NA,8.68166666666667,89.2966666666667,8.97666666666666,971.481666666667,155.134333333333,-0.305,-0.4,0,8.68166666666667,89.2966666666667,8.97666666666666,971.481666666667
2016,334,2,145.509333333333,0.285,-0.4,NA,7.88666666666667,90.0466666666666,5.155,971.078333333333,145.509333333333,0.285,-0.4,0,7.88666666666667,90.0466666666666,5.155,971.078333333333
2016,334,3,134.492333333333,-0.0466666666666667,-0.4,NA,6.81666666666667,92.4883333333333,4.51833333333333,971.16,134.492333333333,-0.0466666666666667,-0.4,0,6.81666666666667,92.4883333333333,4.51833333333333,971.16
2016,334,4,123.069666666667,-0.168333333333333,-0.4,NA,7.08,91.05,6.23833333333333,972.448333333334,123.069666666667,-0.168333333333333,-0.4,0,7.08,91.05,6.23833333333333,972.448333333334
2016,334,5,111.682166666667,-0.211666666666667,-0.4,NA,7.30500000000001,91.1866666666667,6.82499999999999,973.355,111.682166666667,-0.211666666666667,-0.4,0,7.30500000000001,91.1866666666667,6.82499999999999,973.355
2016,334,6,100.617833333333,-0.355,-0.4,NA,7.27,92.2399999999999,7.24166666666667,974.619999999999,100.617833333333,-0.355,-0.4,0,7.27,92.2399999999999,7.24166666666667,974.619999999999
2016,334,7,89.96,2.86,6.885,NA,7.29166666666667,92.1766666666667,6.95333333333333,975.685000000001,89.96,2.86,6.885,3.54833333333333,7.29166666666667,92.1766666666667,6.95333333333333,975.685000000001
2016,334,8,80.5355,39.4216666666667,64.48,NA,7.59333333333333,92.6783333333333,7.29333333333333,976.113333333332,80.5355,39.4216666666667,64.48,31.0108333333333,7.59333333333333,92.6783333333333,7.29333333333333,976.113333333332
2016,334,9,72.4406666666667,253.505,127.556666666667,NA,8.56166666666667,91.6683333333334,8.05333333333333,976.346666666668,72.4406666666667,253.505,127.556666666667,64.3458333333333,8.56166666666667,91.6683333333334,8.05333333333333,976.346666666668
2016,334,10,66.2476666666667,723.268333333333,95.0933333333333,178.51875,10.0416666666667,87.395,8.41833333333333,976.768333333334,66.2476666666667,723.268333333333,95.0933333333333,178.51875,10.0416666666667,87.395,8.41833333333333,976.768333333334
2016,334,11,62.5815,667.066666666666,154.79,196.405,11.6616666666667,79.88,8.09666666666667,976.65,62.5815,667.066666666666,154.79,196.405,11.6616666666667,79.88,8.09666666666667,976.65
2016,334,12,61.9108333333333,336.343333333333,256.498333333333,178.653333333333,12.495,73.38,7.61166666666667,975.96,61.9108333333333,336.343333333333,256.498333333333,178.653333333333,12.495,73.38,7.61166666666667,975.96
2016,334,13,64.3295,601.89,114.418333333333,164.586666666667,13.39,69.9933333333333,8.165,975.016666666666,64.3295,601.89,114.418333333333,164.586666666667,13.39,69.9933333333333,8.165,975.016666666666
2016,334,14,69.5083333333333,114.791666666667,175.708333333333,94.1333333333334,12.9216666666667,71.6866666666667,8.12833333333333,974.114999999999,69.5083333333333,114.791666666667,175.708333333333,94.1333333333334,12.9216666666667,71.6866666666667,8.12833333333333,974.114999999999
2016,334,15,76.8673333333333,267.825,101.24,65.7066666666667,12.7583333333333,75.4783333333333,8.46166666666667,974.636666666666,76.8673333333333,267.825,101.24,65.7066666666667,12.7583333333333,75.4783333333333,8.46166666666667,974.636666666666
2016,334,16,85.6736666666667,269.951666666667,24.6466666666667,21.945,12.4933333333333,78.7766666666667,7.425,974.856666666667,85.6736666666667,269.951666666667,24.6466666666667,21.945,12.4933333333333,78.7766666666667,7.425,974.856666666667
2016,334,17,96.0325,0.125,0.223333333333334,0.338333333333333,11.3833333333333,81.9016666666667,7.535,975.761666666667,96.0325,0.125,0.223333333333334,0.338333333333333,11.3833333333333,81.9016666666667,7.535,975.761666666667
2016,334,18,106.876333333333,-0.0333333333333333,-0.4,0,10.9566666666667,81.4166666666667,7.39666666666667,976.583333333333,106.876333333333,-0.0333333333333333,-0.4,0,10.9566666666667,81.4166666666667,7.39666666666667,976.583333333333
2016,334,19,118.162,0.355,-0.4,0,9.94333333333333,85.2116666666667,5.32166666666667,976.941666666666,118.162,0.355,-0.4,0,9.94333333333333,85.2116666666667,5.32166666666667,976.941666666666
2016,334,20,129.6165,0.318333333333333,-0.4,0,8.54833333333333,89.665,4.32,977.093333333333,129.6165,0.318333333333333,-0.4,0,8.54833333333333,89.665,4.32,977.093333333333
2016,334,21,140.897833333333,0.0683333333333333,-0.4,0,8.44,90.3716666666666,4.31833333333334,977.435,140.897833333333,0.0683333333333333,-0.4,0,8.44,90.3716666666666,4.31833333333334,977.435
2016,334,22,151.3425,0.285,-0.4,0,7.73666666666667,92.12,3.955,977.568333333332,151.3425,0.285,-0.4,0,7.73666666666667,92.12,3.955,977.568333333332
2016,334,23,159.225,-0.138333333333333,-0.331666666666667,0,8.19666666666667,90.92,4.78166666666667,977.805,159.225,-0.138333333333333,-0.331666666666667,0,8.19666666666667,90.92,4.78166666666667,977.805
2016,335,0,160.974333333333,-0.0666666666666666,-0.4,0,7.295,89.1066666666667,4.99166666666667,978.021666666666,160.974333333333,-0.0666666666666666,-0.4,0,7.295,89.1066666666667,4.99166666666667,978.021666666666
2016,335,1,155.315,0.4,-0.4,0,5.62333333333333,79.5833333333333,3.59666666666667,978.550000000001,155.315,0.4,-0.4,0,5.62333333333333,79.5833333333333,3.59666666666667,978.550000000001
2016,335,2,145.6795,0.4,-0.4,0,4.60666666666667,79.5716666666667,3.33,978.941666666667,145.6795,0.4,-0.4,0,4.60666666666667,79.5716666666667,3.33,978.941666666667
2016,335,3,134.654833333333,0.393333333333333,-0.4,0,3.80833333333334,80.88,2.345,978.831666666667,134.654833333333,0.393333333333333,-0.4,0,3.80833333333334,80.88,2.345,978.831666666667
2016,335,4,123.230666666667,0.4,-0.4,0,3.06666666666667,82.9183333333333,2.73833333333333,978.820000000001,123.230666666667,0.4,-0.4,0,3.06666666666667,82.9183333333333,2.73833333333333,978.820000000001
2016,335,5,111.844833333333,0.4,-0.4,0,2.22333333333333,85.6283333333334,3.135,978.486666666668,111.844833333333,0.4,-0.4,0,2.22333333333333,85.6283333333334,3.135,978.486666666668
2016,335,6,100.784666666667,0.4,-0.4,0,2.24333333333333,82.6316666666667,2.78166666666667,978.545,100.784666666667,0.4,-0.4,0,2.24333333333333,82.6316666666667,2.78166666666667,978.545
2016,335,7,90.135,82.1383333333333,8.23833333333334,6.235,1.6,85.7016666666666,2.80166666666667,979.04,90.135,82.1383333333333,8.23833333333334,6.235,1.6,85.7016666666666,2.80166666666667,979.04
2016,335,8,80.711,561.586666666667,38.7266666666667,57.2916666666667,1.51,88.98,2.72666666666667,979.229999999999,80.711,561.586666666667,38.7266666666667,57.2916666666667,1.51,88.98,2.72666666666667,979.229999999999
2016,335,9,72.6205,777.251666666667,55.2016666666667,116.573333333333,3.445,79.4016666666667,4.81,979.094999999999,72.6205,777.251666666667,55.2016666666667,116.573333333333,3.445,79.4016666666667,4.81,979.094999999999
2016,335,10,66.4266666666667,863.793333333333,63.8116666666667,168.396666666667,4.53666666666667,72.9216666666667,6.79666666666667,979.371666666667,66.4266666666667,863.793333333333,63.8116666666667,168.396666666667,4.53666666666667,72.9216666666667,6.79666666666667,979.371666666667
2016,335,11,62.753,786.425,101.975,191.341666666667,4.92666666666667,71.245,7.40833333333333,978.96,62.753,786.425,101.975,191.341666666667,4.92666666666667,71.245,7.40833333333333,978.96
2016,335,12,62.064,199.33,236.831666666667,138.818333333333,4.62333333333333,72.1533333333333,8.26833333333333,978.273333333332,62.064,199.33,236.831666666667,138.818333333333,4.62333333333333,72.1533333333333,8.26833333333333,978.273333333332
2016,335,13,64.458,0.403333333333333,89.5883333333333,40.4233333333333,3.73166666666667,76.58,8.56666666666667,978.338333333333,64.458,0.403333333333333,89.5883333333333,40.4233333333333,3.73166666666667,76.58,8.56666666666667,978.338333333333
2016,335,14,69.6108333333333,0.4,46.0116666666667,21.6716666666667,3.10833333333333,78.3033333333333,8.68833333333333,979.013333333334,69.6108333333333,0.4,46.0116666666667,21.6716666666667,3.10833333333333,78.3033333333333,8.68833333333333,979.013333333334
2016,335,15,76.9441666666667,0.4,23.4933333333333,11.1466666666667,2.98833333333333,77.78,8.645,979.920000000001,76.9441666666667,0.4,23.4933333333333,11.1466666666667,2.98833333333333,77.78,8.645,979.920000000001
2016,335,16,85.7381666666667,0.4,4.11,2.12666666666667,2.91666666666667,80.58,6.99666666666667,980.713333333334,85.7381666666667,0.4,4.11,2.12666666666667,2.91666666666667,80.58,6.99666666666667,980.713333333334
2016,335,17,96.0718333333333,0.533333333333333,-0.158333333333333,0.0766666666666667,2.81666666666667,82.8266666666667,7.28,981.54,96.0718333333333,0.533333333333333,-0.158333333333333,0.0766666666666667,2.81666666666667,82.8266666666667,7.28,981.54
2016,335,18,106.903333333333,0.433333333333333,-0.4,0,2.595,85.7066666666667,6.62833333333333,982.216666666667,106.903333333333,0.433333333333333,-0.4,0,2.595,85.7066666666667,6.62833333333333,982.216666666667
2016,335,19,118.181666666667,0.386666666666666,-0.4,0,2.99333333333333,74.2766666666666,7.79333333333333,982.463333333333,118.181666666667,0.386666666666666,-0.4,0,2.99333333333333,74.2766666666666,7.79333333333333,982.463333333333
2016,335,20,129.635833333333,0.4,-0.4,0,2.76666666666667,76.445,6.60666666666667,982.781666666668,129.635833333333,0.4,-0.4,0,2.76666666666667,76.445,6.60666666666667,982.781666666668
2016,335,21,140.925333333333,0.4,-0.4,0,2.76166666666666,73.1983333333333,6.975,982.749999999999,140.925333333333,0.4,-0.4,0,2.76166666666666,73.1983333333333,6.975,982.749999999999
2016,335,22,151.394833333333,0.4,-0.4,0,2.59833333333333,76.315,6.19,982.704999999999,151.394833333333,0.4,-0.4,0,2.59833333333333,76.315,6.19,982.704999999999
2016,335,23,159.3325,0.386666666666666,-0.4,0,2.595,75.2283333333333,7.32666666666667,982.903333333334,159.3325,0.386666666666666,-0.4,0,2.595,75.2283333333333,7.32666666666667,982.903333333334
2016,336,0,161.139333333333,0.4,-0.4,0,2.38,75.4483333333334,8.05166666666667,983.116666666666,161.139333333333,0.4,-0.4,0,2.38,75.4483333333334,8.05166666666667,983.116666666666
2016,336,1,155.489166666667,0.396666666666666,-0.4,0,2.26166666666667,75.165,8.31833333333333,983.405,155.489166666667,0.396666666666666,-0.4,0,2.26166666666667,75.165,8.31833333333333,983.405
2016,336,2,145.846166666667,0.376666666666666,-0.4,0,2.03666666666666,77.585,7.77166666666667,984.121666666667,145.846166666667,0.376666666666666,-0.4,0,2.03666666666666,77.585,7.77166666666667,984.121666666667
2016,336,3,134.8155,0.388333333333333,-0.4,0,2.18166666666667,77.2566666666666,7.15333333333333,984.381666666668,134.8155,0.388333333333333,-0.4,0,2.18166666666667,77.2566666666666,7.15333333333333,984.381666666668
2016,336,4,123.389833333333,0.4,-0.4,0,2.235,76.115,7.72333333333333,984.765,123.389833333333,0.4,-0.4,0,2.235,76.115,7.72333333333333,984.765
2016,336,5,112.005333333333,0.4,-0.4,0,2.18333333333334,77.2533333333333,7.56833333333333,985.270000000001,112.005333333333,0.4,-0.4,0,2.18333333333334,77.2533333333333,7.56833333333333,985.270000000001
2016,336,6,100.949166666667,0.4,-0.4,0,2.07,78.6433333333334,7.035,985.805,100.949166666667,0.4,-0.4,0,2.07,78.6433333333334,7.035,985.805
2016,336,7,90.3058333333333,0.4,3.65166666666667,1.89,1.93666666666667,79.81,6.99166666666667,986.393333333333,90.3058333333333,0.4,3.65166666666667,1.89,1.93666666666667,79.81,6.99166666666667,986.393333333333
2016,336,8,80.8825,0.4,41.0733333333333,18.1083333333333,2.08166666666667,79.8133333333333,6.74,987.046666666667,80.8825,0.4,41.0733333333333,18.1083333333333,2.08166666666667,79.8133333333333,6.74,987.046666666667
2016,336,9,72.7971666666667,0.391666666666666,94.2983333333333,41.2083333333333,2.49333333333333,77.775,7.43666666666667,987.691666666668,72.7971666666667,0.391666666666666,94.2983333333333,41.2083333333333,2.49333333333333,77.775,7.43666666666667,987.691666666668
2016,336,10,66.6008333333333,2.53166666666667,216.885,92.6033333333333,3.01333333333333,74.7983333333333,8.16,988.125,66.6008333333333,2.53166666666667,216.885,92.6033333333333,3.01333333333333,74.7983333333333,8.16,988.125
2016,336,11,62.9171666666667,0.524999999999999,151.465,66.3483333333333,3.29833333333333,75.065,7.35333333333333,988.391666666668,62.9171666666667,0.524999999999999,151.465,66.3483333333333,3.29833333333333,75.065,7.35333333333333,988.391666666668
2016,336,12,62.2095,0.4,134.941666666667,59.6433333333333,3.41333333333333,73.02,6.97833333333333,988.465,62.2095,0.4,134.941666666667,59.6433333333333,3.41333333333333,73.02,6.97833333333333,988.465
2016,336,13,64.5795,0.398333333333333,95.635,43.1516666666667,3.59666666666666,72.255,7.225,988.836666666668,64.5795,0.398333333333333,95.635,43.1516666666667,3.59666666666666,72.255,7.225,988.836666666668
2016,336,14,69.7051666666667,0.4,59.0983333333333,27.0983333333333,3.48333333333334,73.6283333333333,7.16333333333333,989.066666666666,69.7051666666667,0.4,59.0983333333333,27.0983333333333,3.48333333333334,73.6283333333333,7.16333333333333,989.066666666666
2016,336,15,77.0131666666667,0.4,42.1,18.9533333333333,3.38,74.07,6.84833333333333,989.298333333334,77.0131666666667,0.4,42.1,18.9533333333333,3.38,74.07,6.84833333333333,989.298333333334
2016,336,16,85.784,0.4,10.1833333333333,4.80666666666667,3.015,74.7033333333333,6.39833333333333,989.966666666667,85.784,0.4,10.1833333333333,4.80666666666667,3.015,74.7033333333333,6.39833333333333,989.966666666667
2016,336,17,96.1043333333333,0.4,-0.243333333333333,0.0433333333333333,2.6,79.825,4.92,990.49,96.1043333333333,0.4,-0.243333333333333,0.0433333333333333,2.6,79.825,4.92,990.49
2016,336,18,106.923833333333,0.4,-0.4,0,2.46166666666667,80.9016666666667,4.845,990.878333333334,106.923833333333,0.4,-0.4,0,2.46166666666667,80.9016666666667,4.845,990.878333333334
2016,336,19,118.195,0.4,-0.4,0,2.40833333333334,77.6233333333333,5.59666666666667,991.486666666667,118.195,0.4,-0.4,0,2.40833333333334,77.6233333333333,5.59666666666667,991.486666666667
2016,336,20,129.648833333333,0.4,-0.4,0,2.23833333333333,79.7283333333334,4.925,991.891666666668,129.648833333333,0.4,-0.4,0,2.23833333333333,79.7283333333334,4.925,991.891666666668
2016,336,21,140.9455,0.4,-0.4,0,2.24333333333333,77.0783333333333,5.28,991.878333333334,140.9455,0.4,-0.4,0,2.24333333333333,77.0783333333333,5.28,991.878333333334
2016,336,22,151.441166666667,0.4,-0.4,0,2.145,78.4016666666667,4.395,991.993333333333,151.441166666667,0.4,-0.4,0,2.145,78.4016666666667,4.395,991.993333333333
2016,336,23,159.4315,0.4,-0.4,0,2.035,77.9516666666667,5.195,992.441666666666,159.4315,0.4,-0.4,0,2.035,77.9516666666667,5.195,992.441666666666
2016,337,0,161.298666666667,0.4,-0.4,0,1.92666666666667,79.8666666666667,4.65666666666667,992.581666666666,161.298666666667,0.4,-0.4,0,1.92666666666667,79.8666666666667,4.65666666666667,992.581666666666
2016,337,1,155.661,0.4,-0.4,0,1.79666666666667,84.6983333333333,3.33666666666667,992.843333333333,155.661,0.4,-0.4,0,1.79666666666667,84.6983333333333,3.33666666666667,992.843333333333
2016,337,2,146.0095,0.4,-0.4,0,1.93833333333333,83.215,3.585,993.521666666667,146.0095,0.4,-0.4,0,1.93833333333333,83.215,3.585,993.521666666667
2016,337,3,134.973833333333,0.4,-0.4,0,1.94166666666667,83.1066666666666,4.94,994.048333333332,134.973833333333,0.4,-0.4,0,1.94166666666667,83.1066666666666,4.94,994.048333333332
2016,337,4,123.546666666667,0.4,-0.4,0,1.86,84.18,4.72666666666666,994.179999999999,123.546666666667,0.4,-0.4,0,1.86,84.18,4.72666666666666,994.179999999999
2016,337,5,112.1645,0.4,-0.4,0,1.89833333333334,83.7816666666667,4.37666666666666,994.561666666667,112.1645,0.4,-0.4,0,1.89833333333334,83.7816666666667,4.37666666666666,994.561666666667
2016,337,6,101.111666666667,0.4,-0.4,0,1.89666666666667,84.4266666666666,4.42666666666667,995.094999999999,101.111666666667,0.4,-0.4,0,1.89666666666667,84.4266666666666,4.42666666666667,995.094999999999
2016,337,7,90.4746666666667,0.4,3.99833333333333,1.965,1.9,85.4733333333333,4.18333333333333,995.554999999999,90.4746666666667,0.4,3.99833333333333,1.965,1.9,85.4733333333333,4.18333333333333,995.554999999999
2016,337,8,81.0495,0.4,43.4366666666667,19.0516666666667,2.185,84.6516666666667,4.34666666666667,996.098333333333,81.0495,0.4,43.4366666666667,19.0516666666667,2.185,84.6516666666667,4.34666666666667,996.098333333333
2016,337,9,72.9673333333333,0.4,108.453333333333,47.1316666666667,2.72,82.11,5.49666666666667,996.788333333333,72.9673333333333,0.4,108.453333333333,47.1316666666667,2.72,82.11,5.49666666666667,996.788333333333
2016,337,10,66.7683333333333,0.4,127.778333333333,56.0083333333333,3.15666666666667,80.925,5.98,997.525,66.7683333333333,0.4,127.778333333333,56.0083333333333,3.15666666666667,80.925,5.98,997.525
2016,337,11,63.0748333333333,0.4,129.101666666667,57.5933333333333,3.51666666666666,79.2983333333334,6.13333333333333,997.525,63.0748333333333,0.4,129.101666666667,57.5933333333333,3.51666666666666,79.2983333333334,6.13333333333333,997.525
2016,337,12,62.35,0.378333333333333,105.93,48.0583333333333,3.79166666666667,78.595,5.81166666666666,997.413333333334,62.35,0.378333333333333,105.93,48.0583333333333,3.79166666666667,78.595,5.81166666666666,997.413333333334
2016,337,13,64.6931666666667,0.368333333333333,122.681666666667,54.6216666666667,3.755,79.2716666666667,5.76833333333333,997.611666666666,64.6931666666667,0.368333333333333,122.681666666667,54.6216666666667,3.755,79.2716666666667,5.76833333333333,997.611666666666
2016,337,14,69.7928333333333,0.386666666666666,105.448333333333,46.3633333333333,4.12166666666667,78.155,4.3,997.876666666667,69.7928333333333,0.386666666666666,105.448333333333,46.3633333333333,4.12166666666667,78.155,4.3,997.876666666667
2016,337,15,77.076,0.4,32.5883333333333,14.8033333333333,4.29,78.1483333333333,3.80666666666667,998.516666666666,77.076,0.4,32.5883333333333,14.8033333333333,4.29,78.1483333333333,3.80666666666667,998.516666666666
2016,337,16,85.8243333333333,0.4,7.57166666666667,3.59833333333333,4.15,81.79,3.12833333333333,998.798333333334,85.8243333333333,0.4,7.57166666666667,3.59833333333333,4.15,81.79,3.12833333333333,998.798333333334
2016,337,17,96.1306666666667,0.4,-0.206666666666667,0.065,3.97666666666667,81.7466666666667,2.79333333333333,999.2,96.1306666666667,0.4,-0.206666666666667,0.065,3.97666666666667,81.7466666666667,2.79333333333333,999.2
2016,337,18,106.9385,0.4,-0.396666666666666,0,3.785,85.3016666666667,1.97333333333333,999.828333333333,106.9385,0.4,-0.396666666666666,0,3.785,85.3016666666667,1.97333333333333,999.828333333333
2016,337,19,118.202666666667,0.4,-0.388333333333333,0,3.92333333333333,77.3516666666667,4,1000.095,118.202666666667,0.4,-0.388333333333333,0,3.92333333333333,77.3516666666667,4,1000.095
2016,337,20,129.655833333333,0.4,-0.396666666666666,0,3.755,79.195,3.43,1000.51333333333,129.655833333333,0.4,-0.396666666666666,0,3.755,79.195,3.43,1000.51333333333
2016,337,21,140.960166666667,0.4,-0.4,0,3.76166666666666,79.1833333333333,2.94166666666667,1000.94166666667,140.960166666667,0.4,-0.4,0,3.76166666666666,79.1833333333333,2.94166666666667,1000.94166666667
2016,337,22,151.479,0.4,-0.4,0,3.42333333333334,81.4566666666666,3.26,1000.975,151.479,0.4,-0.4,0,3.42333333333334,81.4566666666666,3.26,1000.975
2016,337,23,159.522666666667,0.4,-0.4,0,3.12333333333333,79.035,4.16,1000.90666666667,159.522666666667,0.4,-0.4,0,3.12333333333333,79.035,4.16,1000.90666666667
2016,338,0,161.451166666667,0.4,-0.4,0,2.505,75.9166666666667,4.395,1001.135,161.451166666667,0.4,-0.4,0,2.505,75.9166666666667,4.395,1001.135
2016,338,1,155.828166666667,0.4,-0.4,0,2.09666666666667,77.4883333333333,3.71333333333333,1001.62166666667,155.828166666667,0.4,-0.4,0,2.09666666666667,77.4883333333333,3.71333333333333,1001.62166666667
2016,338,2,146.169666666667,0.4,-0.4,0,1.85166666666667,79.84,2.27333333333333,1002.04833333333,146.169666666667,0.4,-0.4,0,1.85166666666667,79.84,2.27333333333333,1002.04833333333
2016,338,3,135.128666666667,0.403333333333333,-0.398333333333333,0,1.84333333333333,78.535,0.275,1001.81166666667,135.128666666667,0.403333333333333,-0.398333333333333,0,1.84333333333333,78.535,0.275,1001.81166666667
2016,338,4,123.701166666667,0.4,-0.4,0,1.67166666666667,78.1083333333333,0.898333333333333,1001.50833333333,123.701166666667,0.4,-0.4,0,1.67166666666667,78.1083333333333,0.898333333333333,1001.50833333333
2016,338,5,112.32,0.5,-0.37,0,1.02666666666667,84.4633333333333,2.08833333333333,1001.77333333333,112.32,0.5,-0.37,0,1.02666666666667,84.4633333333333,2.08833333333333,1001.77333333333
2016,338,6,101.271,0.418333333333333,-0.313333333333333,0,1.005,85.255,3.18666666666667,1002.05333333333,101.271,0.418333333333333,-0.313333333333333,0,1.005,85.255,3.18666666666667,1002.05333333333
2016,338,7,90.6405,0.4,6.135,2.85166666666667,0.68,82.965,3.23,1002.24833333333,90.6405,0.4,6.135,2.85166666666667,0.68,82.965,3.23,1002.24833333333
2016,338,8,81.213,124.603333333333,84.6283333333334,43.28,0.55,81.75,2.83333333333333,1001.87333333333,81.213,124.603333333333,84.6283333333334,43.28,0.55,81.75,2.83333333333333,1001.87333333333
2016,338,9,73.1331666666667,258.883333333333,117.163333333333,79.5083333333334,0.846666666666666,76.0116666666667,3.42166666666667,1001.78833333333,73.1331666666667,258.883333333333,117.163333333333,79.5083333333334,0.846666666666666,76.0116666666667,3.42166666666667,1001.78833333333
2016,338,10,66.9295,317.505,164.8,118.375,1.67666666666667,69.82,2.03166666666667,1002.88833333333,66.9295,317.505,164.8,118.375,1.67666666666667,69.82,2.03166666666667,1002.88833333333
2016,338,11,63.2261666666667,9.53166666666667,213.631666666667,93.005,1.61666666666667,72.2216666666666,2.19833333333333,1002.44333333333,63.2261666666667,9.53166666666667,213.631666666667,93.005,1.61666666666667,72.2216666666666,2.19833333333333,1002.44333333333
2016,338,12,62.4813333333333,2.435,206.741666666667,88.6933333333334,1.92666666666667,73.125,2.74166666666667,1002.18833333333,62.4813333333333,2.435,206.741666666667,88.6933333333334,1.92666666666667,73.125,2.74166666666667,1002.18833333333
2016,338,13,64.8006666666667,3.03833333333333,203.663333333333,88.3883333333333,2.33833333333334,72.285,2.12,1001.81,64.8006666666667,3.03833333333333,203.663333333333,88.3883333333333,2.33833333333334,72.285,2.12,1001.81
2016,338,14,69.8733333333333,17.33,179.736666666667,78.8066666666667,2.56166666666667,71.9766666666667,2.41333333333333,1001.12666666667,69.8733333333333,17.33,179.736666666667,78.8066666666667,2.56166666666667,71.9766666666667,2.41333333333333,1001.12666666667
2016,338,15,77.1316666666667,120.888333333333,113.916666666667,56.085,2.56666666666667,73.3916666666667,2.67666666666667,1000.56166666667,77.1316666666667,120.888333333333,113.916666666667,56.085,2.56666666666667,73.3916666666667,2.67666666666667,1000.56166666667
2016,338,16,85.8583333333333,99.6083333333333,39.4333333333334,20.3033333333333,2.225,75.9566666666667,2.855,1000.37166666667,85.8583333333333,99.6083333333333,39.4333333333334,20.3033333333333,2.225,75.9566666666667,2.855,1000.37166666667
2016,338,17,96.1498333333333,0.4,0.0416666666666666,0.225,1.03666666666667,83.3633333333333,3.05,1000.24666666667,96.1498333333333,0.4,0.0416666666666666,0.225,1.03666666666667,83.3633333333333,3.05,1000.24666666667
2016,338,18,106.947333333333,0.4,-0.4,0,0.526666666666667,84.6716666666667,2.83,1000.39333333333,106.947333333333,0.4,-0.4,0,0.526666666666667,84.6716666666667,2.83,1000.39333333333
2016,338,19,118.204166666667,0.4,-0.4,0,0.163333333333333,85.03,2.59,1000.20333333333,118.204166666667,0.4,-0.4,0,0.163333333333333,85.03,2.59,1000.20333333333
2016,338,20,129.656,0.4,-0.4,0,-0.176666666666667,85.4683333333333,2.21,1000.00833333333,129.656,0.4,-0.4,0,-0.176666666666667,85.4683333333333,2.21,1000.00833333333
2016,338,21,140.967666666667,0.4,-0.4,0,-0.138333333333333,85.1233333333333,2.945,999.431666666667,140.967666666667,0.4,-0.4,0,-0.138333333333333,85.1233333333333,2.945,999.431666666667
2016,338,22,151.509333333333,0.4,-0.4,0,-0.221666666666666,87.1883333333333,2.15666666666667,999.453333333333,151.509333333333,0.4,-0.4,0,-0.221666666666666,87.1883333333333,2.15666666666667,999.453333333333
2016,338,23,159.605833333333,0.4,-0.4,0,-0.163333333333333,87.6783333333333,2.565,999.16,159.605833333333,0.4,-0.4,0,-0.163333333333333,87.6783333333333,2.565,999.16
2016,339,0,161.596666666667,0.4,-0.4,0,-0.0999999999999999,87.505,2.65333333333333,998.413333333333,161.596666666667,0.4,-0.4,0,-0.0999999999999999,87.505,2.65333333333333,998.413333333333
2016,339,1,155.991,0.4,-0.4,0,-0.146666666666667,88.86,3.30333333333333,997.456666666668,155.991,0.4,-0.4,0,-0.146666666666667,88.86,3.30333333333333,997.456666666668
2016,339,2,146.3265,0.4,-0.4,0,-0.0283333333333333,89.435,2.615,997.23,146.3265,0.4,-0.4,0,-0.0283333333333333,89.435,2.615,997.23
2016,339,3,135.281333333333,0.4,-0.4,0,0.01,89.4416666666667,2.71666666666667,996.621666666667,135.281333333333,0.4,-0.4,0,0.01,89.4416666666667,2.71666666666667,996.621666666667
2016,339,4,123.854333333333,0.4,-0.396666666666666,0,0.075,89.83,3.28,995.883333333333,123.854333333333,0.4,-0.396666666666666,0,0.075,89.83,3.28,995.883333333333
2016,339,5,112.474333333333,0.4,-0.4,0,0.211666666666667,90.1783333333333,3.77333333333333,995.148333333334,112.474333333333,0.4,-0.4,0,0.211666666666667,90.1783333333333,3.77333333333333,995.148333333334
2016,339,6,101.426166666667,0.4,-0.396666666666666,0,0.383333333333333,89.8166666666666,3.215,994.773333333333,101.426166666667,0.4,-0.396666666666666,0,0.383333333333333,89.8166666666666,3.215,994.773333333333
2016,339,7,90.8026666666667,0.4,1.785,0.985,0.51,89.2183333333333,3.65833333333333,993.880000000001,90.8026666666667,0.4,1.785,0.985,0.51,89.2183333333333,3.65833333333333,993.880000000001
2016,339,8,81.3725,0.4,26.155,11.88,0.696666666666666,89.085,4.70333333333333,993.056666666667,81.3725,0.4,26.155,11.88,0.696666666666666,89.085,4.70333333333333,993.056666666667
2016,339,9,73.294,0.4,39.5016666666667,18.9116666666667,1.02,90.3466666666667,4.53666666666667,991.950000000001,73.294,0.4,39.5016666666667,18.9116666666667,1.02,90.3466666666667,4.53666666666667,991.950000000001
2016,339,10,67.087,0.4,43.9033333333333,22.5566666666667,1.08166666666667,91.6433333333334,4.34,991.053333333334,67.087,0.4,43.9033333333333,22.5566666666667,1.08166666666667,91.6433333333334,4.34,991.053333333334
2016,339,11,63.37,0.838333333333334,56.725,27.3466666666667,0.651666666666666,95.445,2.65666666666667,990.201666666667,63.37,0.838333333333334,56.725,27.3466666666667,0.651666666666666,95.445,2.65666666666667,990.201666666667
2016,339,12,62.6065,0.648333333333333,54.8116666666667,27.5716666666667,0.593333333333334,97.6233333333333,2.28666666666667,988.673333333334,62.6065,0.648333333333333,54.8116666666667,27.5716666666667,0.593333333333334,97.6233333333333,2.28666666666667,988.673333333334
2016,339,13,64.9011666666667,0.438333333333333,32.3583333333333,15.01,0.365,98.2716666666667,1.80166666666667,987.596666666667,64.9011666666667,0.438333333333333,32.3583333333333,15.01,0.365,98.2716666666667,1.80166666666667,987.596666666667
2016,339,14,69.9468333333333,0.873333333333334,47.805,14.1153846153846,0.311666666666667,98.635,1.33833333333333,986.881666666666,69.9468333333333,0.873333333333334,47.805,14.1153846153846,0.311666666666667,98.635,1.33833333333333,986.881666666666
2016,339,15,77.1815,0.806666666666667,66.55,NA,0.268333333333333,98.9283333333334,2.385,986.151666666667,77.1815,0.806666666666667,66.55,53.3266666666667,0.268333333333333,98.9283333333334,2.385,986.151666666667
2016,339,16,85.8853333333333,0.673333333333332,19.8233333333333,2.08823529411765,0.138333333333333,99.4083333333334,1.865,986.553333333333,85.8853333333333,0.673333333333332,19.8233333333333,2.08823529411765,0.138333333333333,99.4083333333334,1.865,986.553333333333
2016,339,17,96.164,0.651666666666667,0.793333333333334,0.165,0.0999999999999999,99.75,2.895,986.561666666666,96.164,0.651666666666667,0.793333333333334,0.165,0.0999999999999999,99.75,2.895,986.561666666666
2016,339,18,106.949666666667,1.14833333333333,-0.303333333333334,0,0.103333333333333,99.9516666666667,3.20333333333333,986.955,106.949666666667,1.14833333333333,-0.303333333333334,0,0.103333333333333,99.9516666666667,3.20333333333333,986.955
2016,339,19,118.200833333333,0.668333333333333,-0.35,0,0.193333333333333,100,3.95333333333333,987.753333333333,118.200833333333,0.668333333333333,-0.35,0,0.193333333333333,100,3.95333333333333,987.753333333333
2016,339,20,129.649,0.706666666666666,-0.4,0,0.328333333333334,99.8433333333334,5.41,988.393333333334,129.649,0.706666666666666,-0.4,0,0.328333333333334,99.8433333333334,5.41,988.393333333334
2016,339,21,140.968833333333,0.4,-0.4,0,0.3,99.6083333333334,6.585,988.961666666667,140.968833333333,0.4,-0.4,0,0.3,99.6083333333334,6.585,988.961666666667
2016,339,22,151.533666666667,0.4,-0.381666666666667,0,0.336666666666667,99.3483333333333,5.31,989.748333333333,151.533666666667,0.4,-0.381666666666667,0,0.336666666666667,99.3483333333333,5.31,989.748333333333
2016,339,23,159.681333333333,0.593333333333334,-0.181666666666667,0,0.421666666666667,98.525,3.56333333333333,990.053333333334,159.681333333333,0.593333333333334,-0.181666666666667,0,0.421666666666667,98.525,3.56333333333333,990.053333333334
2016,340,0,161.734666666667,0.501666666666666,-0.0333333333333333,0,0.674999999999999,96.3766666666667,3.56333333333333,990.131666666667,161.734666666667,0.501666666666666,-0.0333333333333333,0,0.674999999999999,96.3766666666667,3.56333333333333,990.131666666667
2016,340,1,156.148833333333,0.4,-0.336666666666667,0,0.661666666666667,93.4966666666667,5.74666666666667,990.811666666667,156.148833333333,0.4,-0.336666666666667,0,0.661666666666667,93.4966666666667,5.74666666666667,990.811666666667
2016,340,2,146.482,0.4,-0.396666666666666,0,0.356666666666667,95.1800000000001,5.66333333333334,991.38,146.482,0.4,-0.396666666666666,0,0.356666666666667,95.1800000000001,5.66333333333334,991.38
2016,340,3,135.432333333333,0.4,-0.386666666666667,0,0.171666666666667,95.35,4.44666666666667,991.491666666667,135.432333333333,0.4,-0.386666666666667,0,0.171666666666667,95.35,4.44666666666667,991.491666666667
2016,340,4,124.004333333333,0.4,-0.256666666666667,0,0.0116666666666667,96.1133333333334,2.92666666666667,991.471666666667,124.004333333333,0.4,-0.256666666666667,0,0.0116666666666667,96.1133333333334,2.92666666666667,991.471666666667
2016,340,5,112.626166666667,0.4,-0.25,0,-0.0616666666666667,95.6966666666667,2.66833333333333,991.626666666666,112.626166666667,0.4,-0.25,0,-0.0616666666666667,95.6966666666667,2.66833333333333,991.626666666666
2016,340,6,101.580666666667,0.4,-0.358333333333333,0,0.0283333333333333,95.13,3.05833333333333,991.738333333333,101.580666666667,0.4,-0.358333333333333,0,0.0283333333333333,95.13,3.05833333333333,991.738333333333
2016,340,7,90.9628333333333,0.4,2.75666666666667,1.405,0.156666666666667,94.91,3.32833333333333,991.928333333334,90.9628333333333,0.4,2.75666666666667,1.405,0.156666666666667,94.91,3.32833333333333,991.928333333334
2016,340,8,81.5271666666667,0.4,31.3133333333333,14.3016666666667,0.343333333333333,93.7566666666667,4.59166666666667,992.191666666667,81.5271666666667,0.4,31.3133333333333,14.3016666666667,0.343333333333333,93.7566666666667,4.59166666666667,992.191666666667
2016,340,9,73.4496666666667,0.4,66.57,29.92,0.550000000000001,93.4,5.12333333333333,992.345,73.4496666666667,0.4,66.57,29.92,0.550000000000001,93.4,5.12333333333333,992.345
2016,340,10,67.2368333333333,0.4,113.876666666667,49.8633333333333,0.801666666666666,93.0483333333334,4.925,992.641666666666,67.2368333333333,0.4,113.876666666667,49.8633333333333,0.801666666666666,93.0483333333334,4.925,992.641666666666
2016,340,11,63.5081666666667,0.4,145.17,62.335,1.125,92.34,5.17833333333334,992.283333333334,63.5081666666667,0.4,145.17,62.335,1.125,92.34,5.17833333333334,992.283333333334
2016,340,12,62.7243333333333,0.398333333333333,168.098333333333,71.3616666666667,1.64833333333333,91.6883333333334,4.44333333333333,991.05,62.7243333333333,0.398333333333333,168.098333333333,71.3616666666667,1.64833333333333,91.6883333333334,4.44333333333333,991.05
2016,340,13,64.993,36.3816666666667,187.356666666667,85.6083333333333,2.17166666666667,90.8233333333333,4.92666666666666,990.511666666667,64.993,36.3816666666667,187.356666666667,85.6083333333333,2.17166666666667,90.8233333333333,4.92666666666666,990.511666666667
2016,340,14,70.0128333333333,50.1583333333334,170.473333333333,80.725,2.85333333333333,88.5683333333333,4.35,989.605,70.0128333333333,50.1583333333334,170.473333333333,80.725,2.85333333333333,88.5683333333333,4.35,989.605
2016,340,15,77.2231666666667,33.63,111.266666666667,50.5683333333333,3.21166666666667,88.9933333333333,4.66333333333333,988.831666666667,77.2231666666667,33.63,111.266666666667,50.5683333333333,3.21166666666667,88.9933333333333,4.66333333333333,988.831666666667
2016,340,16,85.9068333333333,11.8183333333333,33.5266666666667,14.2416666666667,3.19333333333333,91.005,4.13333333333333,988.676666666667,85.9068333333333,11.8183333333333,33.5266666666667,14.2416666666667,3.19333333333333,91.005,4.13333333333333,988.676666666667
2016,340,17,96.1713333333333,0.408333333333333,0.235000000000001,0.241666666666667,2.49833333333333,93.555,3.44666666666666,988.51,96.1713333333333,0.408333333333333,0.235000000000001,0.241666666666667,2.49833333333333,93.555,3.44666666666666,988.51
2016,340,18,106.945666666667,0.4,-0.4,0,1.79333333333333,94.945,3.39,987.956666666666,106.945666666667,0.4,-0.4,0,1.79333333333333,94.945,3.39,987.956666666666
2016,340,19,118.190833333333,0.243333333333333,-0.4,0,1.68333333333333,94.0133333333333,3.36833333333333,987.295,118.190833333333,0.243333333333333,-0.4,0,1.68333333333333,94.0133333333333,3.36833333333333,987.295
2016,340,20,129.637666666667,0.4,-0.4,0,1.55833333333333,92.965,3.44333333333333,986.95,129.637666666667,0.4,-0.4,0,1.55833333333333,92.965,3.44333333333333,986.95
2016,340,21,140.963666666667,0.29,-0.4,0,1.37333333333333,93.5433333333333,3.87333333333333,986.699999999999,140.963666666667,0.29,-0.4,0,1.37333333333333,93.5433333333333,3.87333333333333,986.699999999999
2016,340,22,151.549666666667,0.396666666666666,-0.4,0,1.69,91.485,4.245,986.298333333334,151.549666666667,0.396666666666666,-0.4,0,1.69,91.485,4.245,986.298333333334
2016,340,23,159.748333333333,0.4,-0.4,0,1.40166666666667,92.8733333333334,4.04166666666667,985.791666666667,159.748333333333,0.4,-0.4,0,1.40166666666667,92.8733333333334,4.04166666666667,985.791666666667
2016,341,0,161.866333333333,0.396666666666666,-0.4,0,1.235,93.5599999999999,3.54,984.683333333334,161.866333333333,0.396666666666666,-0.4,0,1.235,93.5599999999999,3.54,984.683333333334
2016,341,1,156.302166666667,0.383333333333333,-0.4,0,1.32666666666667,93.31,4.41333333333333,983.663333333334,156.302166666667,0.383333333333333,-0.4,0,1.32666666666667,93.31,4.41333333333333,983.663333333334
2016,341,2,146.633166666667,0.4,-0.391666666666666,0,1.395,93.3066666666667,3.37333333333333,983.365,146.633166666667,0.4,-0.391666666666666,0,1.395,93.3066666666667,3.37333333333333,983.365
2016,341,3,135.581,0.4,-0.378333333333333,0,1.96,90.59,3.40666666666667,982.78,135.581,0.4,-0.378333333333333,0,1.96,90.59,3.40666666666667,982.78
2016,341,4,124.1515,0.4,-0.376666666666667,0,1.88333333333333,91.76,1.99166666666667,982.401666666667,124.1515,0.4,-0.376666666666667,0,1.88333333333333,91.76,1.99166666666667,982.401666666667
2016,341,5,112.7735,0.4,-0.391666666666666,0,2.02666666666667,91.6833333333333,2.33333333333333,981.926666666666,112.7735,0.4,-0.391666666666666,0,2.02666666666667,91.6833333333333,2.33333333333333,981.926666666666
2016,341,6,101.730333333333,0.4,-0.388333333333333,0,1.28333333333333,95.415,3.075,981.31,101.730333333333,0.4,-0.388333333333333,0,1.28333333333333,95.415,3.075,981.31
2016,341,7,91.119,0.456666666666666,0.473333333333333,0.355,1.185,96.3783333333333,3.665,981.326666666667,91.119,0.456666666666666,0.473333333333333,0.355,1.185,96.3783333333333,3.665,981.326666666667
2016,341,8,81.6776666666667,0.471666666666666,23.4933333333333,10.5366666666667,1.21833333333333,96.3533333333334,3.695,981.870000000001,81.6776666666667,0.471666666666666,23.4933333333333,10.5366666666667,1.21833333333333,96.3533333333334,3.695,981.870000000001
2016,341,9,73.6,0.475,63.08,27.86,1.16,96.0016666666667,5.23666666666667,982.346666666667,73.6,0.475,63.08,27.86,1.16,96.0016666666667,5.23666666666667,982.346666666667
2016,341,10,67.381,1.12666666666667,175.058333333333,75.1283333333333,1.50833333333333,94.675,5.785,982.841666666667,67.381,1.12666666666667,175.058333333333,75.1283333333333,1.50833333333333,94.675,5.785,982.841666666667
2016,341,11,63.6396666666667,0.886666666666667,218.808333333333,92.64,1.86,92.7316666666666,6.605,983.135,63.6396666666667,0.886666666666667,218.808333333333,92.64,1.86,92.7316666666666,6.605,983.135
2016,341,12,62.8346666666667,0.401666666666666,107.818333333333,47.26,2.16166666666667,90.7566666666667,7.88,983.74,62.8346666666667,0.401666666666666,107.818333333333,47.26,2.16166666666667,90.7566666666667,7.88,983.74
2016,341,13,65.0788333333333,0.326666666666667,95.0966666666667,42.1883333333333,1.955,89.835,7.56,984.184999999999,65.0788333333333,0.326666666666667,95.0966666666667,42.1883333333333,1.955,89.835,7.56,984.184999999999
2016,341,14,70.0718333333333,0.375,51.32,23.2316666666667,2.955,88.665,8.66833333333333,984.731666666667,70.0718333333333,0.375,51.32,23.2316666666667,2.955,88.665,8.66833333333333,984.731666666667
2016,341,15,77.2593333333333,1.39166666666667,41.885,18.6116666666667,3.03833333333333,89.285,9.02833333333333,985.890000000001,77.2593333333333,1.39166666666667,41.885,18.6116666666667,3.03833333333333,89.285,9.02833333333333,985.890000000001
2016,341,16,85.9353333333333,3.7,28.6966666666667,12.2116666666667,2.66833333333333,84.1166666666667,7.35,987.003333333334,85.9353333333333,3.7,28.6966666666667,12.2116666666667,2.66833333333333,84.1166666666667,7.35,987.003333333334
2016,341,17,96.1725,0.396666666666666,0.0383333333333332,0.2,1.91,83.0966666666666,6.74333333333333,987.876666666667,96.1725,0.396666666666666,0.0383333333333332,0.2,1.91,83.0966666666666,6.74333333333333,987.876666666667
2016,341,18,106.935666666667,0.395,-0.4,0,1.15833333333333,83.5116666666667,5.425,988.758333333334,106.935666666667,0.395,-0.4,0,1.15833333333333,83.5116666666667,5.425,988.758333333334
2016,341,19,118.1735,0.4,-0.4,0,0.766666666666668,85.5366666666667,4.75166666666667,989.271666666667,118.1735,0.4,-0.4,0,0.766666666666668,85.5366666666667,4.75166666666667,989.271666666667
2016,341,20,129.621166666667,0.346666666666667,-0.4,0,0.63,82.4883333333334,6.11,990.05,129.621166666667,0.346666666666667,-0.4,0,0.63,82.4883333333334,6.11,990.05
2016,341,21,140.952333333333,0.396666666666666,-0.4,0,0.34,79.1466666666667,5.71166666666667,990.645,140.952333333333,0.396666666666666,-0.4,0,0.34,79.1466666666667,5.71166666666667,990.645
2016,341,22,151.559,0.385,-0.4,0,-0.223333333333334,81.865,5.11833333333333,991.510000000001,151.559,0.385,-0.4,0,-0.223333333333334,81.865,5.11833333333333,991.510000000001
2016,341,23,159.806166666667,0.305,-0.4,0,-0.303333333333333,75.2,6.505,992.13,159.806166666667,0.305,-0.4,0,-0.303333333333333,75.2,6.505,992.13
2016,342,0,161.990166666667,0.36,-0.4,0,-0.625,73.79,6.00166666666667,992.683333333333,161.990166666667,0.36,-0.4,0,-0.625,73.79,6.00166666666667,992.683333333333
2016,342,1,156.4515,0.4,-0.4,0,-0.873333333333333,74.1416666666667,5.52833333333333,992.758333333333,156.4515,0.4,-0.4,0,-0.873333333333333,74.1416666666667,5.52833333333333,992.758333333333
2016,342,2,146.7815,0.376666666666666,-0.4,0,-1.14666666666667,74.4383333333333,5.45166666666667,993.39,146.7815,0.376666666666666,-0.4,0,-1.14666666666667,74.4383333333333,5.45166666666667,993.39
2016,342,3,135.727666666667,0.4,-0.4,0,-1.37166666666667,74.8466666666666,4.78833333333333,992.771666666666,135.727666666667,0.4,-0.4,0,-1.37166666666667,74.8466666666666,4.78833333333333,992.771666666666
2016,342,4,124.2965,0.4,-0.4,0,-1.67333333333334,73.5666666666666,4.175,993.163333333334,124.2965,0.4,-0.4,0,-1.67333333333334,73.5666666666666,4.175,993.163333333334
2016,342,5,112.919166666667,0.4,-0.4,0,-1.55166666666667,71.0333333333333,5,994.105,112.919166666667,0.4,-0.4,0,-1.55166666666667,71.0333333333333,5,994.105
2016,342,6,101.877166666667,0.4,-0.4,0,-1.69666666666667,70.1033333333333,5.1,994.653333333334,101.877166666667,0.4,-0.4,0,-1.69666666666667,70.1033333333333,5.1,994.653333333334
2016,342,7,91.2716666666667,37.7183333333333,5.17833333333333,1.85882352941176,-2.23166666666667,77.3066666666667,2.58333333333333,994.388333333333,91.2716666666667,37.7183333333333,5.17833333333333,1.85882352941176,-2.23166666666667,77.3066666666667,2.58333333333333,994.388333333333
2016,342,8,81.8246666666667,10.3716666666667,41.1033333333333,17.7237288135593,-2.09833333333333,76.5616666666667,3.825,994.858333333333,81.8246666666667,10.3716666666667,41.1033333333333,17.7237288135593,-2.09833333333333,76.5616666666667,3.825,994.858333333333
2016,342,9,73.7455,2.20333333333333,131.965,55.6,-1.60833333333333,69.5016666666667,4.915,995.781666666667,73.7455,2.20333333333333,131.965,55.6,-1.60833333333333,69.5016666666667,4.915,995.781666666667
2016,342,10,67.5196666666667,70.23,173.151666666667,86.1666666666667,-1.18166666666667,66.9633333333333,5.79,996.316666666668,67.5196666666667,70.23,173.151666666667,86.1666666666667,-1.18166666666667,66.9633333333333,5.79,996.316666666668
2016,342,11,63.7643333333333,815.793333333334,99.6533333333333,187.513333333333,-0.595,65.135,5.885,995.733333333334,63.7643333333333,815.793333333334,99.6533333333333,187.513333333333,-0.595,65.135,5.885,995.733333333334
2016,342,12,62.9383333333333,789.056666666667,145.358333333333,204.496666666667,0.118333333333333,65.425,6.16333333333333,995.204999999999,62.9383333333333,789.056666666667,145.358333333333,204.496666666667,0.118333333333333,65.425,6.16333333333333,995.204999999999
2016,342,13,65.156,233.895,207.686666666667,128.646666666667,0.288333333333333,64.6666666666667,6.01166666666667,995.118333333333,65.156,233.895,207.686666666667,128.646666666667,0.288333333333333,64.6666666666667,6.01166666666667,995.118333333333
2016,342,14,70.1235,5.66666666666666,145.128333333333,62.5116666666667,0.15,66.8616666666667,6.22833333333333,995.260000000001,70.1235,5.66666666666666,145.128333333333,62.5116666666667,0.15,66.8616666666667,6.22833333333333,995.260000000001
2016,342,15,77.2875,91.1583333333333,105.393333333333,50.24,0.015,68.3016666666667,6.54666666666667,995.761666666667,77.2875,91.1583333333333,105.393333333333,50.24,0.015,68.3016666666667,6.54666666666667,995.761666666667
2016,342,16,85.9441666666667,148.391666666667,38.0766666666667,17.6931818181818,-0.188333333333333,68.8066666666667,6.615,995.938333333333,85.9441666666667,148.391666666667,38.0766666666667,17.6931818181818,-0.188333333333333,68.8066666666667,6.615,995.938333333333
2016,342,17,96.1683333333333,0.396666666666666,0.0833333333333334,0.225,-0.578333333333334,70.4766666666667,5.905,996.331666666668,96.1683333333333,0.396666666666666,0.0833333333333334,0.225,-0.578333333333334,70.4766666666667,5.905,996.331666666668
2016,342,18,106.9205,0.4,-0.4,0,-0.851666666666666,73.3016666666667,5.815,996.521666666666,106.9205,0.4,-0.4,0,-0.851666666666666,73.3016666666667,5.815,996.521666666666
2016,342,19,118.152,0.4,-0.4,0,-1.29,73.665,6.18666666666667,997.121666666666,118.152,0.4,-0.4,0,-1.29,73.665,6.18666666666667,997.121666666666
2016,342,20,129.596666666667,0.4,-0.4,0,-1.905,74.805,6.145,997.28,129.596666666667,0.4,-0.4,0,-1.905,74.805,6.145,997.28
2016,342,21,140.934666666667,0.4,-0.4,0,-2.475,72.495,6.84333333333334,997.46,140.934666666667,0.4,-0.4,0,-2.475,72.495,6.84333333333334,997.46
2016,342,22,151.5615,0.318333333333333,-0.4,0,-3.10333333333333,71.4433333333333,7.515,997.811666666667,151.5615,0.318333333333333,-0.4,0,-3.10333333333333,71.4433333333333,7.515,997.811666666667
2016,342,23,159.8565,0.388333333333333,-0.4,0,-3.65,69.1966666666667,8.795,998.386666666667,159.8565,0.388333333333333,-0.4,0,-3.65,69.1966666666667,8.795,998.386666666667
2016,343,0,162.107833333333,0.371666666666666,-0.4,0,-4.53166666666667,70.98,8.71666666666667,998.423333333334,162.107833333333,0.371666666666666,-0.4,0,-4.53166666666667,70.98,8.71666666666667,998.423333333334
2016,343,1,156.594666666667,0.218333333333333,-0.4,0,-5.19833333333333,71.635,8.97333333333333,998.586666666666,156.594666666667,0.218333333333333,-0.4,0,-5.19833333333333,71.635,8.97333333333333,998.586666666666
2016,343,2,146.925666666667,0.246666666666667,-0.4,0,-5.57666666666667,73.5916666666667,7.62333333333334,999.001666666666,146.925666666667,0.246666666666667,-0.4,0,-5.57666666666667,73.5916666666667,7.62333333333334,999.001666666666
2016,343,3,135.869833333333,0.201666666666667,-0.4,0,-6.045,75.3816666666666,7.34,999.04,135.869833333333,0.201666666666667,-0.4,0,-6.045,75.3816666666666,7.34,999.04
2016,343,4,124.438166666667,0.116666666666667,-0.4,0,-6.42500000000001,75.855,8.7,999.018333333333,124.438166666667,0.116666666666667,-0.4,0,-6.42500000000001,75.855,8.7,999.018333333333
2016,343,5,113.0615,0.166666666666667,-0.4,0,-6.81666666666666,76.9933333333333,8.65833333333333,999.408333333333,113.0615,0.166666666666667,-0.4,0,-6.81666666666666,76.9933333333333,8.65833333333333,999.408333333333
2016,343,6,102.021166666667,0.015,-0.4,0,-7.11833333333333,77.8933333333333,8.41666666666667,1000.01166666667,102.021166666667,0.015,-0.4,0,-7.11833333333333,77.8933333333333,8.41666666666667,1000.01166666667
2016,343,7,91.4205,0.75,2.67833333333333,1.37833333333333,-7.045,78.8083333333333,9.39166666666667,1000.48,91.4205,0.75,2.67833333333333,1.37833333333333,-7.045,78.8083333333333,9.39166666666667,1000.48
2016,343,8,81.9651666666667,0.301666666666667,39.3616666666667,16.4133333333333,-7.18166666666667,78.13,9.59333333333333,1001.06833333333,81.9651666666667,0.301666666666667,39.3616666666667,16.4133333333333,-7.18166666666667,78.13,9.59333333333333,1001.06833333333
2016,343,9,73.8856666666667,0.308333333333333,77.0883333333333,32.5233333333333,-7.06333333333333,77.7816666666667,9.52333333333333,1002.02,73.8856666666667,0.308333333333333,77.0883333333333,32.5233333333333,-7.06333333333333,77.7816666666667,9.52333333333333,1002.02
2016,343,10,67.6521666666667,0.383333333333333,149.97,62.8766666666667,-6.86166666666666,76.6833333333333,9.44666666666666,1002.80666666667,67.6521666666667,0.383333333333333,149.97,62.8766666666667,-6.86166666666666,76.6833333333333,9.44666666666666,1002.80666666667
2016,343,11,63.8811666666667,12.6133333333333,219.835,93.875,-6.70333333333333,73.65,10.0083333333333,1003.05666666667,63.8811666666667,12.6133333333333,219.835,93.875,-6.70333333333333,73.65,10.0083333333333,1003.05666666667
2016,343,12,63.0338333333333,5.40833333333333,202.593333333333,85.985,-6.37833333333333,73.0633333333333,9.63,1002.705,63.0338333333333,5.40833333333333,202.593333333333,85.985,-6.37833333333333,73.0633333333333,9.63,1002.705
2016,343,13,65.2263333333333,23.3933333333333,185.315,81.4766666666667,-5.95166666666667,71.9216666666667,9.995,1002.55333333333,65.2263333333333,23.3933333333333,185.315,81.4766666666667,-5.95166666666667,71.9216666666667,9.995,1002.55333333333
2016,343,14,70.1686666666667,0.405,124.26,52.4016666666667,-6.185,71.3266666666667,10.255,1003.025,70.1686666666667,0.405,124.26,52.4016666666667,-6.185,71.3266666666667,10.255,1003.025
2016,343,15,77.3098333333333,0.368333333333333,63.935,27.0166666666667,-6.28,72.275,8.90166666666667,1003.76666666667,77.3098333333333,0.368333333333333,63.935,27.0166666666667,-6.28,72.275,8.90166666666667,1003.76666666667
2016,343,16,85.9476666666667,0.338333333333333,17.1633333333333,7.46166666666667,-6.31166666666667,73.4266666666667,8.74166666666667,1004.35,85.9476666666667,0.338333333333333,17.1633333333333,7.46166666666667,-6.31166666666667,73.4266666666667,8.74166666666667,1004.35
2016,343,17,96.1566666666667,0.375,-0.0783333333333334,0.12,-6.41,74.4716666666666,8.505,1004.95333333333,96.1566666666667,0.375,-0.0783333333333334,0.12,-6.41,74.4716666666666,8.505,1004.95333333333
2016,343,18,106.899,0.4,-0.4,0,-6.59166666666667,74.7366666666667,8.59833333333333,1005.52333333333,106.899,0.4,-0.4,0,-6.59166666666667,74.7366666666667,8.59833333333333,1005.52333333333
2016,343,19,118.124333333333,0.4,-0.4,0,-6.43,74.7183333333333,8.06166666666667,1005.83,118.124333333333,0.4,-0.4,0,-6.43,74.7183333333333,8.06166666666667,1005.83
2016,343,20,129.5685,0.4,-0.4,0,-6.32166666666667,75.5333333333333,8.32333333333333,1006.14333333333,129.5685,0.4,-0.4,0,-6.32166666666667,75.5333333333333,8.32333333333333,1006.14333333333
2016,343,21,140.911,0.4,-0.4,0,-6.34500000000001,77.8966666666667,7.14333333333334,1006.38,140.911,0.4,-0.4,0,-6.34500000000001,77.8966666666667,7.14333333333334,1006.38
2016,343,22,151.556166666667,0.4,-0.4,0,-6.39166666666666,79.5033333333333,6.975,1006.47166666667,151.556166666667,0.4,-0.4,0,-6.39166666666666,79.5033333333333,6.975,1006.47166666667
2016,343,23,159.898833333333,0.4,-0.4,0,-6.34000000000001,76.2966666666667,7.51,1006.56333333333,159.898833333333,0.4,-0.4,0,-6.34000000000001,76.2966666666667,7.51,1006.56333333333
2016,344,0,162.217,0.4,-0.4,0,-6.30000000000001,78.9416666666667,6.73,1006.62833333333,162.217,0.4,-0.4,0,-6.30000000000001,78.9416666666667,6.73,1006.62833333333
2016,344,1,156.733333333333,0.4,-0.4,0,-6.26166666666666,79.2633333333334,6.15833333333333,1006.545,156.733333333333,0.4,-0.4,0,-6.26166666666666,79.2633333333334,6.15833333333333,1006.545
2016,344,2,147.0665,0.4,-0.4,0,-6.05833333333333,79.6983333333334,5.22833333333333,1006.94833333333,147.0665,0.4,-0.4,0,-6.05833333333333,79.6983333333334,5.22833333333333,1006.94833333333
2016,344,3,136.0095,0.4,-0.4,0,-5.83166666666667,73.235,6.05666666666667,1007.12666666667,136.0095,0.4,-0.4,0,-5.83166666666667,73.235,6.05666666666667,1007.12666666667
2016,344,4,124.5775,0.4,-0.4,0,-5.69666666666666,74.0266666666667,5.68833333333333,1007.26166666667,124.5775,0.4,-0.4,0,-5.69666666666666,74.0266666666667,5.68833333333333,1007.26166666667
2016,344,5,113.201833333333,0.4,-0.4,0,-5.595,71.2116666666667,4.5,1007.35333333333,113.201833333333,0.4,-0.4,0,-5.595,71.2116666666667,4.5,1007.35333333333
2016,344,6,102.161833333333,0.4,-0.4,0,-5.53166666666666,71.2866666666666,4.53166666666667,1007.74166666667,102.161833333333,0.4,-0.4,0,-5.53166666666666,71.2866666666666,4.53166666666667,1007.74166666667
2016,344,7,91.5655,0.4,3.75333333333333,1.81833333333333,-5.40166666666667,69.4466666666667,4.46166666666667,1008.06833333333,91.5655,0.4,3.75333333333333,1.81833333333333,-5.40166666666667,69.4466666666667,4.46166666666667,1008.06833333333
2016,344,8,82.1033333333333,0.403333333333333,51.245,21.3033333333333,-5.29166666666667,65.955,4.945,1008.435,82.1033333333333,0.403333333333333,51.245,21.3033333333333,-5.29166666666667,65.955,4.945,1008.435
2016,344,9,74.0203333333333,305.346666666667,133.87,90.105,-5.15,66.59,4.59166666666667,1008.80833333333,74.0203333333333,305.346666666667,133.87,90.105,-5.15,66.59,4.59166666666667,1008.80833333333
2016,344,10,67.7778333333333,51.11,203.815,90.6666666666667,-4.73666666666666,63.815,3.66,1009.16,67.7778333333333,51.11,203.815,90.6666666666667,-4.73666666666666,63.815,3.66,1009.16
2016,344,11,63.9915,8.03,220.155,92.3816666666667,-4.54166666666667,61.9716666666667,3.57833333333333,1008.83166666667,63.9915,8.03,220.155,92.3816666666667,-4.54166666666667,61.9716666666667,3.57833333333333,1008.83166666667
2016,344,12,63.1221666666667,1.31,222.668333333333,92.35,-4.28833333333333,60.685,3.405,1008.09333333333,63.1221666666667,1.31,222.668333333333,92.35,-4.28833333333333,60.685,3.405,1008.09333333333
2016,344,13,65.2906666666667,0.676666666666666,198.525,82.9416666666667,-4.33833333333334,62.7083333333334,4.29,1007.93833333333,65.2906666666667,0.676666666666666,198.525,82.9416666666667,-4.33833333333334,62.7083333333334,4.29,1007.93833333333
2016,344,14,70.2058333333333,0.541666666666666,131.72,55.1083333333333,-4.35,63.3133333333333,3.84666666666667,1007.645,70.2058333333333,0.541666666666666,131.72,55.1083333333333,-4.35,63.3133333333333,3.84666666666667,1007.645
2016,344,15,77.3253333333333,0.393333333333333,58.8083333333333,24.7883333333333,-4.46833333333334,64.9016666666667,3.75666666666667,1007.68333333333,77.3253333333333,0.393333333333333,58.8083333333333,24.7883333333333,-4.46833333333334,64.9016666666667,3.75666666666667,1007.68333333333
2016,344,16,85.9321666666667,0.4,8.95,4.01,-4.58833333333333,66.945,4.40666666666667,1008.04,85.9321666666667,0.4,8.95,4.01,-4.58833333333333,66.945,4.40666666666667,1008.04
2016,344,17,96.1393333333333,0.4,-0.181666666666667,0.0633333333333333,-4.965,71.9833333333333,5.38333333333333,1008.39166666667,96.1393333333333,0.4,-0.181666666666667,0.0633333333333333,-4.965,71.9833333333333,5.38333333333333,1008.39166666667
2016,344,18,106.871833333333,0.4,-0.4,0,-5.28333333333334,72.2833333333333,5.02166666666667,1008.24166666667,106.871833333333,0.4,-0.4,0,-5.28333333333334,72.2833333333333,5.02166666666667,1008.24166666667
2016,344,19,118.091833333333,0.423333333333333,-0.4,0,-5.52333333333334,70.5683333333333,4.035,1008.07833333333,118.091833333333,0.423333333333333,-0.4,0,-5.52333333333334,70.5683333333333,4.035,1008.07833333333
2016,344,20,129.533,0.4,-0.4,0,-5.83166666666667,73.6616666666667,3.01333333333333,1007.88833333333,129.533,0.4,-0.4,0,-5.83166666666667,73.6616666666667,3.01333333333333,1007.88833333333
2016,344,21,140.881333333333,0.4,-0.4,0,-6.21833333333334,78.0383333333333,3.00666666666667,1007.87833333333,140.881333333333,0.4,-0.4,0,-6.21833333333334,78.0383333333333,3.00666666666667,1007.87833333333
2016,344,22,151.544666666667,0.4,-0.4,0,-6.23333333333334,78.98,2.85166666666667,1007.97666666667,151.544666666667,0.4,-0.4,0,-6.23333333333334,78.98,2.85166666666667,1007.97666666667
2016,344,23,159.933166666667,0.4,-0.4,0,-6.03333333333333,78.2316666666667,3.495,1008.01833333333,159.933166666667,0.4,-0.4,0,-6.03333333333333,78.2316666666667,3.495,1008.01833333333
2016,345,0,162.319166666667,0.4,-0.4,0,-5.98833333333333,78.38,2.95833333333333,1007.70166666667,162.319166666667,0.4,-0.4,0,-5.98833333333333,78.38,2.95833333333333,1007.70166666667
2016,345,1,156.868166666667,0.471666666666667,-0.4,0,-5.9,77.5133333333333,2.61833333333333,1007.71,156.868166666667,0.471666666666667,-0.4,0,-5.9,77.5133333333333,2.61833333333333,1007.71
2016,345,2,147.204,0.548333333333333,-0.4,0,-5.83000000000001,78.3533333333333,2.235,1007.78166666667,147.204,0.548333333333333,-0.4,0,-5.83000000000001,78.3533333333333,2.235,1007.78166666667
2016,345,3,136.146666666667,0.4,-0.4,0,-5.80000000000001,78.9466666666667,2.88666666666667,1008.02166666667,136.146666666667,0.4,-0.4,0,-5.80000000000001,78.9466666666667,2.88666666666667,1008.02166666667
2016,345,4,124.714666666667,0.463333333333333,-0.4,0,-5.80000000000001,80.1466666666667,2.65333333333333,1008.02833333333,124.714666666667,0.463333333333333,-0.4,0,-5.80000000000001,80.1466666666667,2.65333333333333,1008.02833333333
2016,345,5,113.338833333333,0.566666666666666,-0.4,0,-5.77166666666667,79.3333333333333,2.53833333333333,1008.02166666667,113.338833333333,0.566666666666666,-0.4,0,-5.77166666666667,79.3333333333333,2.53833333333333,1008.02166666667
2016,345,6,102.298,0.4,-0.4,0,-5.71333333333333,78.3733333333333,3.195,1008.13166666667,102.298,0.4,-0.4,0,-5.71333333333333,78.3733333333333,3.195,1008.13166666667
2016,345,7,91.6955,0.535,2.93166666666667,1.45,-5.69999999999999,78.295,2.72166666666667,1007.93666666667,91.6955,0.535,2.93166666666667,1.45,-5.69999999999999,78.295,2.72166666666667,1007.93666666667
2016,345,8,82.2353333333333,0.4,42.2383333333333,18.0016666666667,-5.57,77.55,3.02833333333333,1008.15666666667,82.2353333333333,0.4,42.2383333333333,18.0016666666667,-5.57,77.55,3.02833333333333,1008.15666666667
2016,345,9,74.15,0.4,92.1616666666667,39.19,-5.27833333333333,75.9933333333333,2.95166666666667,1008.465,74.15,0.4,92.1616666666667,39.19,-5.27833333333333,75.9933333333333,2.95166666666667,1008.465
2016,345,10,67.8968333333333,0.445,157.493333333333,67.365,-4.82666666666667,73.18,2.655,1008.385,67.8968333333333,0.445,157.493333333333,67.365,-4.82666666666667,73.18,2.655,1008.385
2016,345,11,64.0951666666667,0.761666666666666,206.301666666667,87.7733333333333,-4.31333333333333,70.4716666666667,2.73666666666667,1007.37666666667,64.0951666666667,0.761666666666666,206.301666666667,87.7733333333333,-4.31333333333333,70.4716666666667,2.73666666666667,1007.37666666667
2016,345,12,63.2041666666667,0.728333333333333,223.735,95.4516666666667,-3.82,69.17,3.67833333333333,1006.47,63.2041666666667,0.728333333333333,223.735,95.4516666666667,-3.82,69.17,3.67833333333333,1006.47
2016,345,13,65.3451666666667,3.81,218.668333333333,94.4666666666667,-3.20166666666667,65.0983333333333,3.705,1005.04666666667,65.3451666666667,3.81,218.668333333333,94.4666666666667,-3.20166666666667,65.0983333333333,3.705,1005.04666666667
2016,345,14,70.237,0.553333333333333,122.075,53.6016666666667,-2.92333333333333,65.3566666666667,4.13,1004.24833333333,70.237,0.553333333333333,122.075,53.6016666666667,-2.92333333333333,65.3566666666667,4.13,1004.24833333333
2016,345,15,77.3328333333333,0.4,42.7533333333333,19.2716666666667,-2.8,63.4016666666667,3.98333333333333,1004.115,77.3328333333333,0.4,42.7533333333333,19.2716666666667,-2.8,63.4016666666667,3.98333333333333,1004.115
2016,345,16,85.9246666666667,0.4,9.02833333333333,4.19333333333334,-2.70333333333333,65.4583333333333,4.40166666666667,1003.55,85.9246666666667,0.4,9.02833333333333,4.19333333333334,-2.70333333333333,65.4583333333333,4.40166666666667,1003.55
2016,345,17,96.1165,0.4,-0.206666666666667,0.0683333333333333,-2.7,66.7866666666667,4.685,1003.15333333333,96.1165,0.4,-0.206666666666667,0.0683333333333333,-2.7,66.7866666666667,4.685,1003.15333333333
2016,345,18,106.839166666667,0.4,-0.4,0,-2.71,70.3433333333333,4.84333333333333,1002.72,106.839166666667,0.4,-0.4,0,-2.71,70.3433333333333,4.84333333333333,1002.72
2016,345,19,118.052666666667,0.4,-0.4,0,-2.80166666666667,72.2083333333333,6.16666666666667,1001.52666666667,118.052666666667,0.4,-0.4,0,-2.80166666666667,72.2083333333333,6.16666666666667,1001.52666666667
2016,345,20,129.492666666667,0.4,-0.4,0,-2.94666666666667,75.0183333333333,6.16833333333333,1000.635,129.492666666667,0.4,-0.4,0,-2.94666666666667,75.0183333333333,6.16833333333333,1000.635
2016,345,21,140.844833333333,0.4,-0.4,0,-3.79166666666667,91.8616666666667,6.07833333333333,1000.42166666667,140.844833333333,0.4,-0.4,0,-3.79166666666667,91.8616666666667,6.07833333333333,1000.42166666667
2016,345,22,151.526666666667,0.393333333333333,-0.4,0,-3.86833333333334,96.0883333333333,7.23833333333333,999.475,151.526666666667,0.393333333333333,-0.4,0,-3.86833333333334,96.0883333333333,7.23833333333333,999.475
2016,345,23,159.959333333333,0.205,-0.4,0,-3.595,92.185,8.425,998.45,159.959333333333,0.205,-0.4,0,-3.595,92.185,8.425,998.45
2016,346,0,162.413333333333,0.135,-0.4,0,-2.94333333333333,84.8466666666666,7.645,997.22,162.413333333333,0.135,-0.4,0,-2.94333333333333,84.8466666666666,7.645,997.22
2016,346,1,156.9965,0.0966666666666667,-0.4,0,-2.01,75.7016666666667,7.085,996.206666666666,156.9965,0.0966666666666667,-0.4,0,-2.01,75.7016666666667,7.085,996.206666666666
2016,346,2,147.337666666667,0.378333333333333,-0.4,0,-1.67,73.98,6.63333333333333,995.59,147.337666666667,0.378333333333333,-0.4,0,-1.67,73.98,6.63333333333333,995.59
2016,346,3,136.279833333333,0.391666666666666,-0.4,0,-1.40833333333333,73.7583333333333,6.45166666666667,994.495,136.279833333333,0.391666666666666,-0.4,0,-1.40833333333333,73.7583333333333,6.45166666666667,994.495
2016,346,4,124.847333333333,0.295,-0.4,0,-1.03,72.8916666666667,6.595,993.473333333333,124.847333333333,0.295,-0.4,0,-1.03,72.8916666666667,6.595,993.473333333333
2016,346,5,113.471666666667,0.331666666666667,-0.4,0,-0.721666666666667,71.825,6.89833333333333,992.515,113.471666666667,0.331666666666667,-0.4,0,-0.721666666666667,71.825,6.89833333333333,992.515
2016,346,6,102.432,0.398333333333333,-0.4,0,-0.301666666666667,69.445,6.365,991.575,102.432,0.398333333333333,-0.4,0,-0.301666666666667,69.445,6.365,991.575
2016,346,7,91.833,0.383333333333333,0.423333333333333,0.371666666666667,0.125,67.3033333333333,6.13333333333333,991.21,91.833,0.383333333333333,0.423333333333333,0.371666666666667,0.125,67.3033333333333,6.13333333333333,991.21
2016,346,8,82.363,0.31,8.67833333333333,4.59833333333333,0.498333333333333,66.605,6.07166666666667,990.399999999999,82.363,0.31,8.67833333333333,4.59833333333333,0.498333333333333,66.605,6.07166666666667,990.399999999999
2016,346,9,74.2735,0.2,27.6383333333333,14.465,1.17333333333333,65.6783333333334,5.88,989.850000000001,74.2735,0.2,27.6383333333333,14.465,1.17333333333333,65.6783333333334,5.88,989.850000000001
2016,346,10,68.0101666666667,0.176666666666667,54.4316666666667,27.45,2.18666666666667,64.0766666666667,7.13333333333333,989.351666666667,68.0101666666667,0.176666666666667,54.4316666666667,27.45,2.18666666666667,64.0766666666667,7.13333333333333,989.351666666667
2016,346,11,64.1921666666667,0.376666666666666,55.5066666666667,27.7816666666667,2.26833333333333,69.7083333333333,8.97,988.093333333334,64.1921666666667,0.376666666666666,55.5066666666667,27.7816666666667,2.26833333333333,69.7083333333333,8.97,988.093333333334
2016,346,12,63.2791666666667,0.395,48.29,24.9783333333333,0.901666666666667,91.3533333333333,8.805,986.718333333334,63.2791666666667,0.395,48.29,24.9783333333333,0.901666666666667,91.3533333333333,8.805,986.718333333334
2016,346,13,65.3938333333333,0.365,38.215,19.7083333333333,0.625,96.755,7.92833333333333,985.425,65.3938333333333,0.365,38.215,19.7083333333333,0.625,96.755,7.92833333333333,985.425
2016,346,14,70.2605,0.4,24.2216666666667,12.4133333333333,1.00333333333333,97.1116666666667,7.81833333333333,984.205,70.2605,0.4,24.2216666666667,12.4133333333333,1.00333333333333,97.1116666666667,7.81833333333333,984.205
2016,346,15,77.3346666666667,0.4,13.2383333333333,6.85166666666667,1.23166666666667,97.5983333333333,6.86166666666666,984.093333333332,77.3346666666667,0.4,13.2383333333333,6.85166666666667,1.23166666666667,97.5983333333333,6.86166666666666,984.093333333332
2016,346,16,85.909,0.4,2.98666666666667,1.635,1.405,98.2466666666666,5.18333333333333,984.07,85.909,0.4,2.98666666666667,1.635,1.405,98.2466666666666,5.18333333333333,984.07
2016,346,17,96.0871666666667,0.4,-0.326666666666667,0.00833333333333333,1.53166666666667,98.7266666666667,4.63833333333333,984.048333333332,96.0871666666667,0.4,-0.326666666666667,0.00833333333333333,1.53166666666667,98.7266666666667,4.63833333333333,984.048333333332
2016,346,18,106.8015,0.4,-0.4,0,1.48666666666667,99.0216666666667,4.35,983.813333333333,106.8015,0.4,-0.4,0,1.48666666666667,99.0216666666667,4.35,983.813333333333
2016,346,19,118.007333333333,0.4,-0.365,0,1.45,98.7866666666668,4.33333333333333,983.711666666666,118.007333333333,0.4,-0.365,0,1.45,98.7866666666668,4.33333333333333,983.711666666666
2016,346,20,129.446833333333,0.4,-0.373333333333333,0,1.375,98.2433333333333,4.275,983.389999999999,129.446833333333,0.4,-0.373333333333333,0,1.375,98.2433333333333,4.275,983.389999999999
2016,346,21,140.804333333333,0.4,-0.4,0,1.40666666666667,97.4183333333333,4.66166666666667,983.466666666667,140.804333333333,0.4,-0.4,0,1.40666666666667,97.4183333333333,4.66166666666667,983.466666666667
2016,346,22,151.502,0.4,-0.385,0,1.775,96.6533333333333,5.125,984.161666666667,151.502,0.4,-0.385,0,1.775,96.6533333333333,5.125,984.161666666667
2016,346,23,159.977833333333,0.855000000000001,-0.38,0,2.45,96.94,6.11833333333333,984.828333333334,159.977833333333,0.855000000000001,-0.38,0,2.45,96.94,6.11833333333333,984.828333333334
2016,347,0,162.5005,0.789999999999999,-0.4,0,1.81,93.7533333333333,7.90166666666667,985.671666666667,162.5005,0.789999999999999,-0.4,0,1.81,93.7533333333333,7.90166666666667,985.671666666667
2016,347,1,157.119833333333,0.42,-0.4,0,0.833333333333333,92.2083333333333,8.18333333333333,986.4,157.119833333333,0.42,-0.4,0,0.833333333333333,92.2083333333333,8.18333333333333,986.4
2016,347,2,147.467666666667,0.4,-0.4,0,0.293333333333333,87.2666666666667,8.83,987.703333333333,147.467666666667,0.4,-0.4,0,0.293333333333333,87.2666666666667,8.83,987.703333333333
2016,347,3,136.410166666667,0.28,-0.4,0,-0.428333333333333,82.4983333333333,9.17166666666667,988.408333333334,136.410166666667,0.28,-0.4,0,-0.428333333333333,82.4983333333333,9.17166666666667,988.408333333334
2016,347,4,124.977666666667,0.421666666666666,-0.4,0,-0.778333333333333,84.735,7.53333333333333,989.048333333333,124.977666666667,0.421666666666666,-0.4,0,-0.778333333333333,84.735,7.53333333333333,989.048333333333
2016,347,5,113.602,0.438333333333333,-0.4,0,-1.78,82.635,9.09666666666667,989.805000000001,113.602,0.438333333333333,-0.4,0,-1.78,82.635,9.09666666666667,989.805000000001
2016,347,6,102.561333333333,0.406666666666666,-0.4,0,-2.39,81.86,8.23,990.721666666667,102.561333333333,0.406666666666666,-0.4,0,-2.39,81.86,8.23,990.721666666667
2016,347,7,91.9673333333333,0.431666666666666,1.29333333333333,0.773333333333333,-3.32166666666667,82.3783333333333,8.05166666666667,991.835,91.9673333333333,0.431666666666666,1.29333333333333,0.773333333333333,-3.32166666666667,82.3783333333333,8.05166666666667,991.835
2016,347,8,82.4853333333333,0.4,26.7933333333333,11.4216666666667,-4.27166666666667,82.3933333333334,8.49333333333333,992.773333333333,82.4853333333333,0.4,26.7933333333333,11.4216666666667,-4.27166666666667,82.3933333333334,8.49333333333333,992.773333333333
2016,347,9,74.3911666666667,0.396666666666666,85.9633333333333,36.1816666666667,-4.59333333333333,82.06,6.775,993.666666666667,74.3911666666667,0.396666666666666,85.9633333333333,36.1816666666667,-4.59333333333333,82.06,6.775,993.666666666667
2016,347,10,68.117,71.7283333333333,177.656666666667,84.055,-4.38666666666667,81.7683333333333,5.545,994.403333333334,68.117,71.7283333333333,177.656666666667,84.055,-4.38666666666667,81.7683333333333,5.545,994.403333333334
2016,347,11,64.281,345.513333333333,229.313333333333,151.062711864407,-3.63166666666667,78.0333333333333,5.37666666666667,994.628333333333,64.281,345.513333333333,229.313333333333,151.062711864407,-3.63166666666667,78.0333333333333,5.37666666666667,994.628333333333
2016,347,12,63.3446666666667,755.318333333333,126.421666666667,187.038333333333,-3.06833333333333,75.5216666666667,5.35166666666667,994.106666666667,63.3446666666667,755.318333333333,126.421666666667,187.038333333333,-3.06833333333333,75.5216666666667,5.35166666666667,994.106666666667
2016,347,13,65.4348333333333,728.908333333333,119.303333333333,168.74406779661,-2.435,74.61,4.64333333333333,993.726666666667,65.4348333333333,728.908333333333,119.303333333333,168.74406779661,-2.435,74.61,4.64333333333333,993.726666666667
2016,347,14,70.276,121.151666666667,139.261666666667,74.2066666666667,-2.41666666666667,75.435,4.06833333333333,993.513333333333,70.276,121.151666666667,139.261666666667,74.2066666666667,-2.41666666666667,75.435,4.06833333333333,993.513333333333
2016,347,15,77.3295,28.3066666666667,109.505,47.105,-2.51,75.8,3.46,993.653333333333,77.3295,28.3066666666667,109.505,47.105,-2.51,75.8,3.46,993.653333333333
2016,347,16,85.8896666666667,26.4083333333333,22.9466666666667,11.1383333333333,-2.69333333333334,77.07,4.10333333333333,994.188333333334,85.8896666666667,26.4083333333333,22.9466666666667,11.1383333333333,-2.69333333333334,77.07,4.10333333333333,994.188333333334
2016,347,17,96.0528333333333,0.4,0.0850000000000001,0.233333333333333,-2.88833333333333,80.55,2.575,994.304999999999,96.0528333333333,0.4,0.0850000000000001,0.233333333333333,-2.88833333333333,80.55,2.575,994.304999999999
2016,347,18,106.757166666667,0.4,-0.4,0,-3.16333333333333,82.6216666666667,1.245,994.153333333333,106.757166666667,0.4,-0.4,0,-3.16333333333333,82.6216666666667,1.245,994.153333333333
2016,347,19,117.957333333333,0.4,-0.4,0,-3.335,85.9866666666667,1.592,993.835000000001,117.957333333333,0.4,-0.4,0,-3.335,85.9866666666667,1.592,993.835000000001
2016,347,20,129.3955,0.4,-0.4,0,-3.46833333333334,90.1466666666667,2.345,993.644999999999,129.3955,0.4,-0.4,0,-3.46833333333334,90.1466666666667,2.345,993.644999999999
2016,347,21,140.756666666667,0.4,-0.296666666666667,0,-3.50333333333333,91.0133333333333,2.31333333333333,993.321666666667,140.756666666667,0.4,-0.296666666666667,0,-3.50333333333333,91.0133333333333,2.31333333333333,993.321666666667
2016,347,22,151.469166666667,0.4,-0.398333333333333,0,-3.125,91.925,2.99333333333333,993.098333333333,151.469166666667,0.4,-0.398333333333333,0,-3.125,91.925,2.99333333333333,993.098333333333
2016,347,23,159.987666666667,0.4,-0.385,0,-2.78333333333333,91.12,2.32,993.161666666667,159.987666666667,0.4,-0.385,0,-2.78333333333333,91.12,2.32,993.161666666667
2016,348,0,162.579333333333,0.4,-0.4,0,-2.65166666666667,91.2533333333333,3.17833333333333,993.288333333334,162.579333333333,0.4,-0.4,0,-2.65166666666667,91.2533333333333,3.17833333333333,993.288333333334
2016,348,1,157.238666666667,0.4,-0.4,0,-2.47666666666667,91.0616666666666,2.90833333333333,993.38,157.238666666667,0.4,-0.4,0,-2.47666666666667,91.0616666666666,2.90833333333333,993.38
2016,348,2,147.593666666667,0.42,-0.4,0,-2.37333333333333,91.6883333333333,2.205,994.245000000001,147.593666666667,0.42,-0.4,0,-2.37333333333333,91.6883333333333,2.205,994.245000000001
2016,348,3,136.537833333333,0.4,-0.4,0,-2.34333333333333,92.2450000000001,1.47666666666667,993.565,136.537833333333,0.4,-0.4,0,-2.34333333333333,92.2450000000001,1.47666666666667,993.565
2016,348,4,125.104833333333,0.4,-0.38,0,-2.54166666666667,94.0200000000001,1.78813559322034,992.923333333333,125.104833333333,0.4,-0.38,0,-2.54166666666667,94.0200000000001,1.78813559322034,992.923333333333
2016,348,5,113.728833333333,0.716666666666666,-0.37,0,-2.28166666666667,94.0633333333333,0.66875,993.235,113.728833333333,0.716666666666666,-0.37,0,-2.28166666666667,94.0633333333333,0.66875,993.235
2016,348,6,102.686333333333,0.438333333333333,-0.361666666666666,0,-2.01333333333334,94.68,1.475,993.213333333335,102.686333333333,0.438333333333333,-0.361666666666666,0,-2.01333333333334,94.68,1.475,993.213333333335
2016,348,7,92.0975,0.723333333333333,1.24666666666667,0,-1.975,96.9516666666667,1.90833333333333,993.486666666667,92.0975,0.723333333333333,1.24666666666667,0,-1.975,96.9516666666667,1.90833333333333,993.486666666667
2016,348,8,82.6031666666667,0.628333333333333,27.3066666666667,NA,-2.38,97.81,3.10333333333333,994.415,82.6031666666667,0.628333333333333,27.3066666666667,26.2125,-2.38,97.81,3.10333333333333,994.415
2016,348,9,74.5028333333333,0.62,108.04,NA,-2.54666666666667,98.5083333333333,3.07666666666667,994.346666666667,74.5028333333333,0.62,108.04,58.59,-2.54666666666667,98.5083333333333,3.07666666666667,994.346666666667
2016,348,10,68.2176666666667,1.905,161.836666666667,NA,-2.625,93.9466666666667,6.325,995.466666666667,68.2176666666667,1.905,161.836666666667,87.7283333333333,-2.625,93.9466666666667,6.325,995.466666666667
2016,348,11,64.363,1.66333333333333,260.1,NA,-4.205,85.575,8.955,995.83,64.363,1.66333333333333,260.1,135.14802259887,-4.205,85.575,8.955,995.83
2016,348,12,63.4033333333333,0.973333333333333,217.515,102.572881355932,-5.96166666666667,81.895,8.12833333333333,995.811666666666,63.4033333333333,0.973333333333333,217.515,102.572881355932,-5.96166666666667,81.895,8.12833333333333,995.811666666666
2016,348,13,65.4688333333333,300.345,221.323333333333,144.47,-5.65333333333334,75.095,7.35,995.553333333333,65.4688333333333,300.345,221.323333333333,144.47,-5.65333333333334,75.095,7.35,995.553333333333
2016,348,14,70.2843333333333,845.621666666666,73.085,144.396666666667,-5.50833333333334,66.295,8.06666666666667,995.915,70.2843333333333,845.621666666666,73.085,144.396666666667,-5.50833333333334,66.295,8.06666666666667,995.915
2016,348,15,77.3173333333333,741.306666666667,50.565,85.005,-5.805,61.505,7.74333333333333,996.295,77.3173333333333,741.306666666667,50.565,85.005,-5.805,61.505,7.74333333333333,996.295
2016,348,16,85.8628333333333,406.168333333333,21.7266666666667,24.9444444444444,-6.79,58.1966666666667,7.10333333333334,996.766666666667,85.8628333333333,406.168333333333,21.7266666666667,24.9444444444444,-6.79,58.1966666666667,7.10333333333334,996.766666666667
2016,348,17,96.0116666666667,0.543333333333333,0.360000000000001,0.36,-8.19,60.6833333333333,5.92333333333333,997.148333333333,96.0116666666667,0.543333333333333,0.360000000000001,0.36,-8.19,60.6833333333333,5.92333333333333,997.148333333333
2016,348,18,106.707,0.415,-0.4,0,-9.18,59.9633333333333,5.64666666666667,998.19,106.707,0.415,-0.4,0,-9.18,59.9633333333333,5.64666666666667,998.19
2016,348,19,117.903833333333,0.411666666666666,-0.4,0,-10.11,62.3683333333333,5.13333333333333,998.611666666666,117.903833333333,0.411666666666666,-0.4,0,-10.11,62.3683333333333,5.13333333333333,998.611666666666
2016,348,20,129.338666666667,0.815000000000001,-0.4,0,-11.1116666666667,65.5166666666667,3.48666666666667,999.085,129.338666666667,0.815000000000001,-0.4,0,-11.1116666666667,65.5166666666667,3.48666666666667,999.085
2016,348,21,140.703333333333,1.14,-0.4,0,-11.785,69.8633333333334,1.87166666666667,999.473333333333,140.703333333333,1.14,-0.4,0,-11.785,69.8633333333334,1.87166666666667,999.473333333333
2016,348,22,151.431,1.19333333333333,-0.4,0,-11.8683333333333,72.7983333333333,1.755,999.574999999999,151.431,1.19333333333333,-0.4,0,-11.8683333333333,72.7983333333333,1.755,999.574999999999
2016,348,23,159.989833333333,1.2,-0.4,0,-12.3116666666667,70.9966666666667,2.40333333333333,999.675,159.989833333333,1.2,-0.4,0,-12.3116666666667,70.9966666666667,2.40333333333333,999.675
2016,349,0,162.651,1.17333333333333,-0.4,0,-12.6716666666667,69.3116666666667,2.13666666666667,999.888333333333,162.651,1.17333333333333,-0.4,0,-12.6716666666667,69.3116666666667,2.13666666666667,999.888333333333
2016,349,1,157.350833333333,1.25666666666667,-0.4,0,-12.4616666666667,70.31,0.621666666666667,999.018333333334,157.350833333333,1.25666666666667,-0.4,0,-12.4616666666667,70.31,0.621666666666667,999.018333333334
2016,349,2,147.715666666667,1.39166666666667,-0.4,0,-12.5783333333333,72.1716666666667,0.828333333333333,998.81,147.715666666667,1.39166666666667,-0.4,0,-12.5783333333333,72.1716666666667,0.828333333333333,998.81
2016,349,3,136.660833333333,0.858333333333332,-0.4,0,-13.3266666666667,74.6883333333333,2.23,999.193333333333,136.660833333333,0.858333333333332,-0.4,0,-13.3266666666667,74.6883333333333,2.23,999.193333333333
2016,349,4,125.228333333333,0.613333333333333,-0.4,0,-13.81,76.4366666666667,2.09666666666667,999.206666666667,125.228333333333,0.613333333333333,-0.4,0,-13.81,76.4366666666667,2.09666666666667,999.206666666667
2016,349,5,113.8515,1.07,-0.4,0,-13.5983333333333,75.025,2.20333333333333,998.943333333333,113.8515,1.07,-0.4,0,-13.5983333333333,75.025,2.20333333333333,998.943333333333
2016,349,6,102.808666666667,1.055,-0.4,0,-13.1916666666667,68.3033333333333,1.77666666666667,998.633333333333,102.808666666667,1.055,-0.4,0,-13.1916666666667,68.3033333333333,1.77666666666667,998.633333333333
2016,349,7,92.211,2.275,3.39,1.73833333333333,-12.94,66.0966666666666,1.47833333333333,998.785,92.211,2.275,3.39,1.73833333333333,-12.94,66.0966666666666,1.47833333333333,998.785
2016,349,8,82.7155,181.541666666667,69.9566666666667,41.0033333333333,-13.07,73.3633333333333,1.745,999.033333333334,82.7155,181.541666666667,69.9566666666667,41.0033333333333,-13.07,73.3633333333333,1.745,999.033333333334
2016,349,9,74.6095,91.7883333333332,169.37,80.9983333333333,-10.875,69.4366666666667,3.01,999.693333333334,74.6095,91.7883333333332,169.37,80.9983333333333,-10.875,69.4366666666667,3.01,999.693333333334
2016,349,10,68.3116666666667,31.0333333333333,197.811666666667,91.4016666666667,-9.08666666666667,57.81,4.09833333333333,999.686666666667,68.3116666666667,31.0333333333333,197.811666666667,91.4016666666667,-9.08666666666667,57.81,4.09833333333333,999.686666666667
2016,349,11,64.4386666666667,20.7533333333333,265.76,119.233333333333,-8.17833333333333,59.4883333333333,4.67333333333333,998.560000000001,64.4386666666667,20.7533333333333,265.76,119.233333333333,-8.17833333333333,59.4883333333333,4.67333333333333,998.560000000001
2016,349,12,63.4548333333333,39.6083333333333,249.528333333333,115.743333333333,-7.88,64.5933333333333,5.39833333333333,997.235,63.4548333333333,39.6083333333333,249.528333333333,115.743333333333,-7.88,64.5933333333333,5.39833333333333,997.235
2016,349,13,65.494,138.353333333333,267.715,138.755,-6.70333333333333,67.8783333333333,5.52166666666667,996.508333333333,65.494,138.353333333333,267.715,138.755,-6.70333333333333,67.8783333333333,5.52166666666667,996.508333333333
2016,349,14,70.2856666666667,597.36,123.93,130.888333333333,-4.65833333333333,61.265,7.07666666666667,996.273333333333,70.2856666666667,597.36,123.93,130.888333333333,-4.65833333333333,61.265,7.07666666666667,996.273333333333
2016,349,15,77.299,686.221666666666,57.075,81.8183333333334,-4.04666666666666,58.5216666666667,8.01666666666667,996.378333333334,77.299,686.221666666666,57.075,81.8183333333334,-4.04666666666666,58.5216666666667,8.01666666666667,996.378333333334
2016,349,16,85.8305,258.481666666667,22.5216666666667,19.724,-4.60666666666667,59.7216666666667,7.725,996.385000000001,85.8305,258.481666666667,22.5216666666667,19.724,-4.60666666666667,59.7216666666667,7.725,996.385000000001
2016,349,17,95.9645,0.396666666666666,0.0666666666666668,0.268333333333333,-6.02,52.8066666666667,8.5,996.966666666667,95.9645,0.396666666666666,0.0666666666666668,0.268333333333333,-6.02,52.8066666666667,8.5,996.966666666667
2016,349,18,106.652666666667,0.251666666666667,-0.4,0,-7.06,55.2516666666667,9.43,997.836666666667,106.652666666667,0.251666666666667,-0.4,0,-7.06,55.2516666666667,9.43,997.836666666667
2016,349,19,117.843833333333,0.34,-0.4,0,-8.13666666666666,53.36,10.7183333333333,998.705000000001,117.843833333333,0.34,-0.4,0,-8.13666666666666,53.36,10.7183333333333,998.705000000001
2016,349,20,129.276666666667,0.313333333333333,-0.4,0,-9.25833333333333,53.5366666666667,9.84666666666667,999.361666666666,129.276666666667,0.313333333333333,-0.4,0,-9.25833333333333,53.5366666666667,9.84666666666667,999.361666666666
2016,349,21,140.645,0.295,-0.4,0,-10.2766666666667,56.21,9.27333333333333,1000.15833333333,140.645,0.295,-0.4,0,-10.2766666666667,56.21,9.27333333333333,1000.15833333333
2016,349,22,151.386333333333,0.335,-0.4,0,-11.045,59.315,7.17166666666667,1001.08833333333,151.386333333333,0.335,-0.4,0,-11.045,59.315,7.17166666666667,1001.08833333333
2016,349,23,159.9845,0.07,-0.4,0,-11.5266666666667,59.3716666666667,9.25,1001.57833333333,159.9845,0.07,-0.4,0,-11.5266666666667,59.3716666666667,9.25,1001.57833333333
2016,350,0,162.714666666667,0.308333333333333,-0.4,0,-12.13,59.205,6.965,1001.92166666667,162.714666666667,0.308333333333333,-0.4,0,-12.13,59.205,6.965,1001.92166666667
2016,350,1,157.4585,0.258333333333333,-0.4,0,-12.6316666666667,64.06,5.87833333333333,1002.22666666667,157.4585,0.258333333333333,-0.4,0,-12.6316666666667,64.06,5.87833333333333,1002.22666666667
2016,350,2,147.833833333333,0.193333333333333,-0.4,0,-12.875,64.78,7.22833333333333,1002.93833333333,147.833833333333,0.193333333333333,-0.4,0,-12.875,64.78,7.22833333333333,1002.93833333333
2016,350,3,136.780666666667,0.378333333333333,-0.4,0,-13.495,69.9166666666667,5.59166666666667,1003.19166666667,136.780666666667,0.378333333333333,-0.4,0,-13.495,69.9166666666667,5.59166666666667,1003.19166666667
2016,350,4,125.348833333333,0.201666666666667,-0.4,0,-13.7783333333333,68.9133333333333,5.685,1003.50833333333,125.348833333333,0.201666666666667,-0.4,0,-13.7783333333333,68.9133333333333,5.685,1003.50833333333
2016,350,5,113.971,0.398333333333333,-0.4,0,-14.2066666666666,69.8233333333333,5.46333333333333,1003.755,113.971,0.398333333333333,-0.4,0,-14.2066666666666,69.8233333333333,5.46333333333333,1003.755
2016,350,6,102.926333333333,0.268333333333333,-0.4,0,-14.5466666666667,68.2016666666667,5.44333333333333,1004.25666666667,102.926333333333,0.268333333333333,-0.4,0,-14.5466666666667,68.2016666666667,5.44333333333333,1004.25666666667
2016,350,7,92.3325,71.4766666666667,4.295,1.92727272727273,-14.865,66.6216666666667,5.38,1004.70333333333,92.3325,71.4766666666667,4.295,1.92727272727273,-14.865,66.6216666666667,5.38,1004.70333333333
2016,350,8,82.823,612.796363636364,33.0466666666667,48.974,-14.6466666666667,60.8416666666667,5.87666666666667,1005.47333333333,82.823,612.796363636364,33.0466666666667,48.974,-14.6466666666667,60.8416666666667,5.87666666666667,1005.47333333333
2016,350,9,74.7096666666667,815.14,56.8283333333333,108.893333333333,-14.02,59.36,5.435,1006.41166666667,74.7096666666667,815.14,56.8283333333333,108.893333333333,-14.02,59.36,5.435,1006.41166666667
2016,350,10,68.3983333333333,911.691666666667,71.8466666666666,164.796666666667,-13.12,55.5583333333333,3.99666666666667,1006.83833333333,68.3983333333333,911.691666666667,71.8466666666666,164.796666666667,-13.12,55.5583333333333,3.99666666666667,1006.83833333333
2016,350,11,64.506,954.318333333333,76.045,198.606666666667,-12.0966666666667,53.3366666666667,4.50666666666667,1006.88,64.506,954.318333333333,76.045,198.606666666667,-12.0966666666667,53.3366666666667,4.50666666666667,1006.88
2016,350,12,63.5001666666667,754.043333333333,144.991666666667,199.853333333333,-11.1466666666667,53.205,4.83666666666667,1006.195,63.5001666666667,754.043333333333,144.991666666667,199.853333333333,-11.1466666666667,53.205,4.83666666666667,1006.195
2016,350,13,65.5123333333333,715.345,157.211666666667,186.543333333333,-10.2666666666667,50.0166666666667,4.68666666666666,1005.80333333333,65.5123333333333,715.345,157.211666666667,186.543333333333,-10.2666666666667,50.0166666666667,4.68666666666666,1005.80333333333
2016,350,14,70.2805,91.4866666666667,190.826666666667,93.4116666666667,-10.0116666666667,49.3983333333333,4.26166666666667,1005.31166666667,70.2805,91.4866666666667,190.826666666667,93.4116666666667,-10.0116666666667,49.3983333333333,4.26166666666667,1005.31166666667
2016,350,15,77.2731666666667,110.938333333333,105.365,54.2066666666667,-9.54166666666667,48.2066666666667,2.99333333333333,1004.91833333333,77.2731666666667,110.938333333333,105.365,54.2066666666667,-9.54166666666667,48.2066666666667,2.99333333333333,1004.91833333333
2016,350,16,85.7791666666667,0.4,24.0166666666667,10.2266666666667,-9.65666666666666,53.3266666666667,2.92,1004.82,85.7791666666667,0.4,24.0166666666667,10.2266666666667,-9.65666666666666,53.3266666666667,2.92,1004.82
2016,350,17,95.9121666666667,0.4,0.00499999999999988,0.153333333333333,-9.82166666666666,53.2516666666667,2.705,1004.485,95.9121666666667,0.4,0.00499999999999988,0.153333333333333,-9.82166666666666,53.2516666666667,2.705,1004.485
2016,350,18,106.592,0.4,-0.4,0,-9.97666666666667,59.4216666666667,2.24666666666667,1004.14166666667,106.592,0.4,-0.4,0,-9.97666666666667,59.4216666666667,2.24666666666667,1004.14166666667
2016,350,19,117.777333333333,0.4,-0.4,0,-10.0033333333333,60.945,3.69166666666667,1004.03,117.777333333333,0.4,-0.4,0,-10.0033333333333,60.945,3.69166666666667,1004.03
2016,350,20,129.209333333333,0.4,-0.4,0,-10.0583333333333,61.1783333333333,3.60166666666667,1003.785,129.209333333333,0.4,-0.4,0,-10.0583333333333,61.1783333333333,3.60166666666667,1003.785
2016,350,21,140.580666666667,0.4,-0.4,0,-10.105,63.565,4.00666666666667,1003.48166666667,140.580666666667,0.4,-0.4,0,-10.105,63.565,4.00666666666667,1003.48166666667
2016,350,22,151.336,0.4,-0.398333333333333,0,-10.1083333333333,66.1266666666667,3.46666666666667,1003.23666666667,151.336,0.4,-0.398333333333333,0,-10.1083333333333,66.1266666666667,3.46666666666667,1003.23666666667
2016,350,23,159.971166666667,0.4,-0.4,0,-10.035,65.9966666666667,3.485,1002.56,159.971166666667,0.4,-0.4,0,-10.035,65.9966666666667,3.485,1002.56
2016,351,0,162.770333333333,0.4,-0.4,0,-9.97666666666666,66.5066666666667,3.99833333333333,1001.55833333333,162.770333333333,0.4,-0.4,0,-9.97666666666666,66.5066666666667,3.99833333333333,1001.55833333333
2016,351,1,157.559333333333,0.4,-0.4,0,-9.87833333333333,61.8016666666667,4.36833333333333,1000.91166666667,157.559333333333,0.4,-0.4,0,-9.87833333333333,61.8016666666667,4.36833333333333,1000.91166666667
2016,351,2,147.947666666667,0.4,-0.4,0,-9.68666666666667,60.5116666666667,4.54666666666667,1000.84333333333,147.947666666667,0.4,-0.4,0,-9.68666666666667,60.5116666666667,4.54666666666667,1000.84333333333
2016,351,3,136.898166666667,0.395,-0.4,0,-9.56333333333334,67.33,5.67666666666666,1000.045,136.898166666667,0.395,-0.4,0,-9.56333333333334,67.33,5.67666666666666,1000.045
2016,351,4,125.4655,0.391666666666666,-0.4,0,-9.39833333333332,70.475,5.585,999.645,125.4655,0.391666666666666,-0.4,0,-9.39833333333332,70.475,5.585,999.645
2016,351,5,114.086833333333,0.37,-0.4,0,-9.38666666666666,73.11,6.54,998.468333333333,114.086833333333,0.37,-0.4,0,-9.38666666666666,73.11,6.54,998.468333333333
2016,351,6,103.041166666667,0.261666666666667,-0.4,0,-9.22166666666667,73.9016666666667,7.04833333333333,997.628333333333,103.041166666667,0.261666666666667,-0.4,0,-9.22166666666667,73.9016666666667,7.04833333333333,997.628333333333
2016,351,7,92.4505,0.228333333333333,0.95,0.601666666666667,-8.90833333333333,73.3416666666667,7.48166666666667,997.1,92.4505,0.228333333333333,0.95,0.601666666666667,-8.90833333333333,73.3416666666667,7.48166666666667,997.1
2016,351,8,82.9251666666667,0.00666666666666667,27.8033333333333,12.7383333333333,-8.53833333333333,72.8016666666667,8.21166666666667,996.28,82.9251666666667,0.00666666666666667,27.8033333333333,12.7383333333333,-8.53833333333333,72.8016666666667,8.21166666666667,996.28
2016,351,9,74.8038333333333,0.0316666666666667,65.9616666666666,30.8183333333333,-7.98833333333333,71.475,8.61833333333333,995.583333333333,74.8038333333333,0.0316666666666667,65.9616666666666,30.8183333333333,-7.98833333333333,71.475,8.61833333333333,995.583333333333
2016,351,10,68.4785,-0.00499999999999999,86.4966666666667,41.375,-7.33666666666667,70.0916666666667,7.66666666666667,994.903333333334,68.4785,-0.00499999999999999,86.4966666666667,41.375,-7.33666666666667,70.0916666666667,7.66666666666667,994.903333333334
2016,351,11,64.5661666666667,0.205,123.871666666667,58.7683333333333,-6.53833333333333,65.6033333333333,7.31166666666667,993.326666666667,64.5661666666667,0.205,123.871666666667,58.7683333333333,-6.53833333333333,65.6033333333333,7.31166666666667,993.326666666667
2016,351,12,63.5355,0.233333333333333,101.458333333333,49.53,-6.09333333333333,64.06,7.70333333333333,991.531666666666,63.5355,0.233333333333333,101.458333333333,49.53,-6.09333333333333,64.06,7.70333333333333,991.531666666666
2016,351,13,65.5228333333333,0.4,70.1333333333333,35.2816666666667,-5.68833333333334,63.4133333333333,7.585,989.981666666667,65.5228333333333,0.4,70.1333333333333,35.2816666666667,-5.68833333333334,63.4133333333333,7.585,989.981666666667
2016,351,14,70.2685,0.4,41.8433333333333,21.7083333333333,-5.30333333333334,64.1683333333333,7.72833333333333,988.556666666667,70.2685,0.4,41.8433333333333,21.7083333333333,-5.30333333333334,64.1683333333333,7.72833333333333,988.556666666667
2016,351,15,77.2425,0.4,33.2516666666667,16.575,-4.93666666666667,65.0233333333333,7.86666666666667,987.04,77.2425,0.4,33.2516666666667,16.575,-4.93666666666667,65.0233333333333,7.86666666666667,987.04
2016,351,16,85.7366666666667,0.4,6.28333333333333,3.28833333333333,-4.69,67.6133333333334,8.10333333333334,985.428333333333,85.7366666666667,0.4,6.28333333333333,3.28833333333333,-4.69,67.6133333333334,8.10333333333334,985.428333333333
2016,351,17,95.8541666666667,0.316666666666667,-0.268333333333333,0.045,-4.27833333333333,68.475,7.345,984.375,95.8541666666667,0.316666666666667,-0.268333333333333,0.045,-4.27833333333333,68.475,7.345,984.375
2016,351,18,106.525166666667,0.07,-0.4,0,-4.29833333333334,80.0716666666667,8.55166666666667,983.005,106.525166666667,0.07,-0.4,0,-4.29833333333334,80.0716666666667,8.55166666666667,983.005
2016,351,19,117.707,0.101666666666667,-0.398333333333333,0,-4.05166666666667,90.2,5.42833333333333,982.546666666667,117.707,0.101666666666667,-0.398333333333333,0,-4.05166666666667,90.2,5.42833333333333,982.546666666667
2016,351,20,129.137166666667,0.295,-0.4,0,-3.65,95.1533333333334,3.335,981.985,129.137166666667,0.295,-0.4,0,-3.65,95.1533333333334,3.335,981.985
2016,351,21,140.512,0.4,-0.333333333333333,0.00666666666666667,-3.545,97.4416666666667,3.21333333333333,980.428333333333,140.512,0.4,-0.333333333333333,0.00666666666666667,-3.545,97.4416666666667,3.21333333333333,980.428333333333
2016,351,22,151.279166666667,0.4,-0.383333333333333,0.00166666666666667,-3.41166666666667,98.1983333333333,3.91166666666667,979.148333333333,151.279166666667,0.4,-0.383333333333333,0.00166666666666667,-3.41166666666667,98.1983333333333,3.91166666666667,979.148333333333
2016,351,23,159.949166666667,0.4,-0.4,0.00666666666666667,-2.96333333333334,98.4866666666667,3.14833333333333,978.618333333333,159.949166666667,0.4,-0.4,0.00666666666666667,-2.96333333333334,98.4866666666667,3.14833333333333,978.618333333333
2016,352,0,162.817833333333,0.4,-0.395,0.01,-2.52,98.8916666666667,2.42833333333333,977.996666666667,162.817833333333,0.4,-0.395,0.01,-2.52,98.8916666666667,2.42833333333333,977.996666666667
2016,352,1,157.654833333333,0.4,-0.398333333333333,0.0133333333333333,-2.16,99.0233333333334,1.57666666666667,977.733333333333,157.654833333333,0.4,-0.398333333333333,0.0133333333333333,-2.16,99.0233333333334,1.57666666666667,977.733333333333
2016,352,2,148.0575,0.4,-0.36,0.0166666666666667,-2.025,99.4350000000001,1.45166666666667,977.783333333334,148.0575,0.4,-0.36,0.0166666666666667,-2.025,99.4350000000001,1.45166666666667,977.783333333334
2016,352,3,137.01,0.796666666666667,-0.286666666666667,0.015,-1.81166666666667,99.8333333333333,1.63333333333333,977.605,137.01,0.796666666666667,-0.286666666666667,0.015,-1.81166666666667,99.8333333333333,1.63333333333333,977.605
2016,352,4,125.578333333333,0.7,-0.15,-0.00833333333333333,-1.40166666666667,99.975,1.47666666666667,977.41,125.578333333333,0.7,-0.15,-0.00833333333333333,-1.40166666666667,99.975,1.47666666666667,977.41
2016,352,5,114.199166666667,0.413333333333333,-0.256666666666667,-0.00166666666666667,-0.961666666666666,99.9474576271186,1.21,977.338333333334,114.199166666667,0.413333333333333,-0.256666666666667,-0.00166666666666667,-0.961666666666666,99.9474576271186,1.21,977.338333333334
2016,352,6,103.151,0.513333333333332,-0.365,-0.0133333333333333,-0.756666666666668,99.945,0.156666666666667,977.683333333332,103.151,0.513333333333332,-0.365,-0.0133333333333333,-0.756666666666668,99.945,0.156666666666667,977.683333333332
2016,352,7,92.5506666666667,0.491666666666667,0.586666666666667,0.325,-0.553333333333333,99.9399999999999,0,977.726666666667,92.5506666666667,0.491666666666667,0.586666666666667,0.325,-0.553333333333333,99.9399999999999,0,977.726666666667
2016,352,8,83.0203333333333,0.913333333333333,8.49,4.145,-0.331666666666667,99.8583333333334,0,978.338333333333,83.0203333333333,0.913333333333333,8.49,4.145,-0.331666666666667,99.8583333333334,0,978.338333333333
2016,352,9,74.8925,1.02833333333333,27.565,13.545,-0.366666666666666,99.8366666666667,0,978.87,74.8925,1.02833333333333,27.565,13.545,-0.366666666666666,99.8366666666667,0,978.87
2016,352,10,68.5513333333333,0.948333333333333,42.5616666666667,21.4116666666667,-0.586666666666667,99.2916666666667,0,979.285,68.5513333333333,0.948333333333333,42.5616666666667,21.4116666666667,-0.586666666666667,99.2916666666667,0,979.285
2016,352,11,64.6193333333333,1,36.5133333333333,18.78,-0.818333333333333,98.1233333333333,0,979.711666666667,64.6193333333333,1,36.5133333333333,18.78,-0.818333333333333,98.1233333333333,0,979.711666666667
2016,352,12,63.5643333333333,0.466666666666666,59.1766666666667,30.195,-1.35833333333333,97.2516666666667,0,980.3,63.5643333333333,0.466666666666666,59.1766666666667,30.195,-1.35833333333333,97.2516666666667,0,980.3
2016,352,13,65.5265,0.57,73.9733333333333,36.52,-2.28333333333333,96.3983333333333,0,980.686666666667,65.5265,0.57,73.9733333333333,36.52,-2.28333333333333,96.3983333333333,0,980.686666666667
2016,352,14,70.249,0.62,63.7966666666667,30.8266666666667,-2.935,94.8783333333333,0,980.971666666667,70.249,0.62,63.7966666666667,30.8266666666667,-2.935,94.8783333333333,0,980.971666666667
2016,352,15,77.2031666666667,0.423333333333333,31.1783333333333,15.2166666666667,-3.98,94.1816666666666,0,982.311666666667,77.2031666666667,0.423333333333333,31.1783333333333,15.2166666666667,-3.98,94.1816666666666,0,982.311666666667
2016,352,16,85.6868333333333,0.4,6.64833333333334,3.335,-4.43833333333333,92.6,0,982.79,85.6868333333333,0.4,6.64833333333334,3.335,-4.43833333333333,92.6,0,982.79
2016,352,17,95.7901666666667,0.985000000000001,-0.295,0.0416666666666667,-5.43,92.4733333333333,0,982.656666666667,95.7901666666667,0.985000000000001,-0.295,0.0416666666666667,-5.43,92.4733333333333,0,982.656666666667
2016,352,18,106.454333333333,1.2,-0.4,0.00666666666666667,-6.14666666666666,90.4633333333334,0,982.58,106.454333333333,1.2,-0.4,0.00666666666666667,-6.14666666666666,90.4633333333334,0,982.58
2016,352,19,117.630666666667,1.2,-0.4,0.0216666666666667,-6.69333333333333,86.6266666666667,NA,984.093333333333,117.630666666667,1.2,-0.4,0.0216666666666667,-6.69333333333333,86.6266666666667,4.89833333333333,984.093333333333
2016,352,20,129.059833333333,1.145,-0.4,0.0233333333333333,-7.05666666666667,87.7516666666667,NA,985.015,129.059833333333,1.145,-0.4,0.0233333333333333,-7.05666666666667,87.7516666666667,3.18416666666667,985.015
2016,352,21,140.436833333333,0.913333333333332,-0.4,0.025,-7.23666666666667,87.2033333333333,NA,985.73,140.436833333333,0.913333333333332,-0.4,0.025,-7.23666666666667,87.2033333333333,3.20208333333333,985.73
2016,352,22,151.2165,0.791666666666666,-0.4,0.0333333333333333,-7.355,87.96,NA,986.043333333333,151.2165,0.791666666666666,-0.4,0.0333333333333333,-7.355,87.96,3.43708333333333,986.043333333333
2016,352,23,159.921333333333,0.91,-0.4,0.0233333333333333,-7.41500000000001,88.67,NA,987.301666666667,159.921333333333,0.91,-0.4,0.0233333333333333,-7.41500000000001,88.67,2.98583333333333,987.301666666667
2016,353,0,162.856333333333,1.02333333333333,-0.4,0.02,-8.10333333333334,88.055,NA,988.449999999999,162.856333333333,1.02333333333333,-0.4,0.02,-8.10333333333334,88.055,2.53416666666667,988.449999999999
2016,353,1,157.744666666667,0.943333333333332,-0.4,0.0233333333333333,-9.10666666666667,86.9183333333333,NA,990.188333333333,157.744666666667,0.943333333333332,-0.4,0.0233333333333333,-9.10666666666667,86.9183333333333,1.86458333333333,990.188333333333
2016,353,2,148.161833333333,0.643333333333333,-0.4,0.02,-9.92,87.6883333333333,NA,991.683333333333,148.161833333333,0.643333333333333,-0.4,0.02,-9.92,87.6883333333333,1.97958333333333,991.683333333333
2016,353,3,137.119,0.591666666666667,-0.4,0.00666666666666667,-10.5216666666667,85.8766666666667,NA,993.583333333333,137.119,0.591666666666667,-0.4,0.00666666666666667,-10.5216666666667,85.8766666666667,1.71333333333333,993.583333333333
2016,353,4,125.6875,0.718333333333333,-0.4,0.0116666666666667,-11.105,83.0566666666666,NA,995.025,125.6875,0.718333333333333,-0.4,0.0116666666666667,-11.105,83.0566666666666,2.15208333333333,995.025
2016,353,5,114.307,0.928333333333332,-0.4,0.005,-12.5633333333333,83.99,NA,997.166666666667,114.307,0.928333333333332,-0.4,0.005,-12.5633333333333,83.99,1.41041666666667,997.166666666667
2016,353,6,103.255166666667,0.596666666666666,-0.4,0,-14.0033333333333,84.3033333333333,NA,999.14,103.255166666667,0.596666666666666,-0.4,0,-14.0033333333333,84.3033333333333,1.79111111111111,999.14
2016,353,7,92.6593333333333,0.648333333333334,2.33166666666667,1.69166666666667,-14.98,83.3783333333333,NA,1001.21833333333,92.6593333333333,0.648333333333334,2.33166666666667,1.69166666666667,-14.98,83.3783333333333,1.66111111111111,1001.21833333333
2016,353,8,83.1125,522.239622641509,33.5466666666667,51.5766666666667,-15.5666666666667,81.4683333333333,NA,1003.13,83.1125,522.239622641509,33.5466666666667,51.5766666666667,-15.5666666666667,81.4683333333333,1.63666666666667,1003.13
2016,353,9,74.9743333333333,786.323333333333,58.6133333333333,152.381666666667,-15.5866666666667,80.195,NA,1005.02333333333,74.9743333333333,786.323333333333,58.6133333333333,152.381666666667,-15.5866666666667,80.195,2.39388888888889,1005.02333333333
2016,353,10,68.618,799.178333333334,102.116666666667,211.283333333333,-15.1016666666667,80.7916666666667,NA,1006.54,68.618,799.178333333334,102.116666666667,211.283333333333,-15.1016666666667,80.7916666666667,2.02111111111111,1006.54
2016,353,11,64.6661666666667,790.366666666667,153.28,236.09,-14.665,81.9833333333333,NA,1007.09833333333,64.6661666666667,790.366666666667,153.28,236.09,-14.665,81.9833333333333,2.85722222222222,1007.09833333333
2016,353,12,63.5856666666667,569.913333333333,194.888333333333,200.61,-14.0283333333333,82.535,NA,1007.17666666667,63.5856666666667,569.913333333333,194.888333333333,200.61,-14.0283333333333,82.535,3.12944444444444,1007.17666666667
2016,353,13,65.5223333333333,547.025,157.48,161.243333333333,-13.45,80.06,NA,1007.55333333333,65.5223333333333,547.025,157.48,161.243333333333,-13.45,80.06,2.59333333333333,1007.55333333333
2016,353,14,70.222,654.265,127.776666666667,130.932,-12.8016666666667,75.6466666666667,NA,1008.12833333333,70.222,654.265,127.776666666667,130.932,-12.8016666666667,75.6466666666667,2.37666666666667,1008.12833333333
2016,353,15,77.1581666666667,550.721666666667,75.2733333333333,62.5945945945946,-12.6883333333333,76.2266666666667,NA,1008.76166666667,77.1581666666667,550.721666666667,75.2733333333333,62.5945945945946,-12.6883333333333,76.2266666666667,2.01333333333333,1008.76166666667
2016,353,16,85.6328333333333,325.911666666667,28.065,25.875,-13.2133333333333,78.2216666666667,NA,1009.695,85.6328333333333,325.911666666667,28.065,25.875,-13.2133333333333,78.2216666666667,1.87722222222222,1009.695
2016,353,17,95.7081666666667,0.769999999999999,0.671666666666667,0.436666666666667,-14.1533333333333,79.7883333333334,NA,1010.88333333333,95.7081666666667,0.769999999999999,0.671666666666667,0.436666666666667,-14.1533333333333,79.7883333333334,1.59166666666667,1010.88333333333
2016,353,18,106.377833333333,0.828333333333333,-0.4,0,-14.9566666666667,80.355,NA,1011.74166666667,106.377833333333,0.828333333333333,-0.4,0,-14.9566666666667,80.355,1.205,1011.74166666667
2016,353,19,117.5505,0.796666666666666,-0.4,0,-15.59,82.455,NA,1012.54666666667,117.5505,0.796666666666666,-0.4,0,-15.59,82.455,4.36833333333333,1012.54666666667
2016,353,20,128.978166666667,1.16333333333333,-0.4,0,-16.3266666666667,77.58,NA,1013.39833333333,128.978166666667,1.16333333333333,-0.4,0,-16.3266666666667,77.58,3.03333333333333,1013.39833333333
2016,353,21,140.3575,1.2,-0.4,0,-16.9966666666667,75.38,NA,1013.76333333333,140.3575,1.2,-0.4,0,-16.9966666666667,75.38,3.19083333333333,1013.76333333333
2016,353,22,151.147166666667,1.2,-0.4,0,-17.4916666666667,75.145,NA,1013.68666666667,151.147166666667,1.2,-0.4,0,-17.4916666666667,75.145,2.9625,1013.68666666667
2016,353,23,159.885166666667,1.25,-0.4,0,-17.95,77.8533333333333,NA,1014.12166666667,159.885166666667,1.25,-0.4,0,-17.95,77.8533333333333,2.82333333333333,1014.12166666667
2016,354,0,162.888,1.35,-0.4,0,-18.1533333333333,80.8483333333333,NA,1014.17,162.888,1.35,-0.4,0,-18.1533333333333,80.8483333333333,2.64,1014.17
2016,354,1,157.8275,1.52666666666667,-0.4,0,-18.1266666666667,82.0383333333333,NA,1014.64833333333,157.8275,1.52666666666667,-0.4,0,-18.1266666666667,82.0383333333333,2.1525,1014.64833333333
2016,354,2,148.261833333333,1.67833333333333,-0.4,0,-18.2433333333333,81.8866666666667,NA,1014.87333333333,148.261833333333,1.67833333333333,-0.4,0,-18.2433333333333,81.8866666666667,2.5075,1014.87333333333
2016,354,3,137.223166666667,1.2,-0.4,0,-18.2416666666667,81.9733333333333,NA,1014.87166666667,137.223166666667,1.2,-0.4,0,-18.2416666666667,81.9733333333333,1.79333333333333,1014.87166666667
2016,354,4,125.793,1.27166666666667,-0.4,0,-18.305,85.3033333333333,NA,1014.86666666667,125.793,1.27166666666667,-0.4,0,-18.305,85.3033333333333,2.8275,1014.86666666667
2016,354,5,114.410666666667,1.60833333333333,-0.4,0,-18.4966666666667,87.115,NA,1014.68666666667,114.410666666667,1.60833333333333,-0.4,0,-18.4966666666667,87.115,1.61083333333333,1014.68666666667
2016,354,6,103.356,1.51333333333333,-0.4,0,-18.5616666666667,87.005,NA,1014.63,103.356,1.51333333333333,-0.4,0,-18.5616666666667,87.005,3.42555555555556,1014.63
2016,354,7,92.7625,45.5816666666667,3.495,0.126666666666667,-18.49,87.5616666666667,NA,1014.76833333333,92.7625,45.5816666666667,3.495,0.126666666666667,-18.49,87.5616666666667,3.32222222222222,1014.76833333333
2016,354,8,83.1983333333333,594.387037037037,31.2716666666667,NA,-17.6483333333333,84.28,NA,1015.28833333333,83.1983333333333,594.387037037037,31.2716666666667,59.32,-17.6483333333333,84.28,3.27333333333333,1015.28833333333
2016,354,9,75.0511666666667,828.55,52.6883333333333,NA,-16.1883333333333,74.635,NA,1015.89833333333,75.0511666666667,828.55,52.6883333333333,145.759166666667,-16.1883333333333,74.635,4.78777777777778,1015.89833333333
2016,354,10,68.678,917.06,65.28,NA,-14.53,71.6533333333334,NA,1015.97166666667,68.678,917.06,65.28,175.261666666667,-14.53,71.6533333333334,4.04222222222222,1015.97166666667
2016,354,11,64.7048333333333,950.763333333333,72.185,NA,-12.76,66.6,NA,1015.27666666667,64.7048333333333,950.763333333333,72.185,211.248333333333,-12.76,66.6,5.71444444444444,1015.27666666667
2016,354,12,63.5985,949.761666666667,75.5833333333333,218.007142857143,-11.2516666666667,68.845,NA,1013.825,63.5985,949.761666666667,75.5833333333333,218.007142857143,-11.2516666666667,68.845,6.25888888888889,1013.825
2016,354,13,65.5108333333333,921.951666666667,73.88,193.996666666667,-9.84166666666667,63.5166666666667,NA,1012.94166666667,65.5108333333333,921.951666666667,73.88,193.996666666667,-9.84166666666667,63.5166666666667,5.18666666666667,1012.94166666667
2016,354,14,70.1883333333333,859.476666666667,66.5416666666667,141.176666666667,-8.72333333333333,61.2366666666667,NA,1012.28666666667,70.1883333333333,859.476666666667,66.5416666666667,141.176666666667,-8.72333333333333,61.2366666666667,4.75333333333333,1012.28666666667
2016,354,15,77.1066666666667,739.07,50.3883333333333,84.6,-7.97666666666666,59.595,NA,1011.565,77.1066666666667,739.07,50.3883333333333,84.6,-7.97666666666666,59.595,4.02666666666667,1011.565
2016,354,16,85.571,403.148333333333,23.2416666666667,24.8466666666667,-7.855,61.8683333333333,NA,1011.16833333333,85.571,403.148333333333,23.2416666666667,24.8466666666667,-7.855,61.8683333333333,3.75444444444444,1011.16833333333
2016,354,17,95.634,0.798333333333333,0.675,0.47,-8.99166666666667,73.82,NA,1010.68166666667,95.634,0.798333333333333,0.675,0.47,-8.99166666666667,73.82,3.18333333333333,1010.68166666667
2016,354,18,106.296666666667,0.556666666666666,-0.4,0,-9.5,75.4916666666667,NA,1010.19666666667,106.296666666667,0.556666666666666,-0.4,0,-9.5,75.4916666666667,2.41,1010.19666666667
2016,354,19,117.466833333333,0.528333333333333,-0.4,0,-9.94,77.2516666666666,NA,1009.595,117.466833333333,0.528333333333333,-0.4,0,-9.94,77.2516666666666,3.83833333333333,1009.595
2016,354,20,128.891666666667,0.4,-0.4,0,-9.91333333333334,78.1,NA,1009.07333333333,128.891666666667,0.4,-0.4,0,-9.91333333333334,78.1,2.8825,1009.07333333333
2016,354,21,140.2745,0.67,-0.4,0,-10.5283333333333,80.43,NA,1008.85333333333,140.2745,0.67,-0.4,0,-10.5283333333333,80.43,3.17958333333333,1008.85333333333
2016,354,22,151.072666666667,0.451666666666666,-0.4,0,-10.6466666666667,77.9333333333333,NA,1008.19166666667,151.072666666667,0.451666666666666,-0.4,0,-10.6466666666667,77.9333333333333,2.48791666666667,1008.19166666667
2016,354,23,159.841666666667,0.4,-0.4,0,-10.475,77.345,NA,1007.285,159.841666666667,0.4,-0.4,0,-10.475,77.345,2.66083333333333,1007.285
2016,355,0,162.9115,0.4,-0.4,0,-10.6116666666667,79.7933333333333,NA,1006.59666666667,162.9115,0.4,-0.4,0,-10.6116666666667,79.7933333333333,2.74583333333333,1006.59666666667
2016,355,1,157.903333333333,0.4,-0.4,0,-10.5416666666667,79.6,NA,1006.39333333333,157.903333333333,0.4,-0.4,0,-10.5416666666667,79.6,2.44041666666667,1006.39333333333
2016,355,2,148.356833333333,0.4,-0.4,0,-10.445,82.5883333333333,NA,1005.84166666667,148.356833333333,0.4,-0.4,0,-10.445,82.5883333333333,3.03541666666667,1005.84166666667
2016,355,3,137.324166666667,0.4,-0.4,0,-10.3766666666667,84.83,NA,1005.24666666667,137.324166666667,0.4,-0.4,0,-10.3766666666667,84.83,1.87333333333333,1005.24666666667
2016,355,4,125.894333333333,0.4,-0.4,0,-10.2633333333333,86.4116666666666,NA,1004.3,125.894333333333,0.4,-0.4,0,-10.2633333333333,86.4116666666666,3.50291666666666,1004.3
2016,355,5,114.510833333333,0.4,-0.4,0,-10.1283333333333,85.88,NA,1003.82833333333,114.510833333333,0.4,-0.4,0,-10.1283333333333,85.88,1.81125,1003.82833333333
2016,355,6,103.452833333333,0.29,-0.4,0,-10.1533333333333,86.1633333333333,5.06,1003.22333333333,103.452833333333,0.29,-0.4,0,-10.1533333333333,86.1633333333333,5.06,1003.22333333333
2016,355,7,92.8495,46.865,5.52666666666667,3.22833333333333,-9.75166666666667,86.7133333333334,4.98333333333333,1002.89333333333,92.8495,46.865,5.52666666666667,3.22833333333333,-9.75166666666667,86.7133333333334,4.98333333333333,1002.89333333333
2016,355,8,83.2788333333333,500.224528301887,56.71,67.0633333333333,-8.75333333333334,84.3466666666667,4.91,1002.525,83.2788333333333,500.224528301887,56.71,67.0633333333333,-8.75333333333334,84.3466666666667,4.91,1002.525
2016,355,9,75.1203333333333,376.723333333333,158.31,139.136666666667,-6.10166666666667,72.92,7.18166666666666,1001.275,75.1203333333333,376.723333333333,158.31,139.136666666667,-6.10166666666667,72.92,7.18166666666666,1001.275
2016,355,10,68.7311666666667,329.788333333333,141.46,139.24,-4.31166666666667,68.7783333333334,6.06333333333333,1001.52333333333,68.7311666666667,329.788333333333,141.46,139.24,-4.31166666666667,68.7783333333334,6.06333333333333,1001.52333333333
2016,355,11,64.736,451.715,192.496666666667,186.406666666667,-2.24,61.5333333333333,8.57166666666667,1000.12666666667,64.736,451.715,192.496666666667,186.406666666667,-2.24,61.5333333333333,8.57166666666667,1000.12666666667
2016,355,12,63.6051666666667,562.038333333334,190.668333333333,203.831666666667,-0.755,57.3883333333333,9.38833333333333,999.246666666667,63.6051666666667,562.038333333334,190.668333333333,203.831666666667,-0.755,57.3883333333333,9.38833333333333,999.246666666667
2016,355,13,65.4925,496.983333333333,170.695,170.1,-0.111666666666667,57.6266666666667,7.78,998.653333333333,65.4925,496.983333333333,170.695,170.1,-0.111666666666667,57.6266666666667,7.78,998.653333333333
2016,355,14,70.1471666666667,391.773333333333,164.183333333333,134.725,0.135,58.3933333333333,7.13,998.021666666666,70.1471666666667,391.773333333333,164.183333333333,134.725,0.135,58.3933333333333,7.13,998.021666666666
2016,355,15,77.0486666666667,142.345,117.376666666667,64.4166666666667,0.0433333333333334,65.035,6.04,998.045,77.0486666666667,142.345,117.376666666667,64.4166666666667,0.0433333333333334,65.035,6.04,998.045
2016,355,16,85.506,82.05,39.51,22.1083333333333,-0.251666666666667,68.91,5.63166666666667,998.128333333333,85.506,82.05,39.51,22.1083333333333,-0.251666666666667,68.91,5.63166666666667,998.128333333333
2016,355,17,95.542,0.421666666666666,0.371666666666667,0.28,-1.12,75.895,4.775,997.865000000001,95.542,0.421666666666666,0.371666666666667,0.28,-1.12,75.895,4.775,997.865000000001
2016,355,18,106.211666666667,0.4,-0.4,0,-1.98333333333333,78.5316666666667,3.615,997.91,106.211666666667,0.4,-0.4,0,-1.98333333333333,78.5316666666667,3.615,997.91
2016,355,19,117.375833333333,0.4,-0.4,0,-2.8,80.195,3.30833333333333,998.01,117.375833333333,0.4,-0.4,0,-2.8,80.195,3.30833333333333,998.01
2016,355,20,128.800333333333,0.401666666666666,-0.4,0,-3.40833333333333,82.195,2.73166666666667,998.076666666666,128.800333333333,0.401666666666666,-0.4,0,-3.40833333333333,82.195,2.73166666666667,998.076666666666
2016,355,21,140.185,0.4,-0.398333333333333,0,-3.78,80.1433333333333,3.16833333333333,997.9,140.185,0.4,-0.398333333333333,0,-3.78,80.1433333333333,3.16833333333333,997.9
2016,355,22,150.993,0.42,-0.4,0,-4.11,80.9783333333333,2.01333333333333,998.018333333334,150.993,0.42,-0.4,0,-4.11,80.9783333333333,2.01333333333333,998.018333333334
2016,355,23,159.79,0.423333333333333,-0.4,0,-4.73333333333334,83.47,2.49833333333333,997.873333333333,159.79,0.423333333333333,-0.4,0,-4.73333333333334,83.47,2.49833333333333,997.873333333333
2016,356,0,162.925666666667,0.441666666666667,-0.393333333333333,0,-5.58833333333333,84.4716666666666,2.85166666666667,997.593333333333,162.925666666667,0.441666666666667,-0.393333333333333,0,-5.58833333333333,84.4716666666666,2.85166666666667,997.593333333333
2016,356,1,157.974833333333,0.4,-0.4,0,-5.63166666666667,84.5583333333333,2.72833333333333,997.611666666666,157.974833333333,0.4,-0.4,0,-5.63166666666667,84.5583333333333,2.72833333333333,997.611666666666
2016,356,2,148.448,0.4,-0.378333333333333,0,-5.77166666666666,83.03,3.56333333333333,997.28,148.448,0.4,-0.378333333333333,0,-5.77166666666666,83.03,3.56333333333333,997.28
2016,356,3,137.42,0.406666666666666,-0.381666666666666,0,-5.85333333333333,83.2933333333333,1.95333333333333,997.001666666666,137.42,0.406666666666666,-0.381666666666666,0,-5.85333333333333,83.2933333333333,1.95333333333333,997.001666666666
2016,356,4,125.991333333333,0.4,-0.4,0,-6.28166666666667,83.1966666666667,4.17833333333333,996.423333333334,125.991333333333,0.4,-0.4,0,-6.28166666666667,83.1966666666667,4.17833333333333,996.423333333334
2016,356,5,114.6055,0.4,-0.396666666666666,0,-5.81333333333333,81.6283333333333,2.01166666666667,996.416666666667,114.6055,0.4,-0.396666666666666,0,-5.81333333333333,81.6283333333333,2.01166666666667,996.416666666667
2016,356,6,103.544,0.368333333333333,-0.368333333333333,0,-5.44,78.7916666666667,3.03,996.213333333333,103.544,0.368333333333333,-0.368333333333333,0,-5.44,78.7916666666667,3.03,996.213333333333
2016,356,7,92.9431666666667,30.1466666666667,5.655,2.35272727272727,-5.49333333333333,77.4983333333333,3.68833333333333,995.531666666667,92.9431666666667,30.1466666666667,5.655,2.35272727272727,-5.49333333333333,77.4983333333333,3.68833333333333,995.531666666667
2016,356,8,83.3533333333333,115.338333333333,59.6816666666667,29.8916666666667,-4.44833333333333,81.4533333333333,3.87333333333333,995.385,83.3533333333333,115.338333333333,59.6816666666667,29.8916666666667,-4.44833333333333,81.4533333333333,3.87333333333333,995.385
2016,356,9,75.1841666666667,22.545,130.66,58.2683333333333,-3.06,82.7183333333333,3.55666666666667,995.378333333333,75.1841666666667,22.545,130.66,58.2683333333333,-3.06,82.7183333333333,3.55666666666667,995.378333333333
2016,356,10,68.7766666666667,200.04,185.298333333333,109.145,-1.32666666666667,80.5416666666667,4.77,995.588333333334,68.7766666666667,200.04,185.298333333333,109.145,-1.32666666666667,80.5416666666667,4.77,995.588333333334
2016,356,11,64.7593333333333,361.585,248.67,166.135,0.403333333333333,76.125,4.41666666666667,994.526666666666,64.7593333333333,361.585,248.67,166.135,0.403333333333333,76.125,4.41666666666667,994.526666666666
2016,356,12,63.6031666666667,221.485,270.576666666667,154.758333333333,2.10666666666667,71.6533333333333,6.97333333333333,992.108333333333,63.6031666666667,221.485,270.576666666667,154.758333333333,2.10666666666667,71.6533333333333,6.97333333333333,992.108333333333
2016,356,13,65.4658333333333,469.156666666667,183.518333333333,155.39,3.40666666666667,66.0016666666667,7.21833333333333,991.096666666667,65.4658333333333,469.156666666667,183.518333333333,155.39,3.40666666666667,66.0016666666667,7.21833333333333,991.096666666667
2016,356,14,70.0995,784.368333333333,102.89,148.266666666667,4.5,59.08,8.33166666666667,990.443333333334,70.0995,784.368333333333,102.89,148.266666666667,4.5,59.08,8.33166666666667,990.443333333334
2016,356,15,76.9841666666667,646.011666666667,54.9016666666667,80.45,4.54666666666667,63.9933333333333,6.2,990.843333333334,76.9841666666667,646.011666666667,54.9016666666667,80.45,4.54666666666667,63.9933333333333,6.2,990.843333333334
2016,356,16,85.4316666666667,207.366666666667,24.16,19.7169491525424,3.04333333333333,74.7733333333333,5.37,990.624999999999,85.4316666666667,207.366666666667,24.16,19.7169491525424,3.04333333333333,74.7733333333333,5.37,990.624999999999
2016,356,17,95.4576666666667,0.381666666666666,0.263333333333334,0.326666666666667,1.90833333333333,80.5183333333333,5.92166666666667,990.12,95.4576666666667,0.381666666666666,0.263333333333334,0.326666666666667,1.90833333333333,80.5183333333333,5.92166666666667,990.12
2016,356,18,106.120333333333,0.4,-0.4,0,1.63,82.3983333333333,5.74666666666667,990.119999999999,106.120333333333,0.4,-0.4,0,1.63,82.3983333333333,5.74666666666667,990.119999999999
2016,356,19,117.281166666667,0.4,-0.4,0,1.34666666666667,83.73,4.90666666666667,990.43,117.281166666667,0.4,-0.4,0,1.34666666666667,83.73,4.90666666666667,990.43
2016,356,20,128.704833333333,0.341666666666667,-0.396666666666666,0,1.35,82.525,4.76833333333333,991.086666666667,128.704833333333,0.341666666666667,-0.396666666666666,0,1.35,82.525,4.76833333333333,991.086666666667
2016,356,21,140.0905,0.373333333333333,-0.398333333333333,0,1.49,79.695,4.58333333333333,991.361666666667,140.0905,0.373333333333333,-0.398333333333333,0,1.49,79.695,4.58333333333333,991.361666666667
2016,356,22,150.9075,0.4,-0.4,0,1.73666666666667,78.1883333333334,4.06333333333333,991.708333333334,150.9075,0.4,-0.4,0,1.73666666666667,78.1883333333334,4.06333333333333,991.708333333334
2016,356,23,159.731833333333,0.418333333333333,-0.4,0,1.055,82.2316666666667,3.97166666666667,992.079999999999,159.731833333333,0.418333333333333,-0.4,0,1.055,82.2316666666667,3.97166666666667,992.079999999999
2016,357,0,162.9325,0.39,-0.4,0,0.391666666666667,84.9083333333333,4.20333333333333,992.673333333333,162.9325,0.39,-0.4,0,0.391666666666667,84.9083333333333,4.20333333333333,992.673333333333
2016,357,1,158.0385,0.143333333333333,-0.268333333333333,0,0.945000000000001,82.155,5.30333333333333,993.605000000001,158.0385,0.143333333333333,-0.268333333333333,0,0.945000000000001,82.155,5.30333333333333,993.605000000001
2016,357,2,148.5335,0.396666666666666,-0.4,0,1.55333333333333,82.15,5.845,994.745,148.5335,0.396666666666666,-0.4,0,1.55333333333333,82.15,5.845,994.745
2016,357,3,137.512833333333,0.401666666666666,-0.4,0,1.91833333333333,81.0783333333334,6.40666666666667,995.391666666667,137.512833333333,0.401666666666666,-0.4,0,1.91833333333333,81.0783333333334,6.40666666666667,995.391666666667
2016,357,4,126.084333333333,0.4,-0.4,0,1.69666666666667,82.435,5.69333333333334,995.845,126.084333333333,0.4,-0.4,0,1.69666666666667,82.435,5.69333333333334,995.845
2016,357,5,114.697166666667,0.4,-0.4,0,1.755,82.9466666666667,5.09166666666667,996.843333333333,114.697166666667,0.4,-0.4,0,1.755,82.9466666666667,5.09166666666667,996.843333333333
2016,357,6,103.632,0.4,-0.398333333333333,0,1.69833333333333,83.3116666666667,4.22833333333333,997.803333333334,103.632,0.4,-0.398333333333333,0,1.69833333333333,83.3116666666667,4.22833333333333,997.803333333334
2016,357,7,93.0201666666667,0.418333333333333,1.61,0.966666666666666,1.63833333333333,83.545,4.42,998.885,93.0201666666667,0.418333333333333,1.61,0.966666666666666,1.63833333333333,83.545,4.42,998.885
2016,357,8,83.4216666666667,77.8866666666667,52.46,25.4293103448276,1.30666666666667,85.7633333333334,4.285,999.898333333333,83.4216666666667,77.8866666666667,52.46,25.4293103448276,1.30666666666667,85.7633333333334,4.285,999.898333333333
2016,357,9,75.2405,671.006666666666,67.18,90.925,1.74333333333334,83.28,5.93666666666667,1001.255,75.2405,671.006666666666,67.18,90.925,1.74333333333334,83.28,5.93666666666667,1001.255
2016,357,10,68.816,827.526666666667,70.6966666666667,142.738333333333,2.13,80.6933333333334,6.90666666666667,1002.22666666667,68.816,827.526666666667,70.6966666666667,142.738333333333,2.13,80.6933333333334,6.90666666666667,1002.22666666667
2016,357,11,64.775,842.905,85.8866666666667,173.076666666667,2.715,78.375,5.71666666666667,1002.32666666667,64.775,842.905,85.8866666666667,173.076666666667,2.715,78.375,5.71666666666667,1002.32666666667
2016,357,12,63.5941666666667,809.94,106.316666666667,182.365,3.39166666666667,74.8083333333334,4.19833333333333,1001.785,63.5941666666667,809.94,106.316666666667,182.365,3.39166666666667,74.8083333333334,4.19833333333333,1001.785
2016,357,13,65.4316666666667,745.365,99.3733333333333,159.976666666667,4.13,71.04,3.62833333333333,1001.77833333333,65.4316666666667,745.365,99.3733333333333,159.976666666667,4.13,71.04,3.62833333333333,1001.77833333333
2016,357,14,70.0446666666667,786.4,80.7916666666667,134.895,4.73166666666667,68.9266666666667,3.895,1001.99666666667,70.0446666666667,786.4,80.7916666666667,134.895,4.73166666666667,68.9266666666667,3.895,1001.99666666667
2016,357,15,76.9136666666667,658.511666666667,90.7766666666666,90.8033333333334,4.83166666666667,69.3966666666667,4.29333333333334,1002.30833333333,76.9136666666667,658.511666666667,90.7766666666666,90.8033333333334,4.83166666666667,69.3966666666667,4.29333333333334,1002.30833333333
2016,357,16,85.3546666666667,279.696666666667,48.8833333333333,30.8931818181818,4.355,72.0616666666667,3.50833333333333,1002.6,85.3546666666667,279.696666666667,48.8833333333333,30.8931818181818,4.355,72.0616666666667,3.50833333333333,1002.6
2016,357,17,95.3556666666667,0.4,0.378333333333334,0.358333333333333,3.005,77.415,2.90166666666667,1002.74166666667,95.3556666666667,0.4,0.378333333333334,0.358333333333333,3.005,77.415,2.90166666666667,1002.74166666667
2016,357,18,106.023833333333,0.398333333333333,-0.4,0,2.52333333333333,77.3016666666667,3.13833333333333,1003.11666666667,106.023833333333,0.398333333333333,-0.4,0,2.52333333333333,77.3016666666667,3.13833333333333,1003.11666666667
2016,357,19,117.182166666667,0.4,-0.4,0,1.68333333333333,80.4366666666667,2.13666666666667,1003.21666666667,117.182166666667,0.4,-0.4,0,1.68333333333333,80.4366666666667,2.13666666666667,1003.21666666667
2016,357,20,128.604833333333,0.39,-0.4,0,0.378333333333333,88.0933333333333,3.41666666666667,1003.30666666667,128.604833333333,0.39,-0.4,0,0.378333333333333,88.0933333333333,3.41666666666667,1003.30666666667
2016,357,21,139.991833333333,0.4,-0.4,0,-0.108333333333333,91.665,2.605,1003.18333333333,139.991833333333,0.4,-0.4,0,-0.108333333333333,91.665,2.605,1003.18333333333
2016,357,22,150.815,0.4,-0.4,0,-0.37,92.9533333333334,2.16333333333333,1003.11,150.815,0.4,-0.4,0,-0.37,92.9533333333334,2.16333333333333,1003.11
2016,357,23,159.6665,0.4,-0.398333333333333,0,-0.913333333333333,94.5233333333333,2.39666666666667,1002.71333333333,159.6665,0.4,-0.398333333333333,0,-0.913333333333333,94.5233333333333,2.39666666666667,1002.71333333333
2016,358,0,162.930666666667,0.4,-0.396666666666666,0,-0.833333333333332,94.3666666666667,2.445,1002.36,162.930666666667,0.4,-0.396666666666666,0,-0.833333333333332,94.3666666666667,2.445,1002.36
2016,358,1,158.095833333333,0.4,-0.4,0,-0.795,95.1216666666667,2.31333333333333,1002.46166666667,158.095833333333,0.4,-0.4,0,-0.795,95.1216666666667,2.31333333333333,1002.46166666667
2016,358,2,148.613833333333,0.4,-0.398333333333333,0,-0.61,95.105,3.01666666666667,1002.22833333333,148.613833333333,0.4,-0.398333333333333,0,-0.61,95.105,3.01666666666667,1002.22833333333
2016,358,3,137.599333333333,0.4,-0.395,0,-0.308333333333333,94.325,2.92166666666667,1001.56666666667,137.599333333333,0.4,-0.395,0,-0.308333333333333,94.325,2.92166666666667,1001.56666666667
2016,358,4,126.172833333333,0.4,-0.4,0,-0.17,93.605,1.84666666666667,1001.79,126.172833333333,0.4,-0.4,0,-0.17,93.605,1.84666666666667,1001.79
2016,358,5,114.7835,0.4,-0.365,0,-0.345,95.0416666666667,2.19,1001.61166666667,114.7835,0.4,-0.365,0,-0.345,95.0416666666667,2.19,1001.61166666667
2016,358,6,103.7135,0.4,-0.4,0,-0.128333333333333,95.1216666666666,2.68,1001.595,103.7135,0.4,-0.4,0,-0.128333333333333,95.1216666666666,2.68,1001.595
2016,358,7,93.1048333333333,0.4,0.27,0.205,0.0233333333333333,93.9016666666667,3.69,1001.10666666667,93.1048333333333,0.4,0.27,0.205,0.0233333333333333,93.9016666666667,3.69,1001.10666666667
2016,358,8,83.4865,0.361666666666667,11.7116666666667,5.33833333333333,-0.0383333333333333,93.9766666666666,3.43166666666667,1000.47833333333,83.4865,0.361666666666667,11.7116666666667,5.33833333333333,-0.0383333333333333,93.9766666666666,3.43166666666667,1000.47833333333
2016,358,9,75.291,0.356666666666667,39.81,18.2783333333333,0.421666666666667,92.935,3.52833333333333,1000.00833333333,75.291,0.356666666666667,39.81,18.2783333333333,0.421666666666667,92.935,3.52833333333333,1000.00833333333
2016,358,10,68.8476666666667,0.391666666666666,82.6083333333333,37.6083333333333,0.798333333333333,91.55,4.96,1000.18666666667,68.8476666666667,0.391666666666666,82.6083333333333,37.6083333333333,0.798333333333333,91.55,4.96,1000.18666666667
2016,358,11,64.7843333333333,0.4,75.8983333333334,35.4183333333333,1.18666666666667,89.7716666666667,5.05333333333333,998.483333333333,64.7843333333333,0.4,75.8983333333334,35.4183333333333,1.18666666666667,89.7716666666667,5.05333333333333,998.483333333333
2016,358,12,63.577,0.4,61.8766666666667,30.0533333333333,1.49,86.7616666666666,6.07166666666667,995.563333333333,63.577,0.4,61.8766666666667,30.0533333333333,1.49,86.7616666666666,6.07166666666667,995.563333333333
2016,358,13,65.39,0.4,44.2933333333333,22.205,1.785,84.6783333333334,6.38166666666667,993.89,65.39,0.4,44.2933333333333,22.205,1.785,84.6783333333334,6.38166666666667,993.89
2016,358,14,69.9831666666667,0.4,25.0366666666667,12.8416666666667,1.53166666666667,85.895,6.285,993.043333333334,69.9831666666667,0.4,25.0366666666667,12.8416666666667,1.53166666666667,85.895,6.285,993.043333333334
2016,358,15,76.8368333333333,0.4,29.115,13.2016666666667,1.45,86.895,6.62666666666666,991.891666666667,76.8368333333333,0.4,29.115,13.2016666666667,1.45,86.895,6.62666666666666,991.891666666667
2016,358,16,85.272,0.4,9.34166666666667,4.21166666666667,1.415,88.315,6.98333333333333,991.596666666667,85.272,0.4,9.34166666666667,4.21166666666667,1.415,88.315,6.98333333333333,991.596666666667
2016,358,17,95.2603333333333,0.4,-0.0783333333333334,0.11,1.32666666666667,89.6683333333333,7.565,990.54,95.2603333333333,0.4,-0.0783333333333334,0.11,1.32666666666667,89.6683333333333,7.565,990.54
2016,358,18,105.923333333333,0.386666666666666,-0.391666666666666,0,1.36666666666667,90.9883333333334,8.38,989.54,105.923333333333,0.386666666666666,-0.391666666666666,0,1.36666666666667,90.9883333333334,8.38,989.54
2016,358,19,117.080166666667,0.4,-0.395,0,1.555,92.1983333333333,7.34,989.565000000001,117.080166666667,0.4,-0.395,0,1.555,92.1983333333333,7.34,989.565000000001
2016,358,20,128.500666666667,0.4,-0.4,0,1.755,95.5233333333333,7.59833333333333,989.08,128.500666666667,0.4,-0.4,0,1.755,95.5233333333333,7.59833333333333,989.08
2016,358,21,139.889833333333,0.4,-0.4,0,1.97166666666667,97.05,7.46833333333333,988.776666666666,139.889833333333,0.4,-0.4,0,1.97166666666667,97.05,7.46833333333333,988.776666666666
2016,358,22,150.719666666667,0.4,-0.395,0,2.14666666666667,97.9433333333334,5.37833333333333,989.134999999999,150.719666666667,0.4,-0.395,0,2.14666666666667,97.9433333333334,5.37833333333333,989.134999999999
2016,358,23,159.594833333333,0.4,-0.266666666666667,0,2.05833333333333,98.72,4.21166666666667,989.101666666666,159.594833333333,0.4,-0.266666666666667,0,2.05833333333333,98.72,4.21166666666667,989.101666666666
2016,359,0,162.9205,0.401666666666666,-0.0366666666666667,0,2.045,99.24,3.75333333333333,989.145,162.9205,0.401666666666666,-0.0366666666666667,0,2.045,99.24,3.75333333333333,989.145
2016,359,1,158.146166666667,0.456666666666666,0,0,2.29666666666667,99.3983333333333,3.96333333333333,989.788333333334,158.146166666667,0.456666666666666,0,0,2.29666666666667,99.3983333333333,3.96333333333333,989.788333333334
2016,359,2,148.6895,0.535,0.025,0,2.515,99.4599999999999,3.57666666666667,990.615,148.6895,0.535,0.025,0,2.515,99.4599999999999,3.57666666666667,990.615
2016,359,3,137.683333333333,0.476666666666667,-0.128333333333333,-0.01,2.95333333333334,99.2816666666667,4.04333333333333,991.331666666667,137.683333333333,0.476666666666667,-0.128333333333333,-0.01,2.95333333333334,99.2816666666667,4.04333333333333,991.331666666667
2016,359,4,126.257833333333,1.17666666666667,-0.0766666666666666,-0.00833333333333333,2.89333333333334,99.3766666666666,3.29166666666667,991.78,126.257833333333,1.17666666666667,-0.0766666666666666,-0.00833333333333333,2.89333333333334,99.3766666666666,3.29166666666667,991.78
2016,359,5,114.866666666667,0.821666666666667,0.00333333333333333,-0.00666666666666667,2.61166666666667,99.5633333333334,2.545,992.833333333334,114.866666666667,0.821666666666667,0.00333333333333333,-0.00666666666666667,2.61166666666667,99.5633333333334,2.545,992.833333333334
2016,359,6,103.791666666667,0.799999999999999,-0.01,-0.005,2.44666666666667,99.7433333333334,2.79,993.96,103.791666666667,0.799999999999999,-0.01,-0.005,2.44666666666667,99.7433333333334,2.79,993.96
2016,359,7,93.1716666666667,1.12333333333333,0.805,0.333333333333333,2.46666666666667,99.81,2.42666666666667,995.02,93.1716666666667,1.12333333333333,0.805,0.333333333333333,2.46666666666667,99.81,2.42666666666667,995.02
2016,359,8,83.544,0.763333333333333,19.7533333333333,8.14,2.20833333333333,99.8905660377359,2.05,996.035,83.544,0.763333333333333,19.7533333333333,8.14,2.20833333333333,99.8905660377359,2.05,996.035
2016,359,9,75.335,0.68,76.0066666666667,30.7883333333333,2.455,99.8433962264151,1.13833333333333,996.716666666666,75.335,0.68,76.0066666666667,30.7883333333333,2.455,99.8433962264151,1.13833333333333,996.716666666666
2016,359,10,68.8726666666667,0.588333333333333,95.845,39.6433333333333,3.15833333333333,99.4949999999999,2.15333333333333,997.826666666666,68.8726666666667,0.588333333333333,95.845,39.6433333333333,3.15833333333333,99.4949999999999,2.15333333333333,997.826666666666
2016,359,11,64.7853333333333,1.16166666666667,194.458333333333,78.4366666666667,3.66833333333333,98.8716666666667,2.39666666666667,997.890000000001,64.7853333333333,1.16166666666667,194.458333333333,78.4366666666667,3.66833333333333,98.8716666666667,2.39666666666667,997.890000000001
2016,359,12,63.553,5.08,227.198333333333,91.6783333333333,4.50833333333333,95.4666666666667,1.93833333333333,997.706666666666,63.553,5.08,227.198333333333,91.6783333333333,4.50833333333333,95.4666666666667,1.93833333333333,997.706666666666
2016,359,13,65.342,4.60999999999999,227.133333333333,91.8333333333333,4.975,88.5066666666667,2.77833333333333,997.599999999999,65.342,4.60999999999999,227.133333333333,91.8333333333333,4.975,88.5066666666667,2.77833333333333,997.599999999999
2016,359,14,69.9135,26.9883333333334,182.981666666667,79.2333333333333,5.33833333333334,80.8783333333333,1.91666666666667,997.706666666667,69.9135,26.9883333333334,182.981666666667,79.2333333333333,5.33833333333334,80.8783333333333,1.91666666666667,997.706666666667
2016,359,15,76.7533333333333,0.4,60.1383333333333,24.9783333333333,5.46333333333333,76.17,0.901666666666667,998.245000000001,76.7533333333333,0.4,60.1383333333333,24.9783333333333,5.46333333333333,76.17,0.901666666666667,998.245000000001
2016,359,16,85.183,0.4,15.9866666666667,6.865,4.94833333333334,82.705,2.39833333333333,998.098333333333,85.183,0.4,15.9866666666667,6.865,4.94833333333334,82.705,2.39833333333333,998.098333333333
2016,359,17,95.1486666666667,0.375,0.11,0.168333333333333,4.58333333333333,85.3116666666667,2.03166666666667,998.436666666666,95.1486666666667,0.375,0.11,0.168333333333333,4.58333333333333,85.3116666666667,2.03166666666667,998.436666666666
2016,359,18,105.819166666667,0.4,-0.4,0,3.41833333333333,91.65,2.805,999.023333333332,105.819166666667,0.4,-0.4,0,3.41833333333333,91.65,2.805,999.023333333332
2016,359,19,116.9715,0.4,-0.391666666666666,0,2.76333333333333,93.0133333333333,3.1,999.493333333334,116.9715,0.4,-0.391666666666666,0,2.76333333333333,93.0133333333333,3.1,999.493333333334
2016,359,20,128.392,0.398333333333333,-0.371666666666666,0,2.74833333333333,92.64,4.02,999.433333333333,128.392,0.398333333333333,-0.371666666666666,0,2.74833333333333,92.64,4.02,999.433333333333
2016,359,21,139.781833333333,0.4,-0.398333333333333,0,2.53833333333333,93.3066666666667,3.545,999.88,139.781833333333,0.4,-0.398333333333333,0,2.53833333333333,93.3066666666667,3.545,999.88
2016,359,22,150.618333333333,0.4,-0.4,0,2.54166666666666,93.185,3.73833333333334,999.881666666667,150.618333333333,0.4,-0.4,0,2.54166666666666,93.185,3.73833333333334,999.881666666667
2016,359,23,159.515333333333,0.4,-0.398333333333333,0,2.54166666666667,92.6616666666666,3.44666666666667,1000.44166666667,159.515333333333,0.4,-0.398333333333333,0,2.54166666666667,92.6616666666666,3.44666666666667,1000.44166666667
2016,360,0,162.902,0.4,-0.4,0,2.33333333333333,93.3016666666667,3.19666666666667,1000.50333333333,162.902,0.4,-0.4,0,2.33333333333333,93.3016666666667,3.19666666666667,1000.50333333333
2016,360,1,158.189666666667,0.4,-0.4,0,2.07833333333333,93.8800000000001,3.67166666666667,1000.50666666667,158.189666666667,0.4,-0.4,0,2.07833333333333,93.8800000000001,3.67166666666667,1000.50666666667
2016,360,2,148.759333333333,0.4,-0.4,0,1.91833333333333,94.4083333333333,4.69833333333334,1000.60833333333,148.759333333333,0.4,-0.4,0,1.91833333333333,94.4083333333333,4.69833333333334,1000.60833333333
2016,360,3,137.762,0.4,-0.4,0,1.58833333333333,95.9183333333333,5.55333333333333,1000.455,137.762,0.4,-0.4,0,1.58833333333333,95.9183333333333,5.55333333333333,1000.455
2016,360,4,126.337333333333,0.4,-0.398333333333333,0,1.60666666666667,96.0766666666667,4.985,1000.11166666667,126.337333333333,0.4,-0.398333333333333,0,1.60666666666667,96.0766666666667,4.985,1000.11166666667
2016,360,5,114.9435,0.4,-0.395,0,1.6,96.455,4.43333333333333,1000.365,114.9435,0.4,-0.395,0,1.6,96.455,4.43333333333333,1000.365
2016,360,6,103.863333333333,0.4,-0.39,0,1.50666666666667,96.7649999999999,4.66166666666667,1000.455,103.863333333333,0.4,-0.39,0,1.50666666666667,96.7649999999999,4.66166666666667,1000.455
2016,360,7,93.2336666666667,0.4,1.58666666666667,0.806666666666667,1.58166666666667,96.1616666666667,5.99333333333333,1000.32166666667,93.2336666666667,0.4,1.58666666666667,0.806666666666667,1.58166666666667,96.1616666666667,5.99333333333333,1000.32166666667
2016,360,8,83.5943333333333,0.4,26.0616666666667,11.6266666666667,1.67,95.6816666666667,7.99833333333333,999.915,83.5943333333333,0.4,26.0616666666667,11.6266666666667,1.67,95.6816666666667,7.99833333333333,999.915
2016,360,9,75.3738333333333,0.341666666666667,61.775,27.1666666666667,2.06,97.76,6.53333333333333,1000.11666666667,75.3738333333333,0.341666666666667,61.775,27.1666666666667,2.06,97.76,6.53333333333333,1000.11666666667
2016,360,10,68.8901666666667,0.4,72.5866666666667,32.8516666666667,2.3,98.26,6.79833333333333,1000.155,68.8901666666667,0.4,72.5866666666667,32.8516666666667,2.3,98.26,6.79833333333333,1000.155
2016,360,11,64.7798333333333,0.4,77.8716666666667,35.965,3.06833333333334,97.4933333333333,6.62333333333333,999.165,64.7798333333333,0.4,77.8716666666667,35.965,3.06833333333334,97.4933333333333,6.62333333333333,999.165
2016,360,12,63.5211666666667,0.4,69.3433333333333,33.3983333333333,3.53166666666666,97.065,7.06333333333333,997.901666666667,63.5211666666667,0.4,69.3433333333333,33.3983333333333,3.53166666666666,97.065,7.06333333333333,997.901666666667
2016,360,13,65.2856666666667,0.4,39.455,20.1483333333333,3.86,97.3216666666667,6.48833333333333,996.893333333333,65.2856666666667,0.4,39.455,20.1483333333333,3.86,97.3216666666667,6.48833333333333,996.893333333333
2016,360,14,69.8388333333333,0.411666666666666,28.6833333333333,14.495,4.10833333333333,97.5550000000001,5.32333333333333,996.355,69.8388333333333,0.411666666666666,28.6833333333333,14.495,4.10833333333333,97.5550000000001,5.32333333333333,996.355
2016,360,15,76.6646666666667,0.4,23.52,11.2933333333333,4.24666666666667,97.8950000000001,7.19166666666667,995.535000000001,76.6646666666667,0.4,23.52,11.2933333333333,4.24666666666667,97.8950000000001,7.19166666666667,995.535000000001
2016,360,16,85.0886666666667,0.4,7.73,3.50166666666667,4.45,98.175,7.90833333333333,995.15,85.0886666666667,0.4,7.73,3.50166666666667,4.45,98.175,7.90833333333333,995.15
2016,360,17,95.0328333333333,0.381666666666666,-0.0116666666666668,0.0383333333333333,4.83666666666667,98.22,7.95666666666667,995.011666666667,95.0328333333333,0.381666666666666,-0.0116666666666668,0.0383333333333333,4.83666666666667,98.22,7.95666666666667,995.011666666667
2016,360,18,105.709,0.375,-0.393333333333333,-0.07,5.04666666666667,98.3833333333333,8.34166666666667,994.56,105.709,0.375,-0.393333333333333,-0.07,5.04666666666667,98.3833333333333,8.34166666666667,994.56
2016,360,19,116.860833333333,0.288333333333333,-0.4,-0.0266666666666667,5.155,98.6166666666667,7.44666666666667,994.23,116.860833333333,0.288333333333333,-0.4,-0.0266666666666667,5.155,98.6166666666667,7.44666666666667,994.23
2016,360,20,128.279333333333,0.378333333333333,-0.4,-0.0283333333333333,5.80166666666667,98.5333333333333,7.42333333333333,993.91,128.279333333333,0.378333333333333,-0.4,-0.0283333333333333,5.80166666666667,98.5333333333333,7.42333333333333,993.91
2016,360,21,139.670833333333,0.105,-0.4,-0.0166666666666667,6.11166666666666,98.5133333333333,6.88333333333333,993.381666666667,139.670833333333,0.105,-0.4,-0.0166666666666667,6.11166666666666,98.5133333333333,6.88333333333333,993.381666666667
2016,360,22,150.512,0.0183333333333333,-0.363333333333333,-0.00333333333333333,6.97,98.3133333333334,7.755,992.371666666667,150.512,0.0183333333333333,-0.363333333333333,-0.00333333333333333,6.97,98.3133333333334,7.755,992.371666666667
2016,360,23,159.429833333333,-0.516666666666666,-0.075,-0.193333333333333,9.33166666666667,98.29,8.1,991.578333333333,159.429833333333,-0.516666666666666,-0.075,-0.193333333333333,9.33166666666667,98.29,8.1,991.578333333333
2016,361,0,162.874666666667,-0.138333333333333,-0.343333333333333,-0.5,11.3783333333333,98.085,11.93,989.873333333334,162.874666666667,-0.138333333333333,-0.343333333333333,-0.5,11.3783333333333,98.085,11.93,989.873333333334
2016,361,1,158.226166666667,0.03,-0.39,-0.273333333333333,11.92,97.7416666666667,9.75166666666667,989.276666666667,158.226166666667,0.03,-0.39,-0.273333333333333,11.92,97.7416666666667,9.75166666666667,989.276666666667
2016,361,2,148.823666666667,-0.163333333333333,-0.253333333333333,0,13.2583333333333,95.9066666666667,10.42,988.989999999999,148.823666666667,-0.163333333333333,-0.253333333333333,0,13.2583333333333,95.9066666666667,10.42,988.989999999999
2016,361,3,137.834833333333,-0.14,-0.246666666666667,0,14.2983333333333,91.5616666666667,10.1483333333333,988.705,137.834833333333,-0.14,-0.246666666666667,0,14.2983333333333,91.5616666666667,10.1483333333333,988.705
2016,361,4,126.412,0.793333333333333,-0.486666666666667,0,13.9266666666667,90.7816666666667,10.4433333333333,989.101666666667,126.412,0.793333333333333,-0.486666666666667,0,13.9266666666667,90.7816666666667,10.4433333333333,989.101666666667
2016,361,5,115.016166666667,0.531666666666666,-0.298333333333334,0,10.36,91.7516666666667,6.055,990.645,115.016166666667,0.531666666666666,-0.298333333333334,0,10.36,91.7516666666667,6.055,990.645
2016,361,6,103.930666666667,0.331666666666667,-0.18,0,9.57500000000001,92.575,3.64,990.76,103.930666666667,0.331666666666667,-0.18,0,9.57500000000001,92.575,3.64,990.76
2016,361,7,93.3036666666667,0.025,0.34,0.216666666666667,9.42166666666667,95.465,5.46666666666667,990.633333333333,93.3036666666667,0.025,0.34,0.216666666666667,9.42166666666667,95.465,5.46666666666667,990.633333333333
2016,361,8,83.6405,0.106666666666667,13.135,6.11166666666667,9.46333333333333,93.32,6.63333333333334,990.426666666667,83.6405,0.106666666666667,13.135,6.11166666666667,9.46333333333333,93.32,6.63333333333334,990.426666666667
2016,361,9,75.4035,0.343333333333333,38.295,17.4566666666667,9.21166666666667,89.175,7.715,990.343333333334,75.4035,0.343333333333333,38.295,17.4566666666667,9.21166666666667,89.175,7.715,990.343333333334
2016,361,10,68.9013333333333,0.141666666666667,101.006666666667,44.3816666666667,9.49833333333333,88.4533333333333,6.84,990.725,68.9013333333333,0.141666666666667,101.006666666667,44.3816666666667,9.49833333333333,88.4533333333333,6.84,990.725
2016,361,11,64.765,0.305,85.6383333333333,39.1866666666667,10.0583333333333,84.86,7.77166666666667,990.261666666667,64.765,0.305,85.6383333333333,39.1866666666667,10.0583333333333,84.86,7.77166666666667,990.261666666667
2016,361,12,63.482,0.36,93.8433333333333,42.8166666666667,10.6233333333333,83.1333333333333,7.09166666666667,989.775,63.482,0.36,93.8433333333333,42.8166666666667,10.6233333333333,83.1333333333333,7.09166666666667,989.775
2016,361,13,65.2223333333333,0.1,72.915,33.8716666666667,10.475,85.3266666666667,6.705,989.193333333333,65.2223333333333,0.1,72.915,33.8716666666667,10.475,85.3266666666667,6.705,989.193333333333
2016,361,14,69.7558333333333,0.743333333333333,91.7933333333333,39.9733333333333,10.2966666666667,87.655,6.485,989.035,69.7558333333333,0.743333333333333,91.7933333333333,39.9733333333333,10.2966666666667,87.655,6.485,989.035
2016,361,15,76.57,21.6616666666667,73.0416666666667,32.53,10.295,87.125,7.23333333333333,989.363333333333,76.57,21.6616666666667,73.0416666666667,32.53,10.295,87.125,7.23333333333333,989.363333333333
2016,361,16,84.9893333333333,17.2933333333333,19.5083333333333,8.77058823529411,9.99833333333333,88.9316666666667,5.96,990.218333333333,84.9893333333333,17.2933333333333,19.5083333333333,8.77058823529411,9.99833333333333,88.9316666666667,5.96,990.218333333333
2016,361,17,94.9246666666667,1.18666666666667,0.889999999999999,0.591666666666667,9.13666666666667,68.9233333333333,6.81333333333333,990.720000000001,94.9246666666667,1.18666666666667,0.889999999999999,0.591666666666667,9.13666666666667,68.9233333333333,6.81333333333333,990.720000000001
2016,361,18,105.5955,0.0633333333333333,-0.403333333333333,0,7.35,61.2333333333333,6.45166666666667,991.171666666666,105.5955,0.0633333333333333,-0.403333333333333,0,7.35,61.2333333333333,6.45166666666667,991.171666666666
2016,361,19,116.743666666667,0.11,-0.4,0,5.94666666666667,65.345,6.36333333333333,992.178333333332,116.743666666667,0.11,-0.4,0,5.94666666666667,65.345,6.36333333333333,992.178333333332
2016,361,20,128.163166666667,0.216666666666667,-0.4,0,4.75666666666667,67.1016666666666,7.4,993.348333333333,128.163166666667,0.216666666666667,-0.4,0,4.75666666666667,67.1016666666666,7.4,993.348333333333
2016,361,21,139.554166666667,0.398333333333333,-0.4,0,2.91,69.34,7.46333333333333,994.185000000001,139.554166666667,0.398333333333333,-0.4,0,2.91,69.34,7.46333333333333,994.185000000001
2016,361,22,150.4005,0.213333333333333,-0.4,0,1.50333333333333,69.3016666666667,7.95833333333333,994.72,150.4005,0.213333333333333,-0.4,0,1.50333333333333,69.3016666666667,7.95833333333333,994.72
2016,361,23,159.336333333333,0.236666666666667,-0.4,0,0.975,67.06,9.44166666666667,995.111666666665,159.336333333333,0.236666666666667,-0.4,0,0.975,67.06,9.44166666666667,995.111666666665
2016,362,0,162.8395,0.25,-0.4,0,0.433333333333333,68.57,8.535,994.99,162.8395,0.25,-0.4,0,0.433333333333333,68.57,8.535,994.99
2016,362,1,158.255666666667,0.166666666666667,-0.4,0,0.213333333333333,68.9233333333334,7.50333333333333,995.235,158.255666666667,0.166666666666667,-0.4,0,0.213333333333333,68.9233333333334,7.50333333333333,995.235
2016,362,2,148.882166666667,0.293333333333333,-0.4,0,-0.04,71.3083333333333,6.13666666666667,995.956666666666,148.882166666667,0.293333333333333,-0.4,0,-0.04,71.3083333333333,6.13666666666667,995.956666666666
2016,362,3,137.903333333333,0.338333333333333,-0.4,0,-0.515,76.0166666666667,5.27833333333334,996.128333333333,137.903333333333,0.338333333333333,-0.4,0,-0.515,76.0166666666667,5.27833333333334,996.128333333333
2016,362,4,126.482333333333,0.398333333333333,-0.4,0,-0.965,79.6233333333333,5.10833333333333,996.101666666666,126.482333333333,0.398333333333333,-0.4,0,-0.965,79.6233333333333,5.10833333333333,996.101666666666
2016,362,5,115.084333333333,0.291666666666667,-0.4,0,-1.05166666666667,75.1633333333334,6.81,996.38,115.084333333333,0.291666666666667,-0.4,0,-1.05166666666667,75.1633333333334,6.81,996.38
2016,362,6,103.993,0.315,-0.4,0,-1.40833333333333,78.0066666666667,5.73166666666667,996.68,103.993,0.315,-0.4,0,-1.40833333333333,78.0066666666667,5.73166666666667,996.68
2016,362,7,93.3543333333333,31.5833333333333,2.55666666666667,1.56166666666667,-1.73,80.8466666666667,5.06333333333333,996.861666666667,93.3543333333333,31.5833333333333,2.55666666666667,1.56166666666667,-1.73,80.8466666666667,5.06333333333333,996.861666666667
2016,362,8,83.6815,515.787272727273,27.225,36.5884615384615,-1.41833333333333,78.5783333333333,5.56166666666666,996.93,83.6815,515.787272727273,27.225,36.5884615384615,-1.41833333333333,78.5783333333333,5.56166666666666,996.93
2016,362,9,75.4285,775.671666666667,45.7083333333333,93.555,-0.696666666666667,75.1483333333333,6.57666666666667,997.318333333334,75.4285,775.671666666667,45.7083333333333,93.555,-0.696666666666667,75.1483333333333,6.57666666666667,997.318333333334
2016,362,10,68.9043333333333,870.286666666667,56.63,145.355,-0.0533333333333333,70.6266666666667,7.7,997.653333333333,68.9043333333333,870.286666666667,56.63,145.355,-0.0533333333333333,70.6266666666667,7.7,997.653333333333
2016,362,11,64.7435,917.381666666667,61.03,179.083333333333,0.471666666666667,69.2116666666667,8.12166666666666,997.171666666667,64.7435,917.381666666667,61.03,179.083333333333,0.471666666666667,69.2116666666667,8.12166666666666,997.171666666667
2016,362,12,63.4345,928.48,62.7516666666667,189.413333333333,1.33,70.3416666666667,7.51833333333333,996.635,63.4345,928.48,62.7516666666667,189.413333333333,1.33,70.3416666666667,7.51833333333333,996.635
2016,362,13,65.1516666666667,912.275,61.7733333333333,175.86,2.08,67.38,7.98,996.318333333334,65.1516666666667,912.275,61.7733333333333,175.86,2.08,67.38,7.98,996.318333333334
2016,362,14,69.6678333333333,854.646666666667,57.8666666666667,139.508333333333,2.66,64.135,7.50333333333333,996.173333333332,69.6678333333333,854.646666666667,57.8666666666667,139.508333333333,2.66,64.135,7.50333333333333,996.173333333332
2016,362,15,76.4673333333333,724.41,48.5766666666667,85.51,2.97333333333333,62.4283333333333,7.28333333333333,996.405,76.4673333333333,724.41,48.5766666666667,85.51,2.97333333333333,62.4283333333333,7.28333333333333,996.405
2016,362,16,84.8835,414.306666666667,25.555,29.8288888888889,2.59166666666667,65.9583333333333,6.275,996.649999999999,84.8835,414.306666666667,25.555,29.8288888888889,2.59166666666667,65.9583333333333,6.275,996.649999999999
2016,362,17,94.7991666666667,5.37833333333331,1.25833333333333,0.73,1.43833333333333,75.9716666666666,3.18666666666667,996.595,94.7991666666667,5.37833333333331,1.25833333333333,0.73,1.43833333333333,75.9716666666666,3.18666666666667,996.595
2016,362,18,105.477166666667,0.4,-0.4,0,1.15333333333333,76.6316666666667,3.00833333333333,996.305,105.477166666667,0.4,-0.4,0,1.15333333333333,76.6316666666667,3.00833333333333,996.305
2016,362,19,116.623833333333,0.4,-0.4,0,0.505,81.8766666666667,3.15833333333333,996.441666666666,116.623833333333,0.4,-0.4,0,0.505,81.8766666666667,3.15833333333333,996.441666666666
2016,362,20,128.042833333333,0.4,-0.4,0,0.116666666666667,85.0233333333333,2.58666666666667,996.813333333334,128.042833333333,0.4,-0.4,0,0.116666666666667,85.0233333333333,2.58666666666667,996.813333333334
2016,362,21,139.434833333333,0.4,-0.4,0,-0.146666666666667,86.1133333333334,2.25,996.584999999999,139.434833333333,0.4,-0.4,0,-0.146666666666667,86.1133333333334,2.25,996.584999999999
2016,362,22,150.2845,0.4,-0.4,0,-0.513333333333333,88.9283333333333,1.60666666666667,996.573333333333,150.2845,0.4,-0.4,0,-0.513333333333333,88.9283333333333,1.60666666666667,996.573333333333
2016,362,23,159.238,0.4,-0.4,0,-0.91,91.2533333333334,1.54,996.196666666666,159.238,0.4,-0.4,0,-0.91,91.2533333333334,1.54,996.196666666666
2016,363,0,162.796333333333,0.4,-0.4,0,-0.724999999999999,89.0383333333333,2.97,995.911666666667,162.796333333333,0.4,-0.4,0,-0.724999999999999,89.0383333333333,2.97,995.911666666667
2016,363,1,158.278333333333,0.4,-0.4,0,-1.00166666666667,87.2083333333333,3.08333333333333,995.791666666667,158.278333333333,0.4,-0.4,0,-1.00166666666667,87.2083333333333,3.08333333333333,995.791666666667
2016,363,2,148.935833333333,0.4,-0.4,0,-0.975000000000001,84.645,2.60833333333333,996.046666666666,148.935833333333,0.4,-0.4,0,-0.975000000000001,84.645,2.60833333333333,996.046666666666
2016,363,3,137.9665,0.4,-0.4,0,-1.06333333333333,84.2616666666666,2.84833333333333,995.691666666666,137.9665,0.4,-0.4,0,-1.06333333333333,84.2616666666666,2.84833333333333,995.691666666666
2016,363,4,126.547833333333,0.4,-0.4,0,-1.63833333333333,86.625,3.33166666666667,995.183333333333,126.547833333333,0.4,-0.4,0,-1.63833333333333,86.625,3.33166666666667,995.183333333333
2016,363,5,115.146666666667,0.268333333333333,-0.4,0,-2.06333333333333,88.515,4.27833333333333,994.315,115.146666666667,0.268333333333333,-0.4,0,-2.06333333333333,88.515,4.27833333333333,994.315
2016,363,6,104.049166666667,0.161666666666667,-0.4,0,-1.89833333333333,87.4933333333334,4.75,993.658333333332,104.049166666667,0.161666666666667,-0.4,0,-1.89833333333333,87.4933333333334,4.75,993.658333333332
2016,363,7,93.4,16.05,3.02166666666667,1.495,-1.865,86.8433333333333,4.20166666666667,993.525000000001,93.4,16.05,3.02166666666667,1.495,-1.865,86.8433333333333,4.20166666666667,993.525000000001
2016,363,8,83.7146666666667,394.794545454545,45.4833333333333,39.0583333333333,-1.28666666666667,85.9616666666667,4.55166666666667,993.003333333334,83.7146666666667,394.794545454545,45.4833333333333,39.0583333333333,-1.28666666666667,85.9616666666667,4.55166666666667,993.003333333334
2016,363,9,75.446,545.15,91.9583333333333,90.2266666666667,0.453333333333333,81.5166666666667,5.6,992.478333333334,75.446,545.15,91.9583333333333,90.2266666666667,0.453333333333333,81.5166666666667,5.6,992.478333333334
2016,363,10,68.9015,734.351666666667,81.0783333333334,136.213333333333,2.04,74.025,7.39833333333333,991.623333333333,68.9015,734.351666666667,81.0783333333334,136.213333333333,2.04,74.025,7.39833333333333,991.623333333333
2016,363,11,64.715,874.443333333333,73.69,177.048333333333,3.65666666666667,69.675,8.095,990.221666666667,64.715,874.443333333333,73.69,177.048333333333,3.65666666666667,69.675,8.095,990.221666666667
2016,363,12,63.38,793.435,105.246666666667,186.19,4.89833333333333,64.82,9.43833333333333,988.416666666666,63.38,793.435,105.246666666667,186.19,4.89833333333333,64.82,9.43833333333333,988.416666666666
2016,363,13,65.0748333333333,337.365,213.688333333333,147.44,5.46833333333333,66.6266666666667,9.06,986.410000000001,65.0748333333333,337.365,213.688333333333,147.44,5.46833333333333,66.6266666666667,9.06,986.410000000001
2016,363,14,69.5723333333333,0.403333333333333,75.74,32.9133333333333,5.045,69.765,8.37666666666667,985.316666666667,69.5723333333333,0.403333333333333,75.74,32.9133333333333,5.045,69.765,8.37666666666667,985.316666666667
2016,363,15,76.3603333333333,0.4,14.4816666666667,7.07,4.72,71.15,5.93,984.736666666667,76.3603333333333,0.4,14.4816666666667,7.07,4.72,71.15,5.93,984.736666666667
2016,363,16,84.773,0.398333333333333,5.755,2.82,4.26166666666667,78.6966666666667,3.535,985.263333333333,84.773,0.398333333333333,5.755,2.82,4.26166666666667,78.6966666666667,3.535,985.263333333333
2016,363,17,94.6691666666667,0.471666666666666,0.0166666666666666,0.0983333333333334,4.01333333333333,81.5866666666667,3.28666666666667,984.893333333334,94.6691666666667,0.471666666666666,0.0166666666666666,0.0983333333333334,4.01333333333333,81.5866666666667,3.28666666666667,984.893333333334
2016,363,18,105.354833333333,0.348333333333333,-0.34,0,3.54833333333333,85.1,3.395,984.711666666666,105.354833333333,0.348333333333333,-0.34,0,3.54833333333333,85.1,3.395,984.711666666666
2016,363,19,116.501666666667,0.393333333333333,-0.393333333333333,0,3.62166666666666,85.1433333333333,4.02833333333333,985.325,116.501666666667,0.393333333333333,-0.393333333333333,0,3.62166666666666,85.1433333333333,4.02833333333333,985.325
2016,363,20,127.918333333333,0.176666666666667,-0.388333333333333,0,3.25166666666667,86.735,4.66,985.161666666667,127.918333333333,0.176666666666667,-0.388333333333333,0,3.25166666666667,86.735,4.66,985.161666666667
2016,363,21,139.311166666667,0.206666666666667,-0.398333333333333,0,3.88833333333333,80.4916666666667,6.455,985.775,139.311166666667,0.206666666666667,-0.398333333333333,0,3.88833333333333,80.4916666666667,6.455,985.775
2016,363,22,150.1625,0.401666666666666,-0.4,0,3.55333333333333,77.3366666666666,5.73666666666667,985.976666666667,150.1625,0.401666666666666,-0.4,0,3.55333333333333,77.3366666666666,5.73666666666667,985.976666666667
2016,363,23,159.132333333333,0.32,-0.4,0,2.46833333333333,79.5583333333334,5.75833333333334,986.37,159.132333333333,0.32,-0.4,0,2.46833333333333,79.5583333333334,5.75833333333334,986.37
2016,364,0,162.745333333333,0.35,-0.4,0,1.95666666666667,80.24,5.91,986.596666666667,162.745333333333,0.35,-0.4,0,1.95666666666667,80.24,5.91,986.596666666667
2016,364,1,158.293333333333,0.266666666666667,-0.4,0,1.62166666666667,79.74,6.07,986.406666666667,158.293333333333,0.266666666666667,-0.4,0,1.62166666666667,79.74,6.07,986.406666666667
2016,364,2,148.982833333333,0.148333333333333,-0.4,0,1.70833333333333,76.5116666666667,6.62166666666667,986.816666666667,148.982833333333,0.148333333333333,-0.4,0,1.70833333333333,76.5116666666667,6.62166666666667,986.816666666667
2016,364,3,138.024833333333,0.201666666666667,-0.4,0,1.57333333333333,75.1983333333334,6.495,986.751666666665,138.024833333333,0.201666666666667,-0.4,0,1.57333333333333,75.1983333333334,6.495,986.751666666665
2016,364,4,126.608,0.148333333333333,-0.4,0,1.12333333333333,76.9966666666667,7.25166666666667,986.704999999999,126.608,0.148333333333333,-0.4,0,1.12333333333333,76.9966666666667,7.25166666666667,986.704999999999
2016,364,5,115.204166666667,0.0683333333333333,-0.4,0,0.768333333333333,78.4033333333333,7.94,986.928333333333,115.204166666667,0.0683333333333333,-0.4,0,0.768333333333333,78.4033333333333,7.94,986.928333333333
2016,364,6,104.100666666667,0.0733333333333333,-0.4,0,0.720000000000001,76.2766666666666,9.43,987.643333333333,104.100666666667,0.0733333333333333,-0.4,0,0.720000000000001,76.2766666666666,9.43,987.643333333333
2016,364,7,93.44,36.6866666666667,2.30833333333333,1.33050847457627,0.246666666666666,78.1733333333333,8.03,988.311666666667,93.44,36.6866666666667,2.30833333333333,1.33050847457627,0.246666666666666,78.1733333333333,8.03,988.311666666667
2016,364,8,83.7431666666667,535.030357142857,25.0883333333333,43.8571428571429,0.275,78.6466666666667,8.78333333333333,988.875,83.7431666666667,535.030357142857,25.0883333333333,43.8571428571429,0.275,78.6466666666667,8.78333333333333,988.875
2016,364,9,75.4573333333333,790.543333333333,42.0116666666667,92.0283333333334,0.885,76.5183333333333,11.0366666666667,989.4,75.4573333333333,790.543333333333,42.0116666666667,92.0283333333334,0.885,76.5183333333333,11.0366666666667,989.4
2016,364,10,68.8896666666667,896.69,49.86,144.535,1.39333333333333,74.0483333333333,12.2933333333333,989.785000000001,68.8896666666667,896.69,49.86,144.535,1.39333333333333,74.0483333333333,12.2933333333333,989.785000000001
2016,364,11,64.6785,923.316666666667,61.5766666666666,178.495,2.09666666666667,72.7316666666666,12.5016666666667,989.846666666667,64.6785,923.316666666667,61.5766666666666,178.495,2.09666666666667,72.7316666666666,12.5016666666667,989.846666666667
2016,364,12,63.3173333333333,874.638333333333,66.0733333333333,180.8,2.75666666666667,66.2933333333333,13.8466666666667,989.744999999999,63.3173333333333,874.638333333333,66.0733333333333,180.8,2.75666666666667,66.2933333333333,13.8466666666667,989.744999999999
2016,364,13,64.989,885.078333333333,74.0433333333334,176.408333333333,3.57666666666667,59.3783333333333,13.8583333333333,989.566666666666,64.989,885.078333333333,74.0433333333334,176.408333333333,3.57666666666667,59.3783333333333,13.8583333333333,989.566666666666
2016,364,14,69.47,630.595,112.053333333333,132.183333333333,4.035,57.1533333333333,14.2383333333333,989.703333333334,69.47,630.595,112.053333333333,132.183333333333,4.035,57.1533333333333,14.2383333333333,989.703333333334
2016,364,15,76.2463333333333,64.5816666666667,58.095,30.1683333333333,3.66833333333334,57.8383333333333,13.915,990.348333333333,76.2463333333333,64.5816666666667,58.095,30.1683333333333,3.66833333333334,57.8383333333333,13.915,990.348333333333
2016,364,16,84.6585,0.568333333333333,15.48,6.51833333333333,3.01166666666667,62.0033333333333,11.0233333333333,991.131666666665,84.6585,0.568333333333333,15.48,6.51833333333333,3.01166666666667,62.0033333333333,11.0233333333333,991.131666666665
2016,364,17,94.549,0.636666666666665,0.345000000000001,0.313333333333333,2.44833333333333,60.9183333333333,11.7566666666667,991.435,94.549,0.636666666666665,0.345000000000001,0.313333333333333,2.44833333333333,60.9183333333333,11.7566666666667,991.435
2016,364,18,105.227833333333,0.215,-0.4,0,1.605,63.8083333333333,11.1683333333333,991.686666666666,105.227833333333,0.215,-0.4,0,1.605,63.8083333333333,11.1683333333333,991.686666666666
2016,364,19,116.373333333333,0.0333333333333333,-0.4,0,1.19333333333333,67.215,9.64666666666667,991.845000000001,116.373333333333,0.0333333333333333,-0.4,0,1.19333333333333,67.215,9.64666666666667,991.845000000001
2016,364,20,127.791,0.0366666666666667,-0.4,0,1.04333333333333,65.0916666666667,10.17,992.039999999999,127.791,0.0366666666666667,-0.4,0,1.04333333333333,65.0916666666667,10.17,992.039999999999
2016,364,21,139.183666666667,0.206666666666667,-0.4,0,1.05,66.2283333333333,9.41166666666667,992.305000000001,139.183666666667,0.206666666666667,-0.4,0,1.05,66.2283333333333,9.41166666666667,992.305000000001
2016,364,22,150.037833333333,0.341666666666667,-0.4,0,1.10666666666667,67.8266666666667,8.73666666666667,992.231666666665,150.037833333333,0.341666666666667,-0.4,0,1.10666666666667,67.8266666666667,8.73666666666667,992.231666666665
2016,364,23,159.02,0.25,-0.4,0,1.575,64.4533333333333,10.175,992.086666666666,159.02,0.25,-0.4,0,1.575,64.4533333333333,10.175,992.086666666666
2016,365,0,162.6855,0.4,-0.4,0,1.27166666666667,65.6133333333333,9.44666666666667,992.008333333333,162.6855,0.4,-0.4,0,1.27166666666667,65.6133333333333,9.44666666666667,992.008333333333
2016,365,1,158.300333333333,0.393333333333333,-0.4,0,0.933333333333333,64.2583333333333,11.175,992.128333333333,158.300333333333,0.393333333333333,-0.4,0,0.933333333333333,64.2583333333333,11.175,992.128333333333
2016,365,2,149.024833333333,0.4,-0.4,0,0.243333333333333,64.6766666666667,10.1366666666667,992.916666666666,149.024833333333,0.4,-0.4,0,0.243333333333333,64.6766666666667,10.1366666666667,992.916666666666
2016,365,3,138.078333333333,0.4,-0.4,0,-0.395,65.46,9.805,993.343333333334,138.078333333333,0.4,-0.4,0,-0.395,65.46,9.805,993.343333333334
2016,365,4,126.663833333333,0.318333333333333,-0.4,0,-1.10833333333333,62.9583333333333,10.2416666666667,993.658333333333,126.663833333333,0.318333333333333,-0.4,0,-1.10833333333333,62.9583333333333,10.2416666666667,993.658333333333
2016,365,5,115.2585,0.251666666666667,-0.4,0,-1.76166666666667,67.97,8.52166666666666,994.220000000001,115.2585,0.251666666666667,-0.4,0,-1.76166666666667,67.97,8.52166666666666,994.220000000001
2016,365,6,104.147166666667,0.345,-0.4,0,-2.50833333333333,74.54,6.405,994.785,104.147166666667,0.345,-0.4,0,-2.50833333333333,74.54,6.405,994.785
2016,365,7,93.4883333333333,36.4566666666667,2.44333333333333,1.21896551724138,-3.18666666666667,81.645,4.91666666666667,994.971666666667,93.4883333333333,36.4566666666667,2.44333333333333,1.21896551724138,-3.18666666666667,81.645,4.91666666666667,994.971666666667
2016,365,8,83.7636666666667,551.241818181818,25.7533333333333,47.3466666666667,-2.94666666666666,79.9383333333333,5.48,995.333333333333,83.7636666666667,551.241818181818,25.7533333333333,47.3466666666667,-2.94666666666666,79.9383333333333,5.48,995.333333333333
2016,365,9,75.4613333333333,801.051666666667,43.5783333333333,92.9666666666667,-2.06666666666667,74.0833333333333,7.10666666666667,995.735,75.4613333333333,801.051666666667,43.5783333333333,92.9666666666667,-2.06666666666667,74.0833333333333,7.10666666666667,995.735
2016,365,10,68.8716666666667,904.368333333333,52.3,145.998333333333,-1.22333333333333,68.3166666666667,6.495,995.606666666667,68.8716666666667,904.368333333333,52.3,145.998333333333,-1.22333333333333,68.3166666666667,6.495,995.606666666667
2016,365,11,64.6353333333333,184.158333333333,274.843333333333,140.968333333333,-0.485,66.2733333333333,5.56166666666667,995.183333333333,64.6353333333333,184.158333333333,274.843333333333,140.968333333333,-0.485,66.2733333333333,5.56166666666667,995.183333333333
2016,365,12,63.2481666666667,666.495,139.905,175.421666666667,0.643333333333333,61.58,6.26833333333333,994.298333333334,63.2481666666667,666.495,139.905,175.421666666667,0.643333333333333,61.58,6.26833333333333,994.298333333334
2016,365,13,64.8961666666667,105.556666666667,226.238333333333,110.71,1.255,59,7.15,993.341666666667,64.8961666666667,105.556666666667,226.238333333333,110.71,1.255,59,7.15,993.341666666667
2016,365,14,69.361,264.461666666667,185.503333333333,109.315,1.72333333333333,55.965,5.75333333333333,992.471666666667,69.361,264.461666666667,185.503333333333,109.315,1.72333333333333,55.965,5.75333333333333,992.471666666667
2016,365,15,76.1275,550.168333333333,93.3433333333333,90.7366666666667,2.14,60.475,6.28666666666667,991.43,76.1275,550.168333333333,93.3433333333333,90.7366666666667,2.14,60.475,6.28666666666667,991.43
2016,365,16,84.5368333333333,283.271666666667,54.805,36.3564102564103,1.865,67.4766666666667,5.42666666666667,990.36,84.5368333333333,283.271666666667,54.805,36.3564102564103,1.865,67.4766666666667,5.42666666666667,990.36
2016,365,17,94.411,10.0083333333333,1.73,0.761666666666666,1.16666666666667,70.87,5.685,988.88,94.411,10.0083333333333,1.73,0.761666666666666,1.16666666666667,70.87,5.685,988.88
2016,365,18,105.097666666667,0.166666666666667,-0.4,0,0.949999999999999,72.6016666666667,7.265,987.946666666668,105.097666666667,0.166666666666667,-0.4,0,0.949999999999999,72.6016666666667,7.265,987.946666666668
2016,365,19,116.242833333333,-0.0566666666666667,-0.4,0,0.926666666666667,70.8466666666667,8.11666666666667,987.106666666667,116.242833333333,-0.0566666666666667,-0.4,0,0.926666666666667,70.8466666666667,8.11666666666667,987.106666666667
2016,365,20,127.659666666667,-0.0366666666666667,-0.4,0,1.01833333333333,69.77,8.51166666666667,985.9,127.659666666667,-0.0366666666666667,-0.4,0,1.01833333333333,69.77,8.51166666666667,985.9
2016,365,21,139.052666666667,-0.185,-0.4,0,1.765,64.965,9.40833333333333,984.733333333334,139.052666666667,-0.185,-0.4,0,1.765,64.965,9.40833333333333,984.733333333334
2016,365,22,149.9085,0.286666666666667,-0.4,0,1.60166666666667,67.9466666666667,9.42833333333333,983.84,149.9085,0.286666666666667,-0.4,0,1.60166666666667,67.9466666666667,9.42833333333333,983.84
2016,365,23,158.902833333333,0.0383333333333333,-0.4,0,1.53833333333333,71.085,9.65,983.001666666666,158.902833333333,0.0383333333333333,-0.4,0,1.53833333333333,71.085,9.65,983.001666666666
2016,366,0,162.6175,-0.116666666666667,-0.4,0,1.95666666666667,69.55,9.26166666666667,982.326666666666,162.6175,-0.116666666666667,-0.4,0,1.95666666666667,69.55,9.26166666666667,982.326666666666
2016,366,1,158.300666666667,0.16,-0.4,0,2.165,68.31,8.84,981.483333333333,158.300666666667,0.16,-0.4,0,2.165,68.31,8.84,981.483333333333
2016,366,2,149.0595,0.265,-0.4,0,1.99166666666667,68.6233333333333,8.08166666666667,980.870000000001,149.0595,0.265,-0.4,0,1.99166666666667,68.6233333333333,8.08166666666667,980.870000000001
2016,366,3,138.126166666667,0.04,-0.4,0,2.18666666666667,66.565,7.54,980.483333333334,138.126166666667,0.04,-0.4,0,2.18666666666667,66.565,7.54,980.483333333334
2016,366,4,126.713833333333,0.14,-0.4,0,2.74833333333333,62.0883333333333,7.505,979.926666666668,126.713833333333,0.14,-0.4,0,2.74833333333333,62.0883333333333,7.505,979.926666666668
2016,366,5,115.3045,0.055,-0.4,0,3.04666666666667,59.48,8.91666666666667,979.601666666667,115.3045,0.055,-0.4,0,3.04666666666667,59.48,8.91666666666667,979.601666666667
2016,366,6,104.188333333333,0.246666666666667,-0.395,0,2.69666666666667,62.0516666666667,7.47666666666666,979.523333333333,104.188333333333,0.246666666666667,-0.395,0,2.69666666666667,62.0516666666667,7.47666666666666,979.523333333333
2016,366,7,93.5175,0.125,1.345,0.711666666666666,3.00333333333334,63.1983333333333,7.965,979.578333333333,93.5175,0.125,1.345,0.711666666666666,3.00333333333334,63.1983333333333,7.965,979.578333333333
2016,366,8,83.78,0.065,21.7116666666667,9.20666666666667,3.74333333333333,60.2466666666667,8.88166666666667,979.771666666668,83.78,0.065,21.7116666666667,9.20666666666667,3.74333333333333,60.2466666666667,8.88166666666667,979.771666666668
2016,366,9,75.4588333333333,0.111666666666667,59.0383333333333,25.2116666666667,4.18833333333333,59.6116666666667,9.075,980.231666666667,75.4588333333333,0.111666666666667,59.0383333333333,25.2116666666667,4.18833333333333,59.6116666666667,9.075,980.231666666667
2016,366,10,68.8465,0.285,79.4883333333333,34.6233333333333,4.49333333333334,61.5233333333333,8.28666666666667,980.871666666666,68.8465,0.285,79.4883333333333,34.6233333333333,4.49333333333334,61.5233333333333,8.28666666666667,980.871666666666
2016,366,11,64.5843333333333,1.71,178.21,74.7666666666667,4.89166666666667,63.7633333333333,8.755,981.119999999999,64.5843333333333,1.71,178.21,74.7666666666667,4.89166666666667,63.7633333333333,8.755,981.119999999999
2016,366,12,63.1706666666667,743.866666666667,89.8483333333333,172.17,6.70833333333333,54.56,8.78833333333333,980.973333333335,63.1706666666667,743.866666666667,89.8483333333333,172.17,6.70833333333333,54.56,8.78833333333333,980.973333333335
2016,366,13,64.7976666666667,858.975,70.2283333333333,174.33,7.68,47.8183333333333,10.54,981.036666666667,64.7976666666667,858.975,70.2283333333333,174.33,7.68,47.8183333333333,10.54,981.036666666667
2016,366,14,69.2456666666667,813.883333333333,63.95,140.513333333333,6.62833333333333,53.4766666666667,9.08666666666667,981.720000000001,69.2456666666667,813.883333333333,63.95,140.513333333333,6.62833333333333,53.4766666666667,9.08666666666667,981.720000000001
2016,366,15,76.0031666666667,714.23,49.8333333333333,88.1066666666667,5.98,54.93,7.705,982.518333333333,76.0031666666667,714.23,49.8333333333333,88.1066666666667,5.98,54.93,7.705,982.518333333333
2016,366,16,84.4116666666667,422.531666666667,26.6483333333333,28.4966666666667,4.74666666666667,60.84,7.435,983.651666666667,84.4116666666667,422.531666666667,26.6483333333333,28.4966666666667,4.74666666666667,60.84,7.435,983.651666666667
2016,366,17,94.2686666666667,11.0133333333333,1.57666666666666,0.988333333333333,2.47166666666667,72.0333333333333,5.87666666666667,984.878333333334,94.2686666666667,11.0133333333333,1.57666666666666,0.988333333333333,2.47166666666667,72.0333333333333,5.87666666666667,984.878333333334
2016,366,18,107.695666666667,0.4,-0.4,0,0.61,80.5833333333333,5.11333333333333,986.536666666667,107.695666666667,0.4,-0.4,0,0.61,80.5833333333333,5.11333333333333,986.536666666667
2016,366,19,116.1075,0.518333333333334,-0.4,0,-0.213333333333333,83.195,3.24666666666667,987.143333333334,116.1075,0.518333333333334,-0.4,0,-0.213333333333333,83.195,3.24666666666667,987.143333333334
2016,366,20,127.525,0.776666666666667,-0.4,0,-0.983333333333333,82.8383333333333,1.88833333333333,987.813333333334,127.525,0.776666666666667,-0.4,0,-0.983333333333333,82.8383333333333,1.88833333333333,987.813333333334
2016,366,21,138.916833333333,0.4,-0.4,0,-1.48,83.67,1.37,988.768333333334,138.916833333333,0.4,-0.4,0,-1.48,83.67,1.37,988.768333333334
2016,366,22,149.772833333333,0.4,-0.4,0,-1.74333333333333,83.6166666666667,1.06,989.315,149.772833333333,0.4,-0.4,0,-1.74333333333333,83.6166666666667,1.06,989.315
2016,366,23,158.7785,0.4,-0.4,0,-1.845,84.4066666666667,1.96166666666667,989.886666666667,158.7785,0.4,-0.4,0,-1.845,84.4066666666667,1.96166666666667,989.886666666667
